date,open,high,low,close,volume
2020-09-01,56.03800000,56.03800000,53.69100000,55.36800000,2686.78800000
2020-09-01,55.60900000,55.60900000,54.21600000,54.65300000,1008.22200000
2020-09-01,54.50500000,57.61000000,53.40600000,53.40700000,1386.08300000
2020-09-01,53.40800000,53.76700000,52.63300000,53.07700000,1464.75900000
2020-09-01,52.92100000,53.56400000,52.50000000,52.94200000,1528.88200000
2020-09-01,52.92000000,53.03400000,51.60500000,51.92600000,1492.52100000
2020-09-01,51.85300000,52.41600000,51.27400000,52.37600000,837.24500000
2020-09-01,52.31700000,55.57000000,52.24200000,55.24900000,1320.76500000
2020-09-01,55.42000000,55.57000000,52.75100000,53.50000000,2465.15800000
2020-09-01,53.25700000,54.30000000,52.83600000,53.82400000,1203.84100000
2020-09-01,53.89500000,54.49500000,53.55700000,53.90700000,411.19300000
2020-09-01,54.00200000,54.71200000,53.42900000,54.69500000,824.93300000
2020-09-01,54.71200000,54.80000000,52.94600000,52.94600000,644.02200000
2020-09-01,52.94600000,53.00000000,51.90000000,52.74500000,1315.05500000
2020-09-01,52.50800000,52.74700000,51.51400000,51.94000000,3159.10600000
2020-09-01,52.01900000,52.64000000,51.77100000,52.50400000,839.67000000
2020-09-01,52.50400000,53.82000000,52.28900000,53.59100000,1277.76100000
2020-09-01,53.59100000,53.75200000,52.40900000,52.89500000,943.05700000
2020-09-01,52.88500000,53.01600000,51.85700000,51.93000000,711.38200000
2020-09-01,52.00000000,52.20900000,50.25000000,51.73900000,1635.04700000
2020-09-01,51.73900000,52.50000000,50.80200000,51.70400000,918.94200000
2020-09-01,51.48900000,51.70500000,50.56800000,50.86500000,727.14800000
2020-09-01,50.86500000,52.53600000,50.64800000,51.14600000,1521.38000000
2020-09-01,51.15700000,53.43900000,50.57000000,51.04000000,2200.61700000
2020-09-02,51.36100000,51.42600000,50.25000000,50.39600000,1596.32600000
2020-09-02,50.29600000,51.25200000,50.29500000,51.04500000,912.14400000
2020-09-02,50.98000000,51.54900000,50.81000000,51.26500000,578.94300000
2020-09-02,51.26500000,51.75400000,51.19700000,51.41300000,572.57900000
2020-09-02,51.40800000,51.65400000,50.34300000,51.16100000,595.56500000
2020-09-02,51.17700000,52.00000000,50.76300000,51.48400000,589.97900000
2020-09-02,51.49100000,51.79100000,50.88100000,51.21300000,387.05000000
2020-09-02,51.04300000,52.98000000,50.76600000,50.89100000,612.07700000
2020-09-02,51.19700000,52.14100000,51.03000000,51.23100000,640.11200000
2020-09-02,51.22700000,52.85300000,51.15200000,52.60400000,630.31500000
2020-09-02,52.22800000,52.51800000,50.80200000,51.06700000,638.07700000
2020-09-02,51.09300000,51.70400000,50.80000000,51.59400000,545.13200000
2020-09-02,51.59800000,51.84400000,51.22400000,51.22400000,225.72100000
2020-09-02,51.18600000,51.42200000,50.90500000,51.01300000,515.16500000
2020-09-02,50.99800000,51.04200000,50.30600000,50.72100000,605.76800000
2020-09-02,50.79100000,51.70400000,50.78000000,51.01000000,474.76800000
2020-09-02,50.88100000,50.95900000,49.99900000,50.80100000,960.76100000
2020-09-02,50.78600000,50.95300000,50.21000000,50.54700000,311.59700000
2020-09-02,50.56000000,50.64700000,49.70900000,50.00000000,531.76800000
2020-09-02,50.00000000,50.59600000,48.49900000,48.61200000,1935.49300000
2020-09-02,48.61200000,49.60200000,48.40200000,48.69600000,1276.65800000
2020-09-02,49.07600000,49.11500000,48.04800000,48.04800000,976.25600000
2020-09-02,48.04800000,48.50600000,45.92300000,46.52200000,1624.91700000
2020-09-02,46.62100000,47.66800000,45.84400000,47.11900000,1391.32600000
2020-09-03,47.22200000,47.24700000,45.82000000,46.91800000,697.79800000
2020-09-03,46.83100000,46.87200000,46.24100000,46.79900000,565.22400000
2020-09-03,46.91400000,47.20200000,46.50100000,46.70200000,672.87800000
2020-09-03,46.68400000,47.53300000,46.26000000,47.41400000,865.85200000
2020-09-03,47.40800000,47.92800000,47.28300000,47.83900000,382.50200000
2020-09-03,47.67400000,48.39400000,46.80600000,47.95100000,1175.11700000
2020-09-03,48.02200000,49.34900000,48.02200000,48.99000000,217.32500000
2020-09-03,49.00100000,49.24100000,48.93100000,48.99800000,114.25800000
2020-09-03,49.02100000,49.06200000,48.77500000,48.83200000,235.61700000
2020-09-03,48.73000000,48.87900000,47.63400000,47.63400000,232.13100000
2020-09-03,47.63500000,47.78200000,47.40900000,47.46900000,212.37300000
2020-09-03,47.52000000,47.56100000,46.86100000,46.98500000,440.97300000
2020-09-03,46.98100000,47.42500000,46.86500000,46.86500000,192.83900000
2020-09-03,46.74400000,46.78000000,45.80000000,45.82100000,358.84700000
2020-09-03,45.82100000,46.00300000,45.03100000,45.31800000,382.92300000
2020-09-03,45.03200000,46.79100000,44.13100000,46.74600000,1505.14400000
2020-09-03,46.75300000,48.95100000,46.43800000,48.57900000,1014.60400000
2020-09-03,48.58400000,48.97900000,47.63000000,47.69900000,573.94500000
2020-09-03,47.60200000,47.69900000,46.08800000,46.08800000,383.30800000
2020-09-03,46.02300000,46.20300000,44.54500000,45.48200000,524.65900000
2020-09-03,45.25000000,45.25000000,41.17200000,43.00900000,2174.75400000
2020-09-03,42.85900000,45.28700000,42.72000000,45.08100000,1501.42100000
2020-09-03,45.01000000,45.32100000,43.63200000,43.67500000,512.21900000
2020-09-03,43.92800000,43.92800000,41.00000000,42.01900000,1116.50500000
2020-09-04,41.90300000,42.62500000,37.77000000,41.15300000,1549.54400000
2020-09-04,41.09200000,42.64100000,40.80800000,41.53000000,978.72900000
2020-09-04,41.63500000,42.98100000,40.88800000,40.88800000,2256.73200000
2020-09-04,41.29000000,42.33400000,40.81400000,41.43200000,2244.38400000
2020-09-04,41.50500000,42.07600000,41.19000000,41.84200000,807.54800000
2020-09-04,41.83600000,42.11600000,40.91300000,41.60200000,934.65000000
2020-09-04,41.61100000,44.50000000,41.09600000,43.05200000,1547.80300000
2020-09-04,42.84600000,43.06300000,39.87100000,40.71100000,1342.12300000
2020-09-04,40.49200000,43.13300000,40.49200000,41.21500000,1383.73500000
2020-09-04,40.96100000,41.54800000,40.54800000,41.24700000,599.18500000
2020-09-04,41.38400000,41.38900000,39.82200000,40.37000000,603.19600000
2020-09-04,40.37000000,40.39600000,36.36800000,39.98300000,980.53700000
2020-09-04,39.99000000,40.40300000,39.84600000,40.13900000,1017.64700000
2020-09-04,40.13800000,40.30000000,39.83400000,40.14300000,341.64400000
2020-09-04,40.15000000,40.37300000,38.52000000,38.95700000,560.38100000
2020-09-04,39.07200000,39.32500000,38.47100000,38.84800000,511.05100000
2020-09-04,38.85500000,40.89600000,38.85400000,40.66300000,873.83600000
2020-09-04,40.73500000,41.82900000,40.69800000,41.82900000,326.71500000
2020-09-04,41.69100000,41.98000000,41.41000000,41.80000000,230.89100000
2020-09-04,41.71100000,41.75500000,40.65900000,41.10600000,425.05100000
2020-09-04,40.91700000,41.22500000,40.48300000,41.18100000,233.93000000
2020-09-04,41.22200000,41.58400000,40.65500000,41.57800000,286.31900000
2020-09-04,41.53300000,41.53300000,38.90100000,39.45500000,855.91100000
2020-09-04,39.21900000,39.78500000,38.62300000,39.63200000,1134.36600000
2020-09-05,39.80200000,40.31200000,39.20000000,40.00800000,175.69200000
2020-09-05,40.00700000,40.46600000,39.80200000,39.88300000,595.03600000
2020-09-05,39.74300000,40.30000000,39.02100000,40.00000000,484.77800000
2020-09-05,40.25400000,40.35400000,39.45500000,40.35400000,642.28100000
2020-09-05,40.32900000,40.58500000,39.76000000,40.43500000,446.12200000
2020-09-05,40.55000000,45.00000000,40.24300000,43.70300000,2266.58100000
2020-09-05,43.69900000,48.86200000,43.05000000,43.35000000,5145.29200000
2020-09-05,43.35000000,43.35000000,42.49000000,42.74500000,118.74800000
2020-09-05,42.68000000,43.12800000,42.57400000,42.87000000,607.29700000
2020-09-05,42.67600000,43.89600000,42.67600000,43.85800000,794.02500000
2020-09-05,43.75900000,44.23300000,43.46100000,43.55900000,345.32400000
2020-09-05,43.31400000,43.62100000,42.64900000,42.71900000,382.21700000
2020-09-05,42.63800000,42.94500000,42.19700000,42.39000000,604.58600000
2020-09-05,42.34600000,42.75600000,41.92300000,42.38800000,893.90100000
2020-09-05,42.38700000,42.44400000,41.22700000,41.78800000,583.89200000
2020-09-05,41.90500000,41.92000000,41.50900000,41.69300000,337.34800000
2020-09-05,41.66300000,41.74000000,40.30100000,40.40300000,450.25000000
2020-09-05,40.30100000,40.40400000,39.95500000,40.07900000,216.61900000
2020-09-05,39.94400000,43.87200000,39.80400000,42.55200000,1257.03200000
2020-09-05,42.27700000,42.27700000,39.98300000,41.22600000,1380.00000000
2020-09-05,41.13300000,44.58800000,37.85000000,38.30600000,1340.59100000
2020-09-05,38.44800000,40.24600000,38.30600000,40.19200000,1380.66700000
2020-09-05,40.26900000,40.26900000,39.84500000,40.18200000,366.55400000
2020-09-05,40.20000000,41.76600000,39.46800000,41.45400000,1002.45500000
2020-09-06,41.45500000,42.99600000,40.74800000,40.96600000,1155.39700000
2020-09-06,40.96600000,41.06200000,38.50100000,39.50500000,1033.54500000
2020-09-06,39.43900000,39.77000000,37.62400000,37.62400000,851.11700000
2020-09-06,38.15100000,38.29900000,35.93600000,36.35600000,1648.28800000
2020-09-06,36.40800000,38.35400000,36.02700000,38.09200000,808.97100000
2020-09-06,38.33800000,38.41900000,37.45200000,38.03700000,528.59300000
2020-09-06,38.19000000,38.27700000,36.70000000,36.84100000,578.89800000
2020-09-06,36.88700000,37.92000000,36.88700000,37.63800000,557.03100000
2020-09-06,37.63800000,38.31600000,37.49000000,38.29500000,320.52800000
2020-09-06,38.29500000,38.67200000,38.22800000,38.30400000,171.57300000
2020-09-06,38.30500000,38.36100000,35.92700000,36.88100000,1112.11700000
2020-09-06,37.04900000,37.04900000,36.08400000,36.13600000,430.88700000
2020-09-06,36.13900000,36.21300000,36.03500000,36.07500000,156.09400000
2020-09-06,36.29000000,36.29000000,35.92800000,36.16100000,405.72100000
2020-09-06,36.13600000,36.13600000,35.00000000,35.32400000,966.32200000
2020-09-06,35.32300000,36.13300000,35.15900000,35.64500000,338.10800000
2020-09-06,35.99000000,37.30500000,35.68200000,37.30500000,1039.83300000
2020-09-06,37.25300000,37.37000000,36.28100000,36.57900000,211.59000000
2020-09-06,36.26100000,36.44100000,36.12800000,36.37300000,347.44600000
2020-09-06,36.42200000,38.92300000,36.11800000,38.44900000,1019.50500000
2020-09-06,38.30100000,38.45600000,38.15600000,38.36100000,559.54000000
2020-09-06,38.32500000,38.32500000,37.24600000,37.51900000,742.47500000
2020-09-06,37.50600000,37.67800000,36.65800000,36.65800000,1473.03800000
2020-09-06,36.61900000,36.73000000,35.42800000,36.25000000,1833.75200000
2020-09-07,36.30700000,40.50000000,36.29300000,38.70000000,2077.98600000
2020-09-07,38.70000000,38.70000000,37.56600000,37.73500000,790.84000000
2020-09-07,37.70800000,38.84300000,36.76600000,38.70500000,1442.28300000
2020-09-07,38.53500000,39.13800000,37.96600000,38.71200000,1834.05400000
2020-09-07,38.61500000,38.83100000,38.49100000,38.49100000,292.85300000
2020-09-07,38.49700000,39.99800000,38.46500000,39.26600000,579.31000000
2020-09-07,39.55100000,39.55100000,37.36000000,37.36000000,816.34200000
2020-09-07,37.44600000,38.35400000,37.44600000,38.25500000,211.79400000
2020-09-07,38.25500000,39.15800000,38.17500000,39.12900000,148.83600000
2020-09-07,39.16400000,39.35300000,38.77800000,39.26800000,407.98600000
2020-09-07,39.32800000,39.43900000,39.10800000,39.19900000,171.83900000
2020-09-07,39.09300000,39.15200000,38.11600000,38.13100000,205.44100000
2020-09-07,38.11700000,38.14300000,37.00300000,38.07200000,544.88400000
2020-09-07,38.02900000,40.00000000,37.31400000,37.31400000,933.26000000
2020-09-07,37.51000000,37.51000000,36.67100000,36.80500000,925.92300000
2020-09-07,36.75800000,36.77200000,36.00000000,36.74500000,767.84000000
2020-09-07,36.50000000,38.13900000,36.50000000,38.13900000,260.81700000
2020-09-07,38.09600000,38.20800000,36.85100000,36.85100000,264.86200000
2020-09-07,37.00000000,37.00000000,36.20000000,36.32200000,741.57900000
2020-09-07,36.32200000,36.36600000,35.42600000,35.42600000,523.26900000
2020-09-07,35.63900000,35.63900000,34.70400000,35.15000000,642.50900000
2020-09-07,34.95300000,37.03800000,34.14700000,36.59800000,829.53300000
2020-09-07,36.59300000,36.60100000,35.26500000,35.53600000,339.11600000
2020-09-07,35.26000000,37.55300000,35.26000000,37.55300000,461.08600000
2020-09-08,37.54500000,37.67800000,36.67700000,36.91700000,486.12600000
2020-09-08,37.13200000,37.23200000,36.91600000,37.13300000,63.65200000
2020-09-08,36.98300000,37.10000000,36.91500000,37.08000000,33.25000000
2020-09-08,37.20200000,37.31300000,36.53200000,36.88500000,41.30800000
2020-09-08,36.87800000,37.17200000,36.51800000,37.12300000,80.46400000
2020-09-08,37.29300000,37.29300000,36.59700000,36.78800000,109.26800000
2020-09-08,37.03000000,37.87300000,37.03000000,37.80000000,510.52200000
2020-09-08,37.70000000,37.92600000,37.39600000,37.39600000,167.74500000
2020-09-08,37.39500000,37.39500000,36.76100000,36.76100000,157.99400000
2020-09-08,36.70800000,37.48800000,36.70800000,37.10800000,246.07600000
2020-09-08,36.89900000,37.16200000,36.57600000,37.01400000,269.70700000
2020-09-08,36.90800000,36.90800000,36.57100000,36.58500000,72.42700000
2020-09-08,36.70800000,36.72900000,36.06000000,36.35800000,215.45400000
2020-09-08,36.29900000,36.43700000,35.60100000,35.60700000,559.73700000
2020-09-08,35.61300000,35.93600000,35.60000000,35.80400000,1028.45500000
2020-09-08,35.95800000,36.44000000,35.71600000,36.44000000,163.42400000
2020-09-08,36.44100000,36.69700000,35.61600000,35.91900000,451.55400000
2020-09-08,35.96800000,35.98500000,35.21300000,35.54300000,337.32500000
2020-09-08,35.52500000,35.63000000,35.30500000,35.51500000,689.98000000
2020-09-08,35.51400000,35.60600000,34.90000000,35.13600000,663.19500000
2020-09-08,35.19600000,35.24900000,34.88200000,34.91300000,95.69600000
2020-09-08,35.04100000,35.32000000,34.70000000,35.16800000,453.33100000
2020-09-08,35.09000000,36.88800000,34.77500000,36.05600000,421.57200000
2020-09-08,36.05400000,36.24900000,35.06100000,35.30400000,289.21300000
2020-09-09,35.40500000,35.46800000,35.19700000,35.43000000,252.35200000
2020-09-09,35.43000000,36.12200000,35.30600000,35.84000000,133.96700000
2020-09-09,36.12200000,36.12200000,34.73800000,35.13800000,455.88000000
2020-09-09,34.97100000,35.20500000,34.60700000,34.60700000,332.79300000
2020-09-09,34.85200000,34.85200000,33.89400000,34.19800000,645.55900000
2020-09-09,34.23300000,34.98800000,34.04400000,34.65600000,325.65000000
2020-09-09,34.75000000,35.82600000,34.33700000,35.82600000,845.49900000
2020-09-09,35.82600000,36.26100000,35.64300000,35.65700000,609.38700000
2020-09-09,35.65000000,35.65000000,35.01000000,35.01000000,108.63800000
2020-09-09,35.06200000,35.09900000,34.86800000,35.00300000,208.26200000
2020-09-09,34.87700000,35.06300000,34.18800000,34.78100000,232.70400000
2020-09-09,34.81400000,35.10200000,34.74300000,35.10200000,95.56500000
2020-09-09,35.10200000,35.19300000,34.83400000,34.88600000,143.91600000
2020-09-09,35.04900000,35.18200000,34.89900000,35.00000000,26.36000000
2020-09-09,35.00000000,35.17000000,34.54700000,34.58600000,174.44100000
2020-09-09,34.91000000,35.26300000,34.76400000,35.22200000,161.43100000
2020-09-09,35.21100000,35.43700000,35.04500000,35.32200000,11.48500000
2020-09-09,35.32200000,35.94400000,35.17700000,35.50000000,148.52100000
2020-09-09,35.63700000,36.10600000,35.49000000,35.81600000,132.28500000
2020-09-09,35.87200000,36.80100000,35.73700000,36.46500000,302.73900000
2020-09-09,36.60000000,36.60100000,35.60300000,35.67300000,355.54300000
2020-09-09,35.80400000,36.02600000,35.65400000,35.73300000,120.86200000
2020-09-09,35.88700000,36.05400000,35.88700000,36.05400000,96.07800000
2020-09-09,36.05400000,36.88500000,36.05400000,36.88500000,188.29700000
2020-09-10,36.85700000,36.96100000,36.31300000,36.64100000,202.90200000
2020-09-10,36.64300000,36.98000000,36.64300000,36.88900000,115.99600000
2020-09-10,36.91100000,36.91100000,36.46100000,36.89700000,139.46800000
2020-09-10,36.66700000,37.58800000,36.66700000,37.50200000,570.58100000
2020-09-10,37.50300000,37.58900000,36.99400000,37.15600000,170.55600000
2020-09-10,37.18000000,37.69800000,37.08400000,37.34000000,146.33200000
2020-09-10,37.34000000,37.40300000,37.10500000,37.10500000,51.97300000
2020-09-10,37.32700000,37.32700000,35.84100000,35.96200000,858.44900000
2020-09-10,35.96100000,36.63300000,35.91600000,36.62900000,448.97500000
2020-09-10,36.62300000,37.03700000,36.37700000,36.81500000,117.70500000
2020-09-10,36.81500000,37.67400000,36.69000000,37.47800000,443.73800000
2020-09-10,37.48900000,37.67700000,35.90000000,36.85000000,592.32700000
2020-09-10,36.89700000,37.17000000,36.47800000,36.99800000,332.35400000
2020-09-10,37.24300000,37.41100000,37.08600000,37.37300000,117.34400000
2020-09-10,37.34800000,37.58800000,37.25600000,37.50200000,104.05800000
2020-09-10,37.40100000,37.41400000,36.82600000,36.82600000,104.87300000
2020-09-10,36.80800000,36.98500000,36.65600000,36.89600000,144.39100000
2020-09-10,36.73300000,36.89900000,36.49100000,36.49100000,31.97200000
2020-09-10,36.72800000,37.39900000,36.70700000,37.14400000,80.46700000
2020-09-10,37.10800000,37.40000000,37.10800000,37.27800000,140.56800000
2020-09-10,37.39900000,38.22400000,37.29000000,37.60200000,548.43700000
2020-09-10,37.52400000,38.36800000,37.33500000,38.35100000,710.15800000
2020-09-10,38.36800000,38.94900000,38.08200000,38.48900000,985.44800000
2020-09-10,38.48900000,40.00000000,38.36100000,38.90600000,553.44200000
2020-09-11,38.92500000,39.01800000,37.79500000,38.21100000,586.97600000
2020-09-11,38.04500000,38.64100000,38.04500000,38.12100000,208.65200000
2020-09-11,38.13100000,38.46500000,36.41200000,36.60400000,2108.97700000
2020-09-11,36.59900000,36.76800000,36.02600000,36.27600000,696.31200000
2020-09-11,36.30500000,36.42800000,36.18600000,36.18600000,212.08600000
2020-09-11,36.30300000,36.35600000,36.13500000,36.32500000,429.99800000
2020-09-11,36.32200000,36.57700000,36.32100000,36.53200000,98.92900000
2020-09-11,36.47200000,36.53500000,36.12500000,36.47400000,290.87400000
2020-09-11,36.53200000,36.89800000,36.51000000,36.89800000,223.05400000
2020-09-11,36.82700000,36.87000000,35.71600000,35.72700000,244.92700000
2020-09-11,35.85200000,35.85400000,35.59500000,35.74900000,257.10100000
2020-09-11,35.68800000,35.74900000,35.24100000,35.28800000,543.68400000
2020-09-11,35.27300000,35.47800000,35.24500000,35.33000000,175.24300000
2020-09-11,35.30800000,35.50000000,34.86000000,35.50000000,383.45000000
2020-09-11,35.50000000,35.90500000,35.50000000,35.88100000,236.86600000
2020-09-11,35.88100000,36.10500000,35.83600000,35.97800000,401.66100000
2020-09-11,35.97300000,35.99300000,35.48800000,35.61000000,179.32900000
2020-09-11,35.57200000,36.33400000,35.57200000,36.25100000,1058.51300000
2020-09-11,36.19800000,36.25800000,36.08800000,36.08800000,84.79500000
2020-09-11,36.14200000,36.30500000,35.88700000,35.93500000,200.85900000
2020-09-11,35.88800000,35.93800000,35.24000000,35.24000000,879.61400000
2020-09-11,35.23000000,36.71900000,35.22900000,35.97200000,1431.81800000
2020-09-11,35.90400000,36.07600000,35.71300000,36.07600000,133.85400000
2020-09-11,36.13700000,36.71500000,36.13700000,36.65400000,304.38900000
2020-09-12,36.65800000,36.87200000,36.09200000,36.09200000,653.53800000
2020-09-12,36.09300000,36.15600000,35.95500000,36.02900000,144.17100000
2020-09-12,36.07500000,36.08700000,35.94100000,36.03600000,40.78900000
2020-09-12,35.94300000,36.50000000,35.70700000,35.73100000,368.22900000
2020-09-12,35.89800000,36.30400000,35.80000000,36.30000000,82.25100000
2020-09-12,36.06600000,36.20800000,35.94600000,35.94600000,153.72000000
2020-09-12,35.99800000,36.46400000,35.98200000,36.37600000,165.90100000
2020-09-12,36.35000000,36.50000000,36.15000000,36.28300000,226.45200000
2020-09-12,36.23500000,39.09800000,36.14500000,38.94100000,5224.17000000
2020-09-12,38.87100000,39.67000000,37.32300000,39.37800000,3759.74500000
2020-09-12,39.37800000,39.42100000,37.42900000,38.06700000,2202.94500000
2020-09-12,38.16200000,38.16200000,37.32500000,37.85200000,607.14100000
2020-09-12,37.89700000,38.85900000,37.86400000,38.15800000,914.50000000
2020-09-12,38.15700000,38.15800000,37.81500000,37.89200000,540.63400000
2020-09-12,37.94600000,37.94600000,37.13600000,37.56700000,615.00600000
2020-09-12,37.56800000,37.56800000,37.12700000,37.23600000,393.12800000
2020-09-12,37.20800000,37.37000000,37.12700000,37.36200000,366.00700000
2020-09-12,37.36200000,37.36200000,36.84400000,36.93200000,434.07200000
2020-09-12,36.93200000,36.97700000,36.65100000,36.72700000,484.65600000
2020-09-12,36.73600000,37.15600000,36.73600000,37.15600000,124.90200000
2020-09-12,37.04100000,37.18300000,37.00000000,37.18300000,84.44100000
2020-09-12,37.10100000,37.32500000,36.78700000,36.79700000,324.86800000
2020-09-12,36.89600000,39.08400000,36.79000000,38.47100000,1410.74400000
2020-09-12,38.38700000,38.55200000,37.78000000,37.96300000,1310.52800000
2020-09-13,37.96300000,37.98700000,37.08300000,37.08300000,742.66600000
2020-09-13,37.11700000,37.94900000,37.08400000,37.35000000,656.36700000
2020-09-13,37.40000000,37.61000000,37.04600000,37.47700000,492.79200000
2020-09-13,37.47700000,37.71100000,37.33000000,37.51100000,289.10500000
2020-09-13,37.51100000,37.78800000,37.47300000,37.54600000,213.51900000
2020-09-13,37.62200000,37.66200000,37.40400000,37.56100000,361.84500000
2020-09-13,37.55300000,37.55300000,37.39100000,37.40900000,230.12800000
2020-09-13,37.40700000,37.76200000,37.39700000,37.76200000,272.83500000
2020-09-13,37.76200000,38.43800000,37.73100000,38.38400000,360.49500000
2020-09-13,38.38400000,38.38400000,37.29000000,37.60000000,597.28200000
2020-09-13,37.57500000,37.67700000,37.52100000,37.67100000,145.59600000
2020-09-13,37.65700000,38.02800000,37.65700000,37.90300000,193.51700000
2020-09-13,37.93200000,38.00700000,37.51600000,37.51600000,86.37400000
2020-09-13,37.51600000,38.26800000,37.34200000,37.74200000,1023.74200000
2020-09-13,37.77600000,38.26600000,37.62200000,37.75000000,654.62900000
2020-09-13,37.77200000,37.85400000,37.51000000,37.63900000,187.53000000
2020-09-13,37.63900000,37.64000000,37.34300000,37.58900000,266.96500000
2020-09-13,37.58000000,37.67700000,37.19800000,37.19800000,326.62500000
2020-09-13,37.21600000,37.32700000,36.99900000,37.19300000,499.82500000
2020-09-13,37.19300000,37.32900000,37.12100000,37.13400000,188.58900000
2020-09-13,37.08300000,37.10400000,36.79900000,36.89000000,264.44800000
2020-09-13,36.80800000,37.12700000,36.40700000,37.03600000,313.02200000
2020-09-13,37.12600000,37.12600000,36.66300000,36.77700000,176.53600000
2020-09-13,36.74100000,36.88100000,36.29700000,36.29700000,227.29200000
2020-09-14,36.22000000,36.22000000,35.12300000,35.16100000,503.29900000
2020-09-14,35.25700000,35.36300000,35.00100000,35.32000000,162.99700000
2020-09-14,35.40100000,35.62900000,35.40100000,35.59800000,127.77400000
2020-09-14,35.49500000,35.84600000,35.47000000,35.84000000,419.15800000
2020-09-14,35.83000000,35.93200000,35.83000000,35.92200000,60.34800000
2020-09-14,36.01400000,36.05200000,35.66300000,35.90000000,108.01800000
2020-09-14,35.97400000,35.98700000,35.60600000,35.66200000,327.47700000
2020-09-14,35.64300000,35.77500000,35.54700000,35.54700000,45.60700000
2020-09-14,35.57300000,35.65300000,35.35700000,35.35700000,321.31600000
2020-09-14,35.37700000,35.42700000,35.28800000,35.40800000,68.93400000
2020-09-14,35.40800000,37.24400000,35.40800000,36.15600000,1333.34000000
2020-09-14,36.21700000,36.28500000,36.13700000,36.26100000,95.87300000
2020-09-14,36.14400000,36.20500000,36.07400000,36.15200000,60.49500000
2020-09-14,36.15200000,36.30900000,36.11900000,36.30200000,72.79600000
2020-09-14,36.29500000,36.31000000,36.22700000,36.29400000,48.18900000
2020-09-14,36.42600000,36.58600000,36.29300000,36.58600000,128.60400000
2020-09-14,36.61500000,37.19900000,36.55000000,36.59900000,869.37900000
2020-09-14,36.40400000,36.40400000,35.30000000,35.43700000,812.93200000
2020-09-14,35.43700000,36.01500000,35.43700000,35.95100000,321.17400000
2020-09-14,36.14600000,36.56300000,36.11400000,36.45100000,209.15700000
2020-09-14,36.49300000,36.51700000,36.15700000,36.44300000,394.85800000
2020-09-14,36.54300000,36.80800000,36.32800000,36.38900000,293.79000000
2020-09-14,36.43200000,36.94700000,36.43200000,36.92500000,448.75100000
2020-09-14,36.93300000,37.22400000,36.87900000,37.14300000,324.07700000
2020-09-15,37.06400000,37.19000000,36.87800000,36.98400000,170.63000000
2020-09-15,36.94600000,36.94600000,35.82400000,35.98000000,646.14500000
2020-09-15,36.01500000,36.18100000,35.50200000,35.76700000,1326.54200000
2020-09-15,35.76700000,36.01600000,35.30100000,35.77200000,715.55600000
2020-09-15,35.75100000,35.75800000,35.30000000,35.40500000,678.08500000
2020-09-15,35.40600000,35.72500000,35.20000000,35.65400000,847.04700000
2020-09-15,35.72500000,35.99600000,35.63500000,35.63500000,262.66800000
2020-09-15,35.61500000,35.61500000,34.98200000,35.25900000,1777.52300000
2020-09-15,35.27100000,35.62600000,35.27100000,35.55200000,287.83000000
2020-09-15,35.55400000,35.55400000,35.27100000,35.45000000,74.00100000
2020-09-15,35.46100000,35.99900000,35.46100000,35.94900000,413.25800000
2020-09-15,35.93300000,35.93300000,35.27100000,35.34700000,292.91200000
2020-09-15,35.33300000,35.34600000,34.90300000,35.04900000,310.86600000
2020-09-15,35.10100000,35.17200000,34.35900000,34.59700000,715.85600000
2020-09-15,34.63400000,36.81800000,34.38100000,36.04100000,8445.01700000
2020-09-15,35.95400000,36.07000000,34.81700000,35.21700000,1061.97400000
2020-09-15,35.32900000,35.35700000,33.85800000,34.11300000,975.40200000
2020-09-15,34.19300000,35.76400000,34.16300000,35.15800000,1111.58800000
2020-09-15,35.12700000,35.30500000,34.73900000,35.30500000,369.20300000
2020-09-15,35.33900000,35.37500000,34.55400000,34.64900000,540.44300000
2020-09-15,34.67000000,35.21500000,34.66800000,34.75000000,550.44300000
2020-09-15,34.84600000,35.15100000,34.46500000,34.46500000,358.48000000
2020-09-15,34.45000000,34.46800000,34.11400000,34.12900000,237.96000000
2020-09-15,34.12000000,34.44700000,33.97000000,34.40000000,124.40600000
2020-09-16,34.30200000,34.71200000,34.00200000,34.07400000,350.85200000
2020-09-16,34.15400000,34.15400000,33.97000000,34.13500000,604.33500000
2020-09-16,34.13500000,34.31300000,34.08100000,34.30100000,243.94500000
2020-09-16,34.30100000,34.31000000,33.98200000,34.01700000,261.16600000
2020-09-16,34.01700000,34.36500000,34.01700000,34.33400000,94.03100000
2020-09-16,34.16100000,34.49200000,33.85500000,34.05200000,254.84400000
2020-09-16,34.66200000,34.66200000,33.90100000,34.30500000,310.55000000
2020-09-16,34.45900000,36.17700000,34.06000000,34.98000000,1247.10500000
2020-09-16,34.82200000,35.72600000,32.96400000,32.97200000,3750.74700000
2020-09-16,32.97300000,35.00000000,32.97300000,33.18200000,1306.17600000
2020-09-16,33.18200000,33.20000000,32.92200000,33.13800000,324.25800000
2020-09-16,33.13800000,33.86800000,33.02400000,33.67800000,357.91400000
2020-09-16,33.61400000,33.87500000,33.53100000,33.54700000,68.56900000
2020-09-16,33.52100000,33.53600000,32.98800000,33.01000000,127.17300000
2020-09-16,33.00900000,33.16900000,33.00000000,33.13100000,79.88500000
2020-09-16,33.25600000,34.07200000,33.14500000,33.98300000,375.59700000
2020-09-16,33.98300000,33.99200000,33.00000000,33.03800000,1747.40300000
2020-09-16,33.16200000,33.17200000,32.87000000,33.04200000,360.95300000
2020-09-16,33.00300000,33.18800000,32.95100000,32.96900000,124.95900000
2020-09-16,33.00000000,33.16800000,32.94200000,33.16800000,342.30900000
2020-09-16,33.24400000,33.30700000,32.83300000,33.19400000,251.26400000
2020-09-16,33.16100000,33.38000000,33.05400000,33.12000000,223.17400000
2020-09-16,33.23100000,33.23100000,33.10800000,33.12300000,52.01400000
2020-09-16,33.13700000,33.45300000,33.09600000,33.45300000,114.66300000
2020-09-17,33.47600000,33.49900000,32.96200000,33.05700000,505.83700000
2020-09-17,33.05000000,33.08200000,32.82700000,33.02300000,473.71400000
2020-09-17,33.13900000,33.18500000,32.78800000,33.08300000,1137.33400000
2020-09-17,33.08200000,33.39200000,32.82700000,32.83900000,716.45000000
2020-09-17,32.78300000,33.36100000,32.77000000,32.89500000,175.41800000
2020-09-17,32.82000000,33.17100000,32.77900000,33.17100000,20.87800000
2020-09-17,33.21400000,33.21400000,32.76700000,32.85100000,122.40200000
2020-09-17,32.81800000,32.83000000,32.16300000,32.21600000,714.28100000
2020-09-17,32.18700000,33.59500000,31.96000000,33.59500000,786.92600000
2020-09-17,33.58700000,34.12800000,33.58700000,33.79300000,466.96100000
2020-09-17,33.79400000,34.64200000,33.17800000,34.62500000,895.87500000
2020-09-17,34.49700000,37.23700000,33.06900000,33.31800000,10875.07000000
2020-09-17,33.30000000,33.34800000,33.03100000,33.09600000,196.02100000
2020-09-17,33.09700000,34.30900000,33.04200000,33.96100000,396.61800000
2020-09-17,34.01000000,37.52800000,33.62900000,33.80200000,561.17700000
2020-09-17,33.79600000,33.83900000,33.23800000,33.34800000,127.00000000
2020-09-17,33.33700000,33.91700000,33.30900000,33.88100000,79.77300000
2020-09-17,33.97700000,34.21600000,33.88200000,33.95900000,137.10600000
2020-09-17,33.93800000,34.05200000,33.73600000,33.88500000,127.78000000
2020-09-17,33.90600000,33.97600000,33.45500000,33.59200000,154.13400000
2020-09-17,33.58900000,33.58900000,32.86800000,32.86800000,867.52900000
2020-09-17,32.86800000,32.90800000,32.60600000,32.66200000,192.99500000
2020-09-17,32.65400000,32.70900000,32.54500000,32.64800000,69.36500000
2020-09-17,32.65500000,32.65500000,32.48200000,32.59100000,500.60800000
2020-09-18,32.55200000,32.63000000,32.22400000,32.22400000,222.32400000
2020-09-18,32.37600000,32.40700000,32.13000000,32.28300000,271.10600000
2020-09-18,32.20200000,32.52400000,32.12400000,32.36800000,862.41700000
2020-09-18,32.21300000,32.23500000,31.86500000,32.05000000,177.97600000
2020-09-18,32.05000000,32.41500000,32.05000000,32.35100000,138.14200000
2020-09-18,32.44500000,32.44500000,31.86600000,31.93900000,478.09500000
2020-09-18,31.97100000,32.07400000,31.94600000,31.96700000,127.11900000
2020-09-18,32.07700000,32.09600000,32.06100000,32.06100000,6.75600000
2020-09-18,32.06100000,32.16800000,31.94800000,31.95100000,84.71700000
2020-09-18,31.86500000,31.95800000,31.83500000,31.95800000,15.32500000
2020-09-18,32.07500000,32.30000000,32.01000000,32.08700000,493.55600000
2020-09-18,32.09600000,32.23200000,31.83800000,31.88600000,755.78200000
2020-09-18,31.88800000,31.91200000,31.28100000,31.39300000,327.85200000
2020-09-18,31.40200000,31.51300000,31.16200000,31.25000000,299.34100000
2020-09-18,31.22600000,31.48100000,30.80500000,31.03900000,966.67700000
2020-09-18,31.03300000,31.19600000,30.79100000,30.94600000,1628.93100000
2020-09-18,30.94600000,30.97200000,30.52200000,30.54300000,698.06100000
2020-09-18,30.68500000,31.26000000,30.64400000,30.95400000,1799.72200000
2020-09-18,30.96900000,31.29300000,30.96900000,31.27400000,755.90500000
2020-09-18,31.35100000,31.49600000,30.97300000,31.09100000,964.90300000
2020-09-18,31.07200000,31.30000000,30.81900000,31.29200000,443.69800000
2020-09-18,31.30200000,31.52300000,30.22300000,30.29900000,936.44200000
2020-09-18,30.33800000,31.12600000,30.33200000,31.00000000,551.54200000
2020-09-18,30.92600000,30.92600000,29.98900000,29.99700000,968.21500000
2020-09-19,30.08100000,30.11800000,29.91400000,30.11700000,1323.70100000
2020-09-19,30.09000000,30.09000000,28.94300000,29.27400000,15584.16300000
2020-09-19,29.26900000,29.31300000,28.94700000,29.07300000,6352.42000000
2020-09-19,29.07600000,29.28500000,29.03000000,29.27700000,559.67400000
2020-09-19,29.21800000,29.30600000,28.93500000,28.99900000,356.66300000
2020-09-19,28.97000000,29.29200000,28.95600000,29.28700000,310.52400000
2020-09-19,29.25300000,29.51800000,28.95900000,28.95900000,648.09300000
2020-09-19,28.97300000,29.38100000,28.81400000,29.38100000,1255.76100000
2020-09-19,29.39300000,29.52300000,29.34100000,29.48000000,263.63800000
2020-09-19,29.53800000,29.56500000,29.50700000,29.53400000,58.08800000
2020-09-19,29.44400000,29.44400000,29.17100000,29.18000000,110.21400000
2020-09-19,29.17100000,29.49600000,29.13400000,29.49600000,320.39500000
2020-09-19,29.53500000,29.62300000,29.48100000,29.58900000,330.39300000
2020-09-19,29.63400000,29.65300000,29.23100000,29.24900000,494.38900000
2020-09-19,29.19800000,29.22900000,28.99100000,29.22900000,238.88400000
2020-09-19,29.29900000,29.35800000,29.12400000,29.12400000,275.39100000
2020-09-19,29.05100000,29.16700000,28.95000000,29.16700000,135.48700000
2020-09-19,29.16100000,29.16100000,28.73300000,28.93900000,394.09500000
2020-09-19,28.91200000,29.30200000,28.74300000,29.21600000,470.12300000
2020-09-19,29.18600000,29.18600000,28.79900000,29.03200000,170.47200000
2020-09-19,29.09600000,29.39800000,28.80900000,29.07700000,336.85500000
2020-09-19,29.07800000,29.33800000,29.07800000,29.33800000,119.11100000
2020-09-19,29.29800000,29.35300000,28.85500000,28.94000000,256.91300000
2020-09-19,28.86500000,29.16500000,28.85100000,29.02600000,542.56200000
2020-09-20,29.02600000,29.08000000,28.80300000,29.03800000,556.25700000
2020-09-20,28.98000000,29.63900000,28.92200000,29.20400000,686.54600000
2020-09-20,29.21900000,29.39400000,28.89200000,29.39400000,318.45800000
2020-09-20,29.33300000,29.33300000,29.01900000,29.11300000,42.11500000
2020-09-20,29.00300000,29.23600000,28.88100000,29.22500000,238.11800000
2020-09-20,29.28000000,29.28100000,28.91900000,29.03400000,235.84000000
2020-09-20,29.03900000,29.10500000,28.95500000,29.05900000,114.79100000
2020-09-20,29.05000000,29.37300000,29.02400000,29.22300000,148.38200000
2020-09-20,29.21600000,29.23500000,28.90700000,29.19300000,110.41400000
2020-09-20,29.14500000,30.66400000,28.89600000,30.13400000,1317.72500000
2020-09-20,30.05500000,30.05500000,29.19000000,29.52800000,736.04500000
2020-09-20,29.48400000,40.00000000,29.48400000,37.45000000,47926.98000000
2020-09-20,37.38000000,38.14600000,33.54600000,34.12200000,17899.79300000
2020-09-20,33.99500000,34.14200000,32.77500000,33.31200000,3761.76600000
2020-09-20,33.25000000,33.31200000,31.84500000,32.00300000,4223.62200000
2020-09-20,32.00300000,33.17300000,31.67000000,33.17300000,4235.23700000
2020-09-20,32.90000000,35.00000000,31.64200000,32.18800000,9874.57600000
2020-09-20,32.05200000,32.05200000,31.25100000,31.62700000,1833.40800000
2020-09-20,31.62700000,32.16900000,31.62700000,32.13900000,580.30500000
2020-09-20,32.06800000,34.14200000,31.46700000,31.46700000,4491.63000000
2020-09-20,31.44300000,31.45400000,30.13400000,31.18700000,2859.92700000
2020-09-20,31.21100000,31.21100000,29.80000000,30.21500000,1892.01600000
2020-09-20,30.19800000,31.19200000,29.73300000,31.06900000,2294.59300000
2020-09-20,31.06900000,33.87700000,30.62900000,32.19900000,14873.37400000
2020-09-21,32.16000000,33.23300000,29.90900000,30.42800000,5720.52800000
2020-09-21,30.33200000,30.35000000,29.60000000,29.96700000,2499.20300000
2020-09-21,29.96700000,32.19400000,29.96700000,30.27500000,11844.38900000
2020-09-21,30.22800000,32.54500000,30.00900000,31.27700000,8724.94300000
2020-09-21,31.28100000,39.50000000,31.18400000,38.30200000,50600.60400000
2020-09-21,38.30200000,38.36300000,32.92200000,33.22400000,19982.03300000
2020-09-21,33.27500000,33.99400000,32.66500000,33.53600000,6768.42900000
2020-09-21,33.53600000,33.53600000,32.22200000,33.26600000,3899.88900000
2020-09-21,33.26500000,33.26500000,31.80500000,32.33600000,3051.00300000
2020-09-21,32.25900000,32.62500000,31.55600000,31.56800000,1609.72500000
2020-09-21,31.64900000,32.15700000,31.22300000,31.33000000,1959.07400000
2020-09-21,31.33000000,32.75900000,30.98700000,32.25100000,4803.54500000
2020-09-21,32.29700000,32.29900000,30.91000000,32.12900000,3262.00600000
2020-09-21,32.15800000,32.22600000,30.83200000,31.50800000,2442.89400000
2020-09-21,31.57600000,31.86800000,31.00500000,31.16000000,1293.78500000
2020-09-21,31.10300000,31.10300000,30.27700000,30.70100000,4574.76800000
2020-09-21,30.65400000,30.76500000,30.00000000,30.20100000,1288.32900000
2020-09-21,30.44100000,30.44100000,29.71000000,29.76700000,813.64400000
2020-09-21,29.79300000,30.30400000,29.78300000,30.24100000,798.47500000
2020-09-21,30.08400000,30.25900000,30.00000000,30.00000000,458.99800000
2020-09-21,29.97600000,33.22700000,29.88000000,33.19000000,3183.18600000
2020-09-21,33.14400000,34.13600000,30.45900000,30.45900000,6783.56200000
2020-09-21,30.49800000,30.54600000,29.71300000,30.02200000,3545.44800000
2020-09-21,30.02900000,30.73400000,29.98800000,30.21500000,523.97100000
2020-09-22,30.18300000,34.00500000,29.97900000,32.17700000,3288.47000000
2020-09-22,32.07500000,32.27700000,31.14800000,31.90000000,2106.36300000
2020-09-22,31.88000000,32.04000000,31.09600000,31.64000000,835.35300000
2020-09-22,31.53700000,33.41000000,31.53700000,32.43800000,2648.02400000
2020-09-22,32.40000000,32.86300000,32.10800000,32.12500000,1321.33600000
2020-09-22,32.12500000,32.53200000,31.80700000,32.06500000,538.21700000
2020-09-22,32.05900000,32.25700000,31.56000000,31.96100000,459.22900000
2020-09-22,31.96200000,32.84600000,31.10300000,31.19600000,1782.12300000
2020-09-22,31.14700000,33.10000000,30.86000000,32.20300000,2493.23500000
2020-09-22,32.22600000,32.83200000,31.53400000,32.48000000,2636.70900000
2020-09-22,32.50200000,32.66000000,31.00000000,31.36300000,1374.03700000
2020-09-22,31.35300000,31.79000000,30.65100000,30.66900000,901.10800000
2020-09-22,30.65100000,30.80000000,30.42800000,30.50000000,924.94600000
2020-09-22,30.53700000,30.66200000,30.37000000,30.53100000,614.29300000
2020-09-22,30.62200000,30.64300000,30.08700000,30.18000000,520.79200000
2020-09-22,30.20300000,30.23900000,29.96900000,30.02300000,482.12500000
2020-09-22,29.98000000,30.13600000,29.93600000,30.09100000,277.55400000
2020-09-22,30.15800000,32.82400000,30.13600000,32.18300000,5293.11800000
2020-09-22,32.38500000,32.51000000,31.07200000,31.52300000,1437.18300000
2020-09-22,31.47600000,31.58700000,30.76300000,31.04000000,453.81200000
2020-09-22,31.02700000,31.49900000,30.53200000,30.81000000,5516.75300000
2020-09-22,30.81000000,31.03400000,30.63000000,30.63000000,272.65100000
2020-09-22,30.63000000,31.40000000,30.47100000,30.57700000,401.33000000
2020-09-22,30.50700000,30.63200000,30.26000000,30.43100000,485.02900000
2020-09-23,30.43200000,32.04600000,30.43100000,30.68800000,647.23100000
2020-09-23,30.71200000,31.05000000,30.68100000,31.02500000,447.98200000
2020-09-23,31.08500000,31.34800000,31.08500000,31.30800000,236.87000000
2020-09-23,31.22300000,31.22300000,30.77900000,31.18600000,185.07800000
2020-09-23,31.10700000,31.39900000,31.10700000,31.10800000,106.30500000
2020-09-23,31.01200000,31.25000000,30.71200000,31.07000000,93.21100000
2020-09-23,30.96600000,31.07400000,30.71300000,30.71300000,241.75700000
2020-09-23,30.71500000,30.71600000,30.56900000,30.70000000,210.83500000
2020-09-23,30.70100000,30.97700000,30.70100000,30.97700000,22.97800000
2020-09-23,31.01800000,31.15300000,30.60000000,30.76200000,416.04200000
2020-09-23,30.76300000,31.01600000,30.67500000,30.96300000,434.92000000
2020-09-23,30.97600000,31.01400000,30.67600000,30.69200000,313.26900000
2020-09-23,30.57400000,30.62400000,29.98800000,30.02800000,1184.11300000
2020-09-23,30.02600000,31.00300000,29.97600000,30.93100000,614.61100000
2020-09-23,30.97400000,30.97500000,29.98000000,30.38400000,583.13800000
2020-09-23,30.33200000,30.33200000,29.90400000,30.04300000,446.17500000
2020-09-23,30.07500000,30.41500000,29.95300000,30.07800000,106.61500000
2020-09-23,30.23300000,30.33100000,30.12400000,30.33100000,227.78100000
2020-09-23,30.22600000,30.30700000,30.22500000,30.22500000,10.29900000
2020-09-23,30.24000000,31.13100000,30.22500000,31.12500000,1245.93100000
2020-09-23,31.04500000,31.10900000,30.67000000,30.67000000,671.35400000
2020-09-23,30.66900000,30.79900000,30.45700000,30.71100000,442.58600000
2020-09-23,30.67400000,30.84000000,30.38000000,30.42100000,306.98200000
2020-09-23,30.38000000,30.41100000,30.31000000,30.31000000,13.63700000
2020-09-24,30.23700000,32.00000000,30.22700000,30.72700000,3867.19200000
2020-09-24,30.72200000,30.85700000,30.44000000,30.44000000,820.17800000
2020-09-24,30.43900000,31.84500000,30.17400000,30.27900000,4276.81500000
2020-09-24,30.27700000,30.72500000,29.20000000,29.45300000,10092.95300000
2020-09-24,29.52800000,30.73300000,28.81000000,29.14400000,3206.18200000
2020-09-24,29.08900000,30.03600000,28.93200000,29.45300000,1154.60800000
2020-09-24,29.45400000,31.65100000,29.28900000,29.28900000,7559.95700000
2020-09-24,29.25800000,30.52000000,29.01600000,29.10100000,1724.69100000
2020-09-24,28.97800000,30.16000000,28.94900000,29.71800000,466.66700000
2020-09-24,29.65400000,29.65400000,29.25800000,29.25800000,58.32600000
2020-09-24,29.07400000,30.28400000,29.07400000,29.53000000,1664.39700000
2020-09-24,29.55700000,29.56500000,29.20000000,29.26600000,845.81400000
2020-09-24,29.24200000,29.47800000,29.17800000,29.21300000,193.69800000
2020-09-24,29.14900000,29.21300000,29.14900000,29.17300000,24.85600000
2020-09-24,29.25800000,29.35500000,29.25800000,29.31300000,46.45000000
2020-09-24,29.35500000,29.75500000,29.31400000,29.75400000,147.15000000
2020-09-24,29.66100000,29.73800000,29.22200000,29.22200000,175.83300000
2020-09-24,29.21300000,29.60200000,29.21300000,29.60200000,219.94200000
2020-09-24,29.66600000,29.83500000,29.61400000,29.80800000,97.45000000
2020-09-24,29.80800000,29.97500000,29.80000000,29.81100000,362.74400000
2020-09-24,29.81100000,30.13000000,29.51100000,30.01300000,277.43400000
2020-09-24,30.01000000,30.01900000,29.70400000,29.70400000,47.76900000
2020-09-24,29.74500000,33.00000000,29.68800000,31.37600000,14088.75900000
2020-09-24,31.39300000,32.38200000,31.25500000,31.92400000,1203.76200000
2020-09-25,31.88100000,32.40400000,31.30700000,31.79600000,1141.17700000
2020-09-25,31.74000000,31.90400000,31.34700000,31.34700000,571.61300000
2020-09-25,31.32700000,31.69700000,30.91400000,30.92800000,1161.80500000
2020-09-25,31.01300000,31.15100000,30.82200000,30.89300000,910.78900000
2020-09-25,30.91900000,31.53400000,30.91900000,31.21500000,737.01000000
2020-09-25,31.40300000,31.68000000,30.92100000,30.92100000,554.58400000
2020-09-25,30.92100000,31.84100000,30.92100000,31.39400000,844.28100000
2020-09-25,31.34300000,31.69700000,31.03400000,31.68800000,418.74000000
2020-09-25,31.60100000,31.62500000,31.13300000,31.23200000,712.76700000
2020-09-25,31.23800000,31.29300000,31.05800000,31.07800000,32.21200000
2020-09-25,31.14300000,31.65800000,30.50500000,30.84900000,1015.90200000
2020-09-25,30.81800000,30.92700000,30.65700000,30.65700000,111.62800000
2020-09-25,30.71900000,30.96500000,30.38600000,30.55700000,536.73700000
2020-09-25,30.63900000,31.12900000,30.14100000,30.69500000,1450.00600000
2020-09-25,30.60100000,30.74000000,30.58600000,30.73900000,99.34700000
2020-09-25,30.76100000,30.76100000,30.42900000,30.42900000,170.79100000
2020-09-25,30.35400000,30.38300000,30.14300000,30.14300000,76.82700000
2020-09-25,30.20000000,30.34700000,30.20000000,30.29100000,113.60400000
2020-09-25,30.40500000,31.16500000,30.40500000,30.78100000,284.30300000
2020-09-25,30.78100000,30.78100000,30.61200000,30.72500000,114.94400000
2020-09-25,30.74300000,30.99800000,30.74300000,30.89100000,242.28800000
2020-09-25,30.97900000,30.97900000,30.51000000,30.55800000,309.17800000
2020-09-25,30.65000000,31.26800000,30.58300000,31.11400000,300.90700000
2020-09-25,31.17900000,31.29200000,31.04100000,31.04100000,191.89600000
2020-09-26,31.04100000,31.38700000,30.99400000,31.38300000,401.65200000
2020-09-26,31.39900000,31.69900000,30.91700000,31.31500000,770.09600000
2020-09-26,31.33900000,31.53900000,31.13100000,31.23700000,148.68400000
2020-09-26,31.20600000,31.98900000,31.20600000,31.76200000,492.30300000
2020-09-26,31.70100000,31.93100000,31.13500000,31.27700000,540.50300000
2020-09-26,31.24700000,31.40300000,31.02800000,31.24700000,139.89600000
2020-09-26,31.49300000,31.50000000,31.01900000,31.10100000,165.39000000
2020-09-26,31.16700000,31.22900000,31.03700000,31.12800000,53.43600000
2020-09-26,31.13400000,31.39500000,30.83200000,30.89000000,147.89200000
2020-09-26,30.85100000,31.39900000,30.84700000,31.35000000,173.95400000
2020-09-26,31.35000000,31.49400000,31.31500000,31.49400000,37.86600000
2020-09-26,31.50100000,31.59600000,30.88300000,31.10200000,756.48000000
2020-09-26,31.00200000,31.13300000,31.00200000,31.13300000,30.46800000
2020-09-26,31.19900000,31.43100000,31.19900000,31.31800000,253.58300000
2020-09-26,31.33100000,32.38400000,31.33100000,32.26600000,751.82100000
2020-09-26,32.23600000,32.23600000,31.17500000,31.23400000,862.88900000
2020-09-26,31.28200000,31.80000000,31.22400000,31.58100000,566.02800000
2020-09-26,31.39100000,31.46700000,31.38800000,31.46700000,3.61600000
2020-09-26,31.48500000,31.65300000,31.37400000,31.64200000,30.95600000
2020-09-26,31.65300000,31.85600000,31.42000000,31.68900000,171.90300000
2020-09-26,31.69200000,31.70100000,31.11500000,31.29700000,520.08500000
2020-09-26,31.27500000,31.28200000,30.95900000,30.95900000,183.85900000
2020-09-26,30.97200000,31.63700000,30.95900000,31.58300000,197.33600000
2020-09-26,31.62900000,31.62900000,31.22100000,31.30100000,128.82100000
2020-09-27,31.13100000,31.27200000,31.10000000,31.27200000,51.87600000
2020-09-27,31.33500000,31.69100000,31.27400000,31.38700000,273.10500000
2020-09-27,31.47000000,31.47000000,31.33200000,31.36800000,34.29200000
2020-09-27,31.37100000,31.37100000,31.28000000,31.30100000,24.10700000
2020-09-27,31.24400000,31.36800000,31.24400000,31.36800000,17.16500000
2020-09-27,31.40400000,31.50000000,31.25300000,31.32500000,176.71700000
2020-09-27,31.27300000,31.37200000,31.24800000,31.37200000,64.60400000
2020-09-27,31.37200000,31.78600000,31.33000000,31.47900000,410.22000000
2020-09-27,31.40600000,31.50700000,30.71800000,31.50700000,544.70500000
2020-09-27,31.48300000,31.48300000,31.26000000,31.26000000,73.71600000
2020-09-27,31.15900000,31.44800000,31.00300000,31.44800000,115.04900000
2020-09-27,31.43200000,31.43200000,31.36300000,31.36600000,47.34000000
2020-09-27,31.38200000,31.38800000,31.16000000,31.38800000,87.68000000
2020-09-27,31.41500000,31.48600000,31.37800000,31.37800000,140.00700000
2020-09-27,31.37800000,31.37800000,30.92100000,31.03600000,140.01300000
2020-09-27,30.98300000,30.99800000,30.91000000,30.99800000,39.67200000
2020-09-27,30.95100000,31.03800000,30.90200000,31.03800000,131.92500000
2020-09-27,30.91400000,31.04000000,30.90700000,30.96800000,47.17300000
2020-09-27,30.97300000,31.06700000,30.97300000,31.06700000,21.12200000
2020-09-27,31.00800000,32.53100000,31.00700000,31.10500000,2247.98900000
2020-09-27,31.10500000,31.23800000,31.02200000,31.02200000,179.03800000
2020-09-27,31.08800000,31.54300000,31.08400000,31.24100000,376.35200000
2020-09-27,31.23900000,31.54800000,31.11900000,31.18600000,288.16500000
2020-09-27,31.19700000,31.30000000,31.01500000,31.20200000,177.61800000
2020-09-28,31.34000000,31.55900000,31.34000000,31.50700000,195.89600000
2020-09-28,31.50900000,31.58500000,31.33600000,31.33600000,266.87100000
2020-09-28,31.29400000,31.33800000,31.23100000,31.33800000,41.69100000
2020-09-28,31.26100000,31.57800000,31.13900000,31.53400000,333.41200000
2020-09-28,31.51700000,31.53500000,31.39100000,31.42100000,73.12800000
2020-09-28,31.42100000,31.45400000,31.28200000,31.32800000,76.05900000
2020-09-28,31.39400000,31.50600000,31.23600000,31.23600000,36.54400000
2020-09-28,31.19200000,32.26400000,31.19200000,31.67500000,1384.28600000
2020-09-28,31.74000000,32.02200000,31.57000000,31.70700000,167.14100000
2020-09-28,31.74300000,31.90100000,31.23500000,31.42900000,715.09800000
2020-09-28,31.38200000,31.53800000,31.04400000,31.30000000,303.57500000
2020-09-28,31.30000000,31.30000000,30.95100000,31.20400000,240.57100000
2020-09-28,31.20000000,31.33400000,31.14100000,31.14100000,31.11300000
2020-09-28,31.09100000,31.43800000,31.09100000,31.22300000,141.08500000
2020-09-28,31.09500000,31.55700000,31.01700000,31.10400000,580.60400000
2020-09-28,31.01300000,31.58400000,31.00100000,31.10100000,640.86400000
2020-09-28,31.12700000,31.91600000,31.04000000,31.07100000,819.73800000
2020-09-28,31.07000000,31.77600000,30.97500000,31.22100000,2424.45200000
2020-09-28,31.22100000,31.68900000,31.05400000,31.29700000,835.12200000
2020-09-28,31.33000000,31.78700000,31.10000000,31.29300000,431.46300000
2020-09-28,31.34500000,31.48300000,31.17400000,31.18200000,419.52500000
2020-09-28,31.14500000,31.86200000,31.12300000,31.28800000,540.41600000
2020-09-28,31.28700000,31.79400000,31.20400000,31.48300000,1079.91200000
2020-09-28,31.50100000,31.84900000,31.30000000,31.30000000,351.43000000
2020-09-29,31.31400000,31.62900000,31.21800000,31.55600000,106.72100000
2020-09-29,31.47700000,31.77200000,31.47700000,31.75600000,58.84400000
2020-09-29,31.64700000,31.80000000,31.62000000,31.76600000,78.60100000
2020-09-29,31.79800000,31.90000000,31.50300000,31.63200000,375.12100000
2020-09-29,31.69400000,31.82700000,31.50300000,31.50300000,276.35700000
2020-09-29,31.44500000,31.44500000,31.19200000,31.21000000,148.13400000
2020-09-29,31.51600000,31.51600000,31.34400000,31.39600000,161.57200000
2020-09-29,31.27800000,31.41500000,30.92500000,31.34600000,194.95200000
2020-09-29,31.28700000,31.54700000,30.79600000,31.02300000,656.81900000
2020-09-29,31.12900000,31.12900000,31.00100000,31.00100000,38.15400000
2020-09-29,31.02100000,31.21500000,31.00000000,31.00300000,67.95900000
2020-09-29,31.01300000,31.31800000,30.77600000,31.27400000,750.93700000
2020-09-29,31.29200000,31.35000000,31.28100000,31.35000000,15.21500000
2020-09-29,31.27500000,31.36300000,31.05900000,31.30700000,110.61500000
2020-09-29,31.26900000,31.46500000,31.26900000,31.46500000,15.52800000
2020-09-29,31.37200000,31.45100000,31.33000000,31.33000000,74.97700000
2020-09-29,31.34600000,31.41300000,31.33900000,31.41300000,42.93800000
2020-09-29,31.42600000,31.51800000,31.28000000,31.32900000,193.88900000
2020-09-29,31.34400000,31.45100000,31.06800000,31.23600000,403.37500000
2020-09-29,31.25300000,31.46100000,31.05800000,31.15300000,151.22600000
2020-09-29,31.13200000,31.41900000,31.13200000,31.30000000,89.86300000
2020-09-29,31.30000000,31.30000000,31.20300000,31.20300000,4.59400000
2020-09-29,31.11400000,31.18500000,31.11000000,31.11000000,147.01900000
2020-09-29,31.12700000,31.39400000,31.12700000,31.16900000,59.40600000
2020-09-30,31.20000000,31.69800000,30.52900000,30.85000000,3139.47200000
2020-09-30,30.82300000,31.24500000,30.10100000,30.20100000,1535.93100000
2020-09-30,30.19900000,30.65900000,30.19900000,30.65900000,632.58900000
2020-09-30,30.65700000,30.65700000,30.22400000,30.46800000,400.58400000
2020-09-30,30.52500000,30.66900000,30.37400000,30.49900000,258.59600000
2020-09-30,30.41100000,30.66700000,30.18900000,30.52400000,149.27200000
2020-09-30,30.66900000,30.70400000,30.37800000,30.50200000,411.95400000
2020-09-30,30.49900000,30.92500000,30.40200000,30.73600000,309.97800000
2020-09-30,30.64600000,31.19800000,30.46100000,31.02900000,1817.76300000
2020-09-30,30.99900000,31.10600000,30.52600000,30.87900000,1039.30600000
2020-09-30,30.86800000,30.88600000,30.79500000,30.85600000,37.66800000
2020-09-30,30.73800000,30.81200000,30.61800000,30.71500000,172.82500000
2020-09-30,30.68000000,31.21500000,30.67500000,31.00500000,812.62500000
2020-09-30,30.93500000,31.27500000,30.50700000,30.86400000,2434.84900000
2020-09-30,30.75500000,31.15400000,30.75200000,30.89900000,707.59700000
2020-09-30,30.86500000,30.94600000,30.80300000,30.94600000,204.23200000
2020-09-30,30.81900000,31.00900000,30.74800000,30.74800000,102.74800000
2020-09-30,30.76900000,31.20000000,30.61900000,31.02700000,538.41600000
2020-09-30,30.93200000,31.21600000,30.68000000,31.12500000,498.52200000
2020-09-30,31.05100000,31.09500000,30.78700000,30.99400000,304.60700000
2020-09-30,30.95500000,30.95500000,30.80000000,30.86700000,29.58400000
2020-09-30,30.72100000,30.72100000,30.62100000,30.69400000,17.96400000
2020-09-30,30.78100000,31.01500000,30.78100000,30.82900000,73.02100000
2020-09-30,30.78700000,30.86000000,30.73500000,30.86000000,36.43600000
2020-10-01,30.84300000,30.84300000,30.68200000,30.68200000,12.28800000
2020-10-01,30.67200000,30.72300000,30.55000000,30.62900000,374.90500000
2020-10-01,30.62100000,31.09500000,30.62100000,30.72600000,113.33100000
2020-10-01,30.73900000,30.83400000,30.59700000,30.60500000,47.41100000
2020-10-01,30.66900000,30.68900000,30.48800000,30.48800000,85.77900000
2020-10-01,30.50200000,30.77400000,30.43500000,30.73600000,73.10900000
2020-10-01,30.72800000,30.86400000,30.64600000,30.78500000,140.83100000
2020-10-01,30.78300000,30.92300000,30.78300000,30.82400000,35.71500000
2020-10-01,30.75900000,30.75900000,30.68000000,30.68400000,29.64600000
2020-10-01,30.85600000,30.97000000,30.85600000,30.97000000,10.61300000
2020-10-01,30.98500000,31.27800000,30.83100000,30.83100000,210.73700000
2020-10-01,30.83800000,30.98400000,30.83800000,30.92500000,38.58200000
2020-10-01,30.83000000,31.04000000,30.79800000,31.04000000,12.00400000
2020-10-01,31.02900000,31.20700000,30.96600000,30.96900000,39.50100000
2020-10-01,30.88800000,30.93800000,30.85900000,30.85900000,53.63500000
2020-10-01,30.85600000,30.95600000,30.63400000,30.85200000,223.56000000
2020-10-01,31.01900000,31.50600000,30.87100000,31.34400000,169.16800000
2020-10-01,31.43200000,31.43300000,31.00000000,31.28300000,293.75900000
2020-10-01,31.23000000,31.23000000,31.01100000,31.08000000,29.57200000
2020-10-01,31.15100000,31.28100000,31.15100000,31.28100000,36.17600000
2020-10-01,31.28200000,31.48700000,30.97500000,31.29100000,99.18200000
2020-10-01,31.23800000,31.26900000,30.85100000,30.85100000,64.78600000
2020-10-01,30.89600000,31.02900000,30.67000000,30.80000000,224.11900000
2020-10-01,30.89700000,31.10100000,30.69300000,30.69300000,171.02400000
2020-10-02,30.63800000,30.63800000,29.54000000,29.90800000,1144.06000000
2020-10-02,29.94000000,30.11200000,29.60900000,29.85200000,455.65000000
2020-10-02,29.82900000,30.88300000,29.69500000,30.48600000,1024.29900000
2020-10-02,30.40000000,31.00000000,29.80800000,30.88200000,1748.32300000
2020-10-02,30.89200000,31.05800000,30.41200000,30.86900000,1532.79400000
2020-10-02,30.91300000,30.97300000,30.91300000,30.93600000,31.08400000
2020-10-02,30.89200000,31.16200000,30.49200000,30.66600000,433.50300000
2020-10-02,30.76300000,30.90700000,30.64800000,30.64800000,73.62300000
2020-10-02,30.52500000,30.94500000,30.27400000,30.68700000,250.42900000
2020-10-02,30.71400000,30.71400000,30.31000000,30.33200000,61.60800000
2020-10-02,30.24300000,30.58100000,30.01500000,30.04500000,239.03300000
2020-10-02,30.08300000,30.45900000,30.02500000,30.20200000,99.90800000
2020-10-02,30.22200000,30.41200000,29.99900000,29.99900000,90.48300000
2020-10-02,29.92300000,29.92300000,29.25800000,29.33200000,395.10300000
2020-10-02,29.24800000,29.77600000,29.00600000,29.53000000,2033.67000000
2020-10-02,29.52600000,29.87900000,29.01800000,29.16900000,2394.13300000
2020-10-02,29.10100000,29.64000000,28.78200000,29.10700000,3163.47300000
2020-10-02,29.01300000,29.47700000,28.78600000,29.06900000,1406.55600000
2020-10-02,28.92000000,29.62400000,28.77900000,29.44000000,841.53600000
2020-10-02,29.38300000,29.38500000,28.74700000,28.78600000,518.18900000
2020-10-02,28.75700000,28.76000000,28.09200000,28.28200000,974.19400000
2020-10-02,28.25900000,28.89600000,28.16900000,28.70000000,277.73600000
2020-10-02,28.70300000,28.73200000,28.57800000,28.60300000,159.02400000
2020-10-02,28.73000000,28.83900000,28.16300000,28.26200000,953.71400000
2020-10-03,28.18600000,28.75900000,28.16400000,28.66200000,528.92400000
2020-10-03,28.78500000,28.84300000,28.51700000,28.59100000,181.53200000
2020-10-03,28.61900000,28.70700000,28.45500000,28.52000000,469.07100000
2020-10-03,28.67500000,28.67500000,28.42000000,28.60000000,49.98600000
2020-10-03,28.63400000,28.69300000,28.51400000,28.51400000,126.23900000
2020-10-03,28.58600000,28.65000000,28.18800000,28.29800000,273.21800000
2020-10-03,28.20900000,28.57600000,28.20900000,28.47100000,47.16600000
2020-10-03,28.58200000,28.68500000,28.50000000,28.61600000,45.97900000
2020-10-03,28.54300000,28.55300000,28.50100000,28.54500000,68.34700000
2020-10-03,28.53500000,28.56400000,28.48200000,28.55100000,15.41100000
2020-10-03,28.57500000,28.58400000,28.53100000,28.54200000,4.13100000
2020-10-03,28.49500000,28.58400000,28.48900000,28.51100000,42.98300000
2020-10-03,28.58400000,28.79600000,28.57600000,28.77700000,176.86900000
2020-10-03,28.73200000,28.78200000,28.73000000,28.73800000,12.54000000
2020-10-03,28.78400000,28.78400000,28.38500000,28.48500000,280.36500000
2020-10-03,28.40300000,28.58500000,28.36600000,28.47400000,45.54000000
2020-10-03,28.44500000,28.66900000,28.41800000,28.47400000,54.85900000
2020-10-03,28.58200000,28.58300000,28.58200000,28.58300000,33.10800000
2020-10-03,28.56300000,28.76300000,28.42900000,28.65700000,603.03300000
2020-10-03,28.62100000,28.78500000,28.61300000,28.75600000,130.46300000
2020-10-03,28.73300000,28.77200000,28.47300000,28.54300000,636.42800000
2020-10-03,28.53200000,28.55500000,28.51600000,28.55200000,107.53300000
2020-10-03,28.55600000,28.65500000,28.51800000,28.59300000,108.06600000
2020-10-03,28.45900000,28.55300000,28.44500000,28.55300000,99.05100000
2020-10-04,28.59600000,28.59800000,28.50200000,28.56300000,15.99800000
2020-10-04,28.55600000,28.58200000,28.50000000,28.50000000,25.53600000
2020-10-04,28.63300000,29.06000000,28.63300000,28.89400000,316.53200000
2020-10-04,28.98600000,28.98600000,28.97200000,28.97900000,24.19100000
2020-10-04,28.93300000,28.93300000,28.78500000,28.78500000,20.50000000
2020-10-04,28.78500000,28.78500000,28.51800000,28.68800000,288.12000000
2020-10-04,28.67800000,28.70000000,28.61800000,28.61800000,19.48600000
2020-10-04,28.55900000,28.55900000,28.44700000,28.53400000,122.10800000
2020-10-04,28.48100000,28.88500000,28.45500000,28.76600000,103.87200000
2020-10-04,28.76100000,28.76100000,28.16900000,28.28500000,287.58600000
2020-10-04,28.27200000,28.31000000,28.17900000,28.26900000,179.10400000
2020-10-04,28.26700000,28.29600000,28.00000000,28.14000000,370.26800000
2020-10-04,28.14000000,28.29000000,28.14000000,28.21200000,135.78400000
2020-10-04,28.13100000,28.21400000,28.10000000,28.13600000,49.01700000
2020-10-04,28.08200000,28.17700000,27.99800000,28.04300000,451.56200000
2020-10-04,28.05900000,28.10100000,28.05900000,28.10100000,12.18800000
2020-10-04,28.07900000,28.09700000,27.97300000,27.97900000,82.32800000
2020-10-04,27.97700000,28.02500000,27.94000000,28.02500000,151.80500000
2020-10-04,27.98300000,28.12200000,27.98300000,28.05200000,494.69300000
2020-10-04,27.98700000,28.01900000,27.94900000,28.01900000,21.23300000
2020-10-04,28.02300000,28.05400000,27.90800000,28.05400000,258.19900000
2020-10-04,28.06700000,28.20000000,27.98800000,28.06700000,172.99100000
2020-10-04,27.99900000,28.05200000,27.99800000,28.05200000,9.82200000
2020-10-04,27.99800000,28.02300000,27.93600000,27.95800000,119.34400000
2020-10-05,27.98800000,28.00900000,27.93900000,27.98500000,198.80100000
2020-10-05,28.05900000,28.17200000,28.05900000,28.11500000,38.46000000
2020-10-05,28.16400000,28.36400000,28.00100000,28.32000000,210.57900000
2020-10-05,28.27900000,28.56600000,28.27900000,28.50400000,210.34300000
2020-10-05,28.50800000,28.78700000,28.47600000,28.74500000,267.83800000
2020-10-05,28.75000000,28.75000000,28.52200000,28.64500000,189.29500000
2020-10-05,28.70100000,28.91100000,28.67100000,28.91100000,102.50900000
2020-10-05,28.77400000,28.99800000,28.77400000,28.95300000,74.17600000
2020-10-05,29.01500000,29.15000000,28.90000000,29.10800000,132.53000000
2020-10-05,29.10900000,29.18200000,28.71300000,29.05100000,287.23700000
2020-10-05,29.03000000,29.24100000,28.96700000,29.06800000,60.02600000
2020-10-05,29.13200000,29.15600000,28.70800000,28.72500000,122.81600000
2020-10-05,28.70800000,28.99400000,28.52600000,28.82700000,415.14400000
2020-10-05,28.81400000,29.00700000,28.70800000,28.70800000,87.19900000
2020-10-05,28.60000000,28.60000000,28.50000000,28.50000000,29.55600000
2020-10-05,28.56800000,28.63700000,28.53500000,28.63700000,77.99600000
2020-10-05,28.63800000,28.93500000,28.50100000,28.50100000,315.95800000
2020-10-05,28.51400000,28.51400000,28.48600000,28.48600000,8.67100000
2020-10-05,28.43500000,28.46500000,28.30700000,28.42300000,262.57300000
2020-10-05,28.51900000,28.97600000,28.50500000,28.97500000,89.07800000
2020-10-05,28.94300000,29.40800000,28.66500000,28.66500000,514.19100000
2020-10-05,28.78000000,28.86500000,28.62900000,28.84200000,100.13600000
2020-10-05,28.73100000,28.95000000,28.49600000,28.61300000,129.44900000
2020-10-05,28.57600000,28.63300000,28.57600000,28.63300000,12.66700000
2020-10-06,28.74200000,28.87100000,28.50300000,28.86200000,167.18700000
2020-10-06,28.95800000,28.95800000,28.65000000,28.65000000,79.90200000
2020-10-06,28.44800000,28.44800000,28.27800000,28.31900000,164.75900000
2020-10-06,28.32000000,28.39400000,28.32000000,28.39400000,1.99800000
2020-10-06,28.41200000,28.41200000,28.41200000,28.41200000,2.10000000
2020-10-06,28.31400000,29.06200000,28.30300000,28.87900000,350.41900000
2020-10-06,28.83500000,28.87300000,28.30300000,28.30300000,211.04200000
2020-10-06,28.30700000,28.79500000,28.30600000,28.79500000,118.10500000
2020-10-06,28.86900000,28.92200000,28.46000000,28.46000000,189.31600000
2020-10-06,28.53900000,28.74700000,28.35300000,28.35400000,103.25600000
2020-10-06,28.55500000,28.64800000,28.37600000,28.37600000,86.60500000
2020-10-06,28.34500000,29.01500000,28.26200000,28.26200000,796.38400000
2020-10-06,28.26700000,28.29900000,28.20100000,28.24900000,55.52800000
2020-10-06,28.26400000,28.26400000,28.13500000,28.14100000,56.55300000
2020-10-06,28.18500000,28.21100000,28.13200000,28.21100000,38.74300000
2020-10-06,28.21900000,28.32000000,28.10300000,28.15700000,160.71500000
2020-10-06,28.14200000,28.66400000,28.00400000,28.61900000,453.93300000
2020-10-06,28.62700000,28.62700000,28.16100000,28.41900000,235.28100000
2020-10-06,28.39500000,28.39500000,28.11800000,28.11800000,18.90500000
2020-10-06,28.02400000,28.46000000,27.94100000,28.12900000,364.53000000
2020-10-06,27.97900000,28.03300000,27.97600000,28.01000000,42.11300000
2020-10-06,27.96000000,27.99600000,27.91900000,27.97900000,135.81900000
2020-10-06,27.98800000,28.01400000,27.98100000,27.98500000,57.62500000
2020-10-06,27.95800000,28.23000000,27.86600000,28.15500000,793.83400000
2020-10-07,28.07500000,28.10000000,27.80100000,28.00600000,121.66400000
2020-10-07,28.02000000,28.02000000,27.97800000,27.97800000,10.41600000
2020-10-07,28.00000000,28.04700000,27.79000000,27.96300000,320.05400000
2020-10-07,27.94200000,27.99800000,27.70200000,27.75000000,255.53200000
2020-10-07,27.75000000,27.99200000,27.35100000,27.35100000,316.34200000
2020-10-07,27.30800000,27.97600000,27.13100000,27.72800000,400.06700000
2020-10-07,27.42400000,27.51900000,26.97300000,27.00800000,356.01800000
2020-10-07,27.06500000,27.06500000,27.06500000,27.06500000,0.85900000
2020-10-07,27.04300000,27.04300000,26.96200000,26.96200000,8.94300000
2020-10-07,26.98500000,27.07800000,26.88400000,26.99500000,358.59300000
2020-10-07,27.05500000,27.05500000,26.97300000,26.97300000,18.25300000
2020-10-07,26.99400000,27.03100000,26.95100000,26.96700000,31.14000000
2020-10-07,26.98900000,27.10200000,26.85300000,26.97800000,368.78800000
2020-10-07,27.12300000,27.46500000,27.12300000,27.30600000,124.27400000
2020-10-07,27.27400000,27.27400000,26.90000000,27.15100000,506.47800000
2020-10-07,27.10100000,27.10800000,26.93100000,26.98900000,140.35900000
2020-10-07,27.04600000,27.04600000,26.91700000,26.96700000,31.88200000
2020-10-07,27.10900000,27.16500000,27.03000000,27.15300000,46.40300000
2020-10-07,27.08600000,27.17600000,26.96400000,27.09900000,308.48600000
2020-10-07,27.06600000,27.14300000,26.94700000,27.08300000,171.31200000
2020-10-07,27.10000000,27.27200000,26.97400000,27.03900000,379.19200000
2020-10-07,27.05600000,27.12900000,27.05600000,27.11400000,30.70300000
2020-10-07,26.99700000,26.99700000,26.98800000,26.98800000,35.00000000
2020-10-07,27.00700000,27.00700000,26.98800000,27.00300000,32.33200000
2020-10-08,27.05000000,27.13000000,27.03300000,27.10500000,61.02000000
2020-10-08,27.06700000,27.28900000,27.05900000,27.06400000,107.51600000
2020-10-08,27.07400000,27.12000000,27.02300000,27.04200000,165.68200000
2020-10-08,27.11600000,27.33500000,27.11600000,27.26800000,138.86800000
2020-10-08,27.26800000,27.74300000,27.26600000,27.50200000,444.35100000
2020-10-08,27.40700000,27.40700000,27.11300000,27.13200000,330.62200000
2020-10-08,27.19000000,27.58700000,27.12800000,27.55200000,781.16400000
2020-10-08,27.54200000,27.58100000,27.35900000,27.35900000,126.02500000
2020-10-08,27.41300000,27.41300000,27.35900000,27.35900000,6.95800000
2020-10-08,27.35900000,27.35900000,26.92400000,27.05800000,241.87700000
2020-10-08,27.03800000,27.04100000,27.00400000,27.00400000,11.30700000
2020-10-08,27.04600000,27.28700000,27.01800000,27.20400000,146.51300000
2020-10-08,27.19500000,27.24400000,27.12600000,27.15800000,20.35600000
2020-10-08,26.99400000,27.07200000,26.98000000,27.05300000,73.69900000
2020-10-08,27.16100000,27.18300000,26.92500000,26.95000000,411.32200000
2020-10-08,26.95700000,26.97400000,26.83700000,26.96700000,158.31500000
2020-10-08,26.98600000,27.01100000,26.93700000,26.93700000,40.67100000
2020-10-08,26.96200000,26.97800000,26.94200000,26.97200000,79.58500000
2020-10-08,26.96900000,27.26600000,26.95100000,27.14700000,125.96000000
2020-10-08,27.19700000,27.19700000,27.00200000,27.00200000,25.55500000
2020-10-08,27.02000000,27.08600000,26.94100000,27.05800000,153.92100000
2020-10-08,27.16900000,27.46600000,27.04700000,27.04700000,504.56900000
2020-10-08,27.07400000,27.73000000,27.05700000,27.73000000,384.67200000
2020-10-08,27.73000000,27.80000000,27.73000000,27.75000000,120.30400000
2020-10-09,27.77700000,27.78100000,27.73000000,27.75000000,60.04000000
2020-10-09,27.74800000,27.76500000,27.70800000,27.70800000,37.15200000
2020-10-09,27.70800000,27.70800000,27.38800000,27.38800000,43.98700000
2020-10-09,27.39600000,27.54900000,27.27000000,27.54900000,375.06500000
2020-10-09,27.54000000,27.54000000,27.09200000,27.49100000,526.38300000
2020-10-09,27.29200000,27.56400000,27.11800000,27.45900000,609.61800000
2020-10-09,27.31300000,27.82000000,27.10600000,27.24100000,1802.39300000
2020-10-09,27.23800000,27.36600000,27.23800000,27.33000000,108.09500000
2020-10-09,27.33000000,28.06000000,27.33000000,27.77700000,3767.60100000
2020-10-09,27.79200000,28.03000000,27.68600000,27.80000000,220.38300000
2020-10-09,27.80400000,27.95900000,27.57000000,27.59800000,203.10700000
2020-10-09,27.65400000,28.05000000,27.57400000,27.67300000,925.33900000
2020-10-09,27.58800000,27.71600000,27.51000000,27.56500000,282.86800000
2020-10-09,27.55400000,27.61300000,27.55400000,27.56800000,11.35600000
2020-10-09,27.58800000,27.58800000,27.40500000,27.41200000,29.98400000
2020-10-09,27.46100000,27.64100000,27.39000000,27.49900000,378.27700000
2020-10-09,27.53600000,27.78500000,27.31000000,27.32600000,845.71000000
2020-10-09,27.32500000,27.75800000,27.32500000,27.64500000,948.49600000
2020-10-09,27.59400000,27.87300000,27.59400000,27.71900000,299.70000000
2020-10-09,27.78600000,28.15300000,27.78600000,28.12900000,1081.62500000
2020-10-09,28.15300000,28.85900000,28.15300000,28.40300000,1203.18600000
2020-10-09,28.37300000,28.37600000,28.08100000,28.28000000,396.33500000
2020-10-09,28.50700000,28.56400000,28.35300000,28.48400000,385.35300000
2020-10-09,28.48400000,28.61900000,28.44900000,28.61900000,191.86100000
2020-10-10,28.68600000,28.80200000,28.44300000,28.69700000,223.61700000
2020-10-10,28.71600000,29.08000000,28.67000000,28.99000000,508.41400000
2020-10-10,29.04900000,29.06400000,28.73900000,28.89900000,417.11300000
2020-10-10,28.98800000,29.32100000,28.98800000,29.11800000,306.24900000
2020-10-10,29.20600000,29.23400000,28.77700000,28.79700000,386.22000000
2020-10-10,28.78600000,29.01400000,28.48800000,28.94500000,560.79700000
2020-10-10,28.83400000,29.19700000,28.63900000,29.19700000,260.41000000
2020-10-10,29.17900000,29.19900000,28.65100000,28.85800000,837.71500000
2020-10-10,28.94600000,29.07300000,28.88700000,29.00300000,169.61400000
2020-10-10,28.94800000,29.03600000,28.83300000,28.97600000,110.25700000
2020-10-10,28.84500000,29.68100000,28.78000000,29.37200000,1430.56500000
2020-10-10,29.49400000,29.49800000,29.20000000,29.20000000,180.66800000
2020-10-10,29.20400000,29.54900000,29.03000000,29.06100000,436.90400000
2020-10-10,29.12000000,29.49700000,29.02400000,29.18400000,228.40400000
2020-10-10,29.24800000,29.25600000,29.10600000,29.10600000,44.97600000
2020-10-10,29.07300000,29.07400000,29.00000000,29.05200000,95.49900000
2020-10-10,29.03600000,29.16800000,29.03600000,29.16800000,120.25200000
2020-10-10,29.09900000,29.13900000,28.99000000,28.99600000,72.28100000
2020-10-10,29.05600000,29.05700000,28.70000000,28.83600000,188.26800000
2020-10-10,28.82600000,28.98000000,28.58700000,28.98000000,467.09200000
2020-10-10,28.98000000,29.00600000,28.73800000,28.85100000,80.14900000
2020-10-10,28.88000000,29.33800000,28.88000000,29.31500000,174.76400000
2020-10-10,29.22200000,29.33600000,29.04500000,29.27500000,109.86300000
2020-10-10,29.28800000,29.39200000,29.28700000,29.30000000,78.54800000
2020-10-11,29.23500000,29.26000000,29.05100000,29.05100000,90.69400000
2020-10-11,29.08800000,29.37000000,29.00000000,29.05000000,91.22900000
2020-10-11,29.09100000,29.25500000,28.91200000,29.23700000,319.13100000
2020-10-11,29.15400000,29.15400000,28.91100000,28.94500000,70.43600000
2020-10-11,28.94700000,29.03900000,28.91700000,29.03900000,37.24300000
2020-10-11,29.02000000,29.26300000,29.00100000,29.00700000,139.88100000
2020-10-11,29.15900000,29.15900000,28.97900000,29.06400000,88.65100000
2020-10-11,29.02300000,29.02300000,28.82000000,28.83900000,160.99100000
2020-10-11,28.89900000,28.92300000,28.82900000,28.87500000,145.17600000
2020-10-11,28.87500000,28.87500000,28.87500000,28.87500000,0.00000000
2020-10-11,28.89100000,28.99000000,28.89100000,28.99000000,2.85400000
2020-10-11,28.97400000,28.97400000,28.50300000,28.54000000,208.45300000
2020-10-11,28.49000000,28.49700000,28.30700000,28.34700000,103.36100000
2020-10-11,28.36700000,28.36900000,28.25600000,28.30800000,75.66200000
2020-10-11,28.30900000,28.32800000,28.23700000,28.23700000,25.10900000
2020-10-11,28.33100000,28.33200000,28.27100000,28.27400000,60.01100000
2020-10-11,28.27000000,28.89000000,28.27000000,28.67500000,384.86500000
2020-10-11,28.76400000,28.76400000,28.67800000,28.67800000,131.61100000
2020-10-11,28.66300000,28.78300000,28.66200000,28.78300000,11.09800000
2020-10-11,28.89000000,28.97000000,28.88100000,28.97000000,13.69400000
2020-10-11,28.79400000,28.90100000,28.66600000,28.86400000,54.45300000
2020-10-11,28.89300000,29.08800000,28.89300000,28.91600000,97.50000000
2020-10-11,28.93900000,29.29900000,28.93900000,29.22200000,135.34800000
2020-10-11,29.11400000,29.11400000,28.77700000,28.79500000,63.78000000
2020-10-12,28.77700000,28.78300000,28.69000000,28.70700000,70.93800000
2020-10-12,28.69600000,29.39000000,28.67700000,29.21500000,422.25100000
2020-10-12,29.22000000,29.67300000,29.17600000,29.43900000,302.50500000
2020-10-12,29.44200000,29.45000000,28.59600000,28.62400000,304.64400000
2020-10-12,28.62900000,29.18200000,28.62900000,29.02900000,169.29500000
2020-10-12,29.00300000,29.02700000,28.57700000,28.66300000,480.42200000
2020-10-12,28.88900000,28.95900000,28.48100000,28.73300000,272.22000000
2020-10-12,28.94000000,29.03900000,28.68000000,28.75200000,64.40000000
2020-10-12,28.89300000,29.18600000,28.77900000,29.07600000,200.56800000
2020-10-12,29.11000000,31.05500000,29.05400000,30.40200000,1540.65300000
2020-10-12,30.40400000,35.99000000,30.26800000,33.24000000,10263.58000000
2020-10-12,33.15900000,33.33600000,32.06800000,32.46000000,2484.61500000
2020-10-12,32.43100000,32.53200000,31.84100000,32.06700000,1694.43700000
2020-10-12,31.96400000,32.03000000,31.35200000,31.38200000,465.39700000
2020-10-12,31.51900000,32.05000000,31.38500000,31.81200000,713.66700000
2020-10-12,31.89600000,32.10400000,31.52100000,31.66400000,1090.10300000
2020-10-12,31.71300000,31.74700000,31.33900000,31.43500000,514.53300000
2020-10-12,31.45000000,31.61500000,31.23700000,31.61500000,391.68000000
2020-10-12,31.55900000,31.55900000,30.58200000,30.89100000,472.83800000
2020-10-12,30.85400000,31.05000000,30.72400000,30.72400000,305.44200000
2020-10-12,30.67600000,30.96000000,30.51600000,30.96000000,400.16500000
2020-10-12,30.98800000,31.81700000,30.78000000,31.67000000,233.54300000
2020-10-12,31.78900000,31.79000000,31.29800000,31.32000000,425.82700000
2020-10-12,31.32000000,32.32700000,31.32000000,31.66100000,4495.17400000
2020-10-13,31.57000000,31.83400000,31.51100000,31.64100000,310.84400000
2020-10-13,31.65400000,31.78700000,31.37000000,31.78700000,311.51900000
2020-10-13,31.78000000,31.79600000,31.38100000,31.41100000,164.99700000
2020-10-13,31.43400000,31.63600000,31.18600000,31.33300000,697.12200000
2020-10-13,31.30900000,31.69500000,31.30900000,31.64200000,447.06000000
2020-10-13,31.58500000,32.23900000,31.52500000,31.91100000,1165.78600000
2020-10-13,32.10500000,32.11500000,31.49600000,31.54000000,299.41500000
2020-10-13,31.58200000,31.63900000,30.90900000,31.20400000,786.09300000
2020-10-13,31.19500000,31.31800000,31.11400000,31.31800000,110.78200000
2020-10-13,31.32400000,31.32500000,30.97700000,31.13500000,151.05300000
2020-10-13,31.17900000,31.32900000,31.17900000,31.31700000,78.73000000
2020-10-13,31.33200000,31.33200000,31.15400000,31.23100000,25.99100000
2020-10-13,31.29400000,31.32300000,31.28500000,31.28500000,35.52400000
2020-10-13,31.25300000,31.25300000,31.18800000,31.18800000,135.41800000
2020-10-13,31.18700000,31.18700000,30.97700000,30.99200000,172.89400000
2020-10-13,30.95500000,31.21300000,30.75600000,31.21300000,548.72500000
2020-10-13,31.21300000,31.35400000,31.06900000,31.06900000,76.25600000
2020-10-13,31.09200000,31.21900000,31.02400000,31.21900000,110.38400000
2020-10-13,31.28900000,31.49400000,31.10900000,31.15700000,148.36700000
2020-10-13,31.16400000,31.32900000,31.12300000,31.28200000,153.67600000
2020-10-13,31.35300000,31.52000000,31.14700000,31.14700000,52.41800000
2020-10-13,31.14300000,31.17700000,30.75600000,30.80200000,78.79700000
2020-10-13,30.79800000,31.57800000,30.72300000,31.57800000,445.65200000
2020-10-13,31.49800000,31.49800000,31.26100000,31.42700000,51.44200000
2020-10-14,31.50700000,31.99900000,31.50500000,31.76800000,354.42300000
2020-10-14,31.83300000,32.50000000,31.60200000,31.60200000,506.04500000
2020-10-14,31.67000000,31.89500000,31.51700000,31.89500000,266.70200000
2020-10-14,31.89500000,31.91600000,31.42400000,31.56100000,173.58200000
2020-10-14,31.52600000,31.76400000,31.52600000,31.66800000,67.54400000
2020-10-14,31.66900000,31.82000000,31.47200000,31.65000000,79.79100000
2020-10-14,31.65000000,31.65000000,31.65000000,31.65000000,0.00000000
2020-10-14,31.65000000,31.65000000,31.65000000,31.65000000,0.00000000
2020-10-14,31.65000000,31.71600000,31.58500000,31.71600000,38.80400000
2020-10-14,31.66600000,31.68800000,31.66300000,31.68800000,5.73700000
2020-10-14,31.63200000,31.64600000,30.62600000,30.83400000,873.03400000
2020-10-14,30.85300000,30.88900000,30.53300000,30.53300000,72.94400000
2020-10-14,30.51000000,30.81600000,30.46800000,30.73000000,122.75700000
2020-10-14,30.70000000,30.83400000,30.66800000,30.75200000,83.54500000
2020-10-14,30.78700000,30.99600000,30.78700000,30.97800000,329.11600000
2020-10-14,30.94000000,30.95000000,30.83200000,30.83200000,76.75600000
2020-10-14,30.91200000,30.91200000,30.60200000,30.65900000,293.71200000
2020-10-14,30.66500000,31.01700000,30.62900000,30.87200000,89.65900000
2020-10-14,30.71100000,30.71100000,29.57600000,29.63000000,1166.75100000
2020-10-14,29.63900000,29.82000000,29.63900000,29.73100000,121.65900000
2020-10-14,29.70900000,29.99900000,29.70900000,29.94500000,166.91400000
2020-10-14,29.94400000,30.34100000,29.81100000,30.28000000,128.68000000
2020-10-14,30.33500000,30.39200000,29.79400000,29.96200000,36.64500000
2020-10-14,29.86700000,29.94300000,29.48000000,29.48000000,81.27600000
2020-10-15,29.52200000,29.68300000,29.52200000,29.52300000,35.17600000
2020-10-15,29.49400000,29.59200000,29.44200000,29.52500000,127.97400000
2020-10-15,29.52500000,29.52500000,29.41300000,29.46800000,51.01900000
2020-10-15,29.47100000,29.73900000,29.47100000,29.67400000,44.80600000
2020-10-15,29.74000000,29.96800000,29.73900000,29.89100000,180.98100000
2020-10-15,29.87500000,30.40700000,29.80900000,30.13000000,753.56100000
2020-10-15,30.18300000,30.27400000,30.15800000,30.21900000,48.34300000
2020-10-15,30.23000000,30.26000000,29.80600000,29.80600000,421.36100000
2020-10-15,29.82800000,29.82800000,29.67500000,29.67500000,124.54800000
2020-10-15,29.64700000,29.76000000,29.62800000,29.76000000,4.68900000
2020-10-15,29.67600000,29.67600000,29.41700000,29.41700000,228.82200000
2020-10-15,29.46500000,29.65700000,29.46500000,29.65700000,47.39000000
2020-10-15,29.66100000,29.66100000,29.58000000,29.58000000,1.68500000
2020-10-15,29.58800000,29.59900000,29.49000000,29.59900000,20.50600000
2020-10-15,29.54900000,29.54900000,29.42300000,29.42400000,11.98300000
2020-10-15,29.51700000,29.59300000,29.51700000,29.57400000,11.58000000
2020-10-15,29.57400000,29.57500000,29.50000000,29.50000000,14.36000000
2020-10-15,29.36800000,29.57500000,29.07600000,29.24200000,2621.01600000
2020-10-15,29.27900000,29.37600000,29.22300000,29.26600000,170.68600000
2020-10-15,29.26600000,29.37300000,29.08200000,29.34000000,1764.73500000
2020-10-15,29.42800000,29.84300000,29.42800000,29.84200000,21.37400000
2020-10-15,29.88800000,29.96100000,29.88400000,29.88400000,63.59500000
2020-10-15,29.89800000,29.91000000,29.70900000,29.74800000,51.25000000
2020-10-15,29.72400000,30.00600000,29.41900000,29.89100000,439.98400000
2020-10-16,29.51300000,30.14700000,29.35800000,29.40800000,977.14000000
2020-10-16,29.38800000,30.29500000,29.38700000,30.29300000,781.33100000
2020-10-16,29.93800000,30.09800000,29.52700000,29.53800000,88.49700000
2020-10-16,29.58300000,30.08000000,29.44500000,29.46500000,839.62000000
2020-10-16,29.46500000,29.68100000,29.45000000,29.47500000,160.97100000
2020-10-16,29.48500000,29.67100000,29.26700000,29.26700000,240.50600000
2020-10-16,29.28700000,29.37200000,29.28700000,29.29600000,19.99100000
2020-10-16,29.58700000,29.58700000,29.35600000,29.35600000,180.35300000
2020-10-16,29.37000000,29.39100000,29.30600000,29.35000000,67.91000000
2020-10-16,29.31300000,29.36900000,29.30000000,29.30000000,42.87500000
2020-10-16,29.30800000,29.61200000,29.30000000,29.58100000,242.14700000
2020-10-16,29.59900000,29.60300000,29.31800000,29.31800000,17.35200000
2020-10-16,29.36200000,29.36200000,27.84000000,28.51000000,1386.78000000
2020-10-16,28.49200000,29.01000000,28.23000000,28.23000000,391.64200000
2020-10-16,28.33200000,29.24000000,28.30500000,28.87700000,584.28400000
2020-10-16,28.66500000,29.26800000,28.66500000,28.78600000,207.01700000
2020-10-16,28.82700000,29.12600000,28.45100000,28.45100000,149.25400000
2020-10-16,28.45700000,29.03100000,28.16800000,28.62200000,706.20300000
2020-10-16,28.62000000,29.05600000,28.62000000,28.68700000,128.96700000
2020-10-16,28.51600000,29.86300000,28.35700000,29.39500000,3601.75500000
2020-10-16,29.39400000,30.20300000,28.67200000,28.71700000,2515.25400000
2020-10-16,28.73000000,29.29800000,28.71400000,29.07700000,1606.25000000
2020-10-16,29.01900000,29.01900000,28.80200000,28.80300000,26.65000000
2020-10-16,28.76800000,28.76800000,28.38200000,28.38300000,492.86800000
2020-10-17,28.38300000,28.61200000,28.34600000,28.35900000,200.64800000
2020-10-17,28.37600000,28.54700000,28.28400000,28.34300000,229.81200000
2020-10-17,28.34400000,28.73000000,28.34400000,28.73000000,56.77700000
2020-10-17,28.66700000,28.78300000,28.43700000,28.68800000,313.44200000
2020-10-17,28.49000000,29.27200000,28.40300000,28.78800000,1078.34500000
2020-10-17,28.80700000,29.08800000,28.58300000,28.58300000,113.73000000
2020-10-17,28.47800000,28.47800000,28.07800000,28.27500000,244.57200000
2020-10-17,28.30600000,28.31100000,28.24600000,28.31100000,43.85900000
2020-10-17,28.14700000,28.15100000,28.03300000,28.06700000,52.25400000
2020-10-17,28.03800000,28.04400000,28.03200000,28.03200000,24.36200000
2020-10-17,28.13100000,28.13200000,28.00000000,28.09900000,37.15000000
2020-10-17,28.00100000,28.00100000,27.76600000,27.84300000,245.26700000
2020-10-17,27.95000000,27.95000000,27.80500000,27.93100000,50.74600000
2020-10-17,27.97900000,28.15200000,27.97900000,28.15200000,47.52500000
2020-10-17,28.19200000,28.22600000,28.15600000,28.22100000,30.71600000
2020-10-17,28.26800000,28.26800000,28.19800000,28.19800000,21.78300000
2020-10-17,28.26000000,28.27700000,28.26000000,28.27700000,23.73400000
2020-10-17,28.27800000,28.29200000,28.27800000,28.29200000,35.34500000
2020-10-17,28.33500000,28.61400000,28.33500000,28.61400000,123.93400000
2020-10-17,28.60200000,28.60200000,28.36000000,28.59900000,25.40700000
2020-10-17,28.55200000,28.55200000,28.55200000,28.55200000,0.75400000
2020-10-17,28.56900000,28.62300000,28.21200000,28.33400000,639.32600000
2020-10-17,28.21200000,28.24000000,28.03800000,28.22100000,59.70300000
2020-10-17,28.23900000,28.53200000,28.23900000,28.43200000,104.82300000
2020-10-18,28.44300000,28.48100000,28.41500000,28.41500000,17.70900000
2020-10-18,28.37100000,28.37100000,28.29400000,28.29400000,3.88100000
2020-10-18,28.21400000,28.21400000,28.20000000,28.20000000,21.35700000
2020-10-18,28.17300000,28.17300000,28.13200000,28.13200000,3.47900000
2020-10-18,28.21000000,28.40200000,28.21000000,28.32600000,19.23100000
2020-10-18,28.36500000,28.42200000,28.36200000,28.41600000,30.00500000
2020-10-18,28.42900000,28.48600000,28.42900000,28.44900000,97.72700000
2020-10-18,28.50600000,28.63600000,28.50600000,28.63600000,3.29900000
2020-10-18,28.59800000,28.67800000,28.59800000,28.67800000,8.14400000
2020-10-18,28.61200000,28.69200000,28.60100000,28.60100000,5.35400000
2020-10-18,28.60000000,28.62400000,28.56400000,28.62400000,21.29900000
2020-10-18,28.62700000,28.62900000,28.62700000,28.62900000,2.82700000
2020-10-18,28.63200000,28.65500000,28.57400000,28.65500000,25.23700000
2020-10-18,28.67700000,28.67700000,28.58100000,28.58100000,2.16100000
2020-10-18,28.67800000,28.67800000,28.38200000,28.64800000,74.40500000
2020-10-18,28.61000000,28.66000000,28.59800000,28.65600000,67.83000000
2020-10-18,28.67400000,28.67800000,28.60000000,28.66900000,101.93900000
2020-10-18,28.60800000,28.60800000,28.60600000,28.60600000,22.61700000
2020-10-18,28.61100000,28.66900000,28.61100000,28.66800000,70.04600000
2020-10-18,28.66800000,28.66800000,28.60400000,28.60400000,10.19600000
2020-10-18,28.58800000,28.58800000,28.54400000,28.57400000,61.66300000
2020-10-18,28.65000000,28.65100000,28.60300000,28.65100000,24.61500000
2020-10-18,28.67800000,28.76900000,28.67800000,28.76900000,93.54700000
2020-10-18,28.77400000,28.90400000,28.77400000,28.90400000,33.73800000
2020-10-19,28.82700000,28.90400000,28.79100000,28.90400000,7.42600000
2020-10-19,28.91500000,29.04600000,28.85600000,29.04600000,44.64800000
2020-10-19,28.99000000,29.04300000,28.94700000,28.98700000,27.81700000
2020-10-19,28.99400000,29.03000000,28.98700000,28.98700000,63.63900000
2020-10-19,28.98700000,29.03500000,28.98700000,29.03500000,149.94500000
2020-10-19,29.01900000,29.01900000,28.82800000,28.93300000,94.15800000
2020-10-19,28.87000000,28.87000000,28.86800000,28.86800000,4.57200000
2020-10-19,28.85100000,29.15800000,28.82900000,29.12800000,206.50700000
2020-10-19,29.13700000,29.13700000,28.58700000,28.58700000,117.20800000
2020-10-19,28.67100000,28.67600000,28.67000000,28.67000000,17.15400000
2020-10-19,28.70600000,28.81400000,28.66200000,28.70100000,107.74900000
2020-10-19,28.61900000,28.67000000,28.61500000,28.61500000,3.44500000
2020-10-19,28.66900000,28.66900000,28.66900000,28.66900000,0.69700000
2020-10-19,28.59700000,28.66900000,28.58300000,28.66800000,18.72000000
2020-10-19,28.69700000,28.69700000,28.69700000,28.69700000,3.52300000
2020-10-19,28.64300000,28.64300000,28.63700000,28.63700000,9.26100000
2020-10-19,28.69500000,28.99600000,28.69500000,28.89700000,99.98600000
2020-10-19,28.89200000,28.90100000,28.79000000,28.90100000,153.67700000
2020-10-19,28.94200000,28.95000000,28.91500000,28.92100000,23.86300000
2020-10-19,28.94400000,29.00000000,28.91800000,28.92200000,668.25500000
2020-10-19,28.91700000,28.99000000,28.90900000,28.99000000,80.32500000
2020-10-19,28.99000000,29.00000000,28.93100000,28.93100000,622.46000000
2020-10-19,28.93900000,28.94900000,28.84400000,28.88500000,38.64700000
2020-10-19,28.93600000,29.00000000,28.93600000,28.99300000,96.34100000
2020-10-20,28.99500000,28.99500000,28.70000000,28.74100000,235.95000000
2020-10-20,28.74100000,28.74100000,28.50000000,28.61800000,267.69300000
2020-10-20,28.69900000,28.70000000,28.58800000,28.65700000,102.54500000
2020-10-20,28.65800000,28.76100000,28.63800000,28.76100000,46.76800000
2020-10-20,28.79000000,28.89900000,28.63100000,28.89900000,81.20500000
2020-10-20,28.94600000,29.46600000,28.83200000,29.28500000,761.89800000
2020-10-20,29.38300000,29.95400000,28.66700000,28.75200000,1037.80300000
2020-10-20,28.73500000,29.06900000,28.50900000,29.06900000,520.90600000
2020-10-20,29.09000000,29.51300000,29.01700000,29.31300000,408.88000000
2020-10-20,29.36300000,29.36300000,28.61600000,28.68700000,211.85500000
2020-10-20,28.64600000,28.65200000,28.64600000,28.64900000,106.85000000
2020-10-20,28.68000000,28.94900000,28.68000000,28.94900000,58.67800000
2020-10-20,28.94900000,29.78300000,28.59800000,28.91100000,1272.76500000
2020-10-20,29.06800000,29.65100000,28.62400000,28.69600000,762.63500000
2020-10-20,28.64600000,28.66800000,28.57900000,28.66100000,94.87400000
2020-10-20,28.57700000,28.62600000,28.55400000,28.62600000,59.26900000
2020-10-20,28.56200000,28.81400000,28.34400000,28.81400000,278.79500000
2020-10-20,28.85400000,29.39500000,28.85400000,29.36900000,292.33400000
2020-10-20,29.30700000,29.30700000,29.08900000,29.08900000,72.48000000
2020-10-20,29.16600000,29.16600000,28.55600000,28.86100000,238.97800000
2020-10-20,28.72800000,29.03000000,28.69600000,28.91500000,170.87300000
2020-10-20,28.83400000,28.84000000,28.10300000,28.16000000,339.95300000
2020-10-20,28.18800000,28.92500000,28.07700000,28.10900000,471.04600000
2020-10-20,28.08500000,28.34700000,28.04600000,28.14200000,354.98500000
2020-10-21,28.13300000,28.34100000,27.71500000,27.95200000,763.41200000
2020-10-21,27.95100000,28.06800000,27.10500000,27.17300000,550.89500000
2020-10-21,27.19300000,27.31100000,27.00000000,27.13500000,275.79900000
2020-10-21,27.09900000,27.09900000,26.73900000,26.95000000,357.85000000
2020-10-21,27.01900000,27.11800000,27.00200000,27.03300000,204.03500000
2020-10-21,27.14200000,27.16300000,26.65900000,26.65900000,1437.06100000
2020-10-21,26.74900000,27.00600000,26.49700000,26.76400000,939.37800000
2020-10-21,26.90800000,27.08500000,26.41900000,26.41900000,2745.24200000
2020-10-21,26.46600000,26.49700000,26.30100000,26.41500000,191.97400000
2020-10-21,26.53600000,26.88500000,26.53600000,26.86600000,339.37800000
2020-10-21,26.88400000,26.94900000,26.75200000,26.84200000,171.72600000
2020-10-21,26.85400000,27.36600000,26.71400000,27.36600000,491.41000000
2020-10-21,27.36500000,27.53100000,27.05300000,27.33100000,156.85300000
2020-10-21,27.32100000,27.39800000,26.39300000,26.70400000,1532.35200000
2020-10-21,26.70500000,26.86900000,26.59200000,26.82700000,268.39800000
2020-10-21,26.84400000,26.84400000,26.60100000,26.65800000,149.64200000
2020-10-21,26.53400000,26.85900000,26.53400000,26.73200000,359.55200000
2020-10-21,26.74400000,26.85700000,26.72200000,26.72200000,88.70600000
2020-10-21,26.78400000,27.62200000,26.78400000,27.15700000,2543.34400000
2020-10-21,27.17600000,27.17600000,26.86300000,26.86300000,472.39700000
2020-10-21,26.95600000,27.21100000,25.99900000,26.65800000,2513.94900000
2020-10-21,26.65900000,27.19300000,26.51700000,27.10300000,941.91900000
2020-10-21,27.10300000,27.78900000,26.80800000,27.17400000,2567.98800000
2020-10-21,27.17400000,27.29600000,26.72400000,26.81400000,1922.78000000
2020-10-22,26.89500000,27.50000000,26.82400000,27.40400000,2996.65000000
2020-10-22,27.48000000,27.63900000,27.41300000,27.48500000,401.89300000
2020-10-22,27.48200000,27.89400000,27.28800000,27.67200000,1143.01700000
2020-10-22,27.67200000,27.67200000,27.14600000,27.14600000,117.69200000
2020-10-22,27.15100000,27.18600000,26.88200000,27.12000000,659.76000000
2020-10-22,27.09900000,27.25400000,27.05700000,27.20500000,329.06700000
2020-10-22,27.25500000,27.40700000,26.88600000,26.90700000,657.65100000
2020-10-22,26.84400000,26.91600000,26.34300000,26.55100000,557.72400000
2020-10-22,26.59300000,26.83500000,26.59300000,26.80100000,105.83300000
2020-10-22,26.88400000,27.03500000,26.49500000,26.66500000,900.88700000
2020-10-22,26.69600000,26.75700000,26.42300000,26.55900000,408.28200000
2020-10-22,26.61300000,26.61900000,26.52500000,26.53500000,72.19900000
2020-10-22,26.48100000,26.53100000,26.37700000,26.48100000,632.23800000
2020-10-22,26.53200000,26.70100000,26.51900000,26.69200000,86.67300000
2020-10-22,26.76800000,26.88300000,26.00000000,26.43300000,1249.64500000
2020-10-22,26.52700000,26.66500000,26.52700000,26.65800000,100.22200000
2020-10-22,26.66300000,27.01400000,26.66300000,26.97000000,122.04100000
2020-10-22,26.95000000,26.95000000,26.61600000,26.75100000,343.69500000
2020-10-22,26.73300000,26.86100000,26.62400000,26.79900000,406.10500000
2020-10-22,26.79900000,27.26200000,26.69300000,27.18600000,698.44100000
2020-10-22,27.10000000,27.10000000,26.73100000,26.99900000,185.01000000
2020-10-22,27.07000000,27.41200000,27.07000000,27.39900000,141.33800000
2020-10-22,27.39900000,27.40800000,26.87400000,26.87400000,502.14100000
2020-10-22,26.97700000,27.03600000,26.88200000,26.94500000,283.48200000
2020-10-23,26.95700000,27.35200000,26.94700000,27.35200000,356.31400000
2020-10-23,27.27700000,27.38300000,27.21600000,27.38300000,63.63300000
2020-10-23,27.36800000,27.36800000,27.06700000,27.16600000,315.43100000
2020-10-23,27.11200000,27.16700000,26.77600000,27.11900000,186.08100000
2020-10-23,27.14500000,27.29900000,27.14500000,27.18300000,44.18600000
2020-10-23,27.23800000,27.29300000,26.89700000,27.04700000,157.07000000
2020-10-23,26.95700000,27.08200000,26.80700000,26.80700000,308.89600000
2020-10-23,26.77000000,26.82600000,26.70000000,26.77100000,58.06400000
2020-10-23,26.70000000,26.93200000,26.66000000,26.91300000,287.88300000
2020-10-23,26.93200000,26.93500000,26.93200000,26.93300000,22.29800000
2020-10-23,26.87300000,26.98300000,26.73700000,26.98300000,60.98400000
2020-10-23,26.99000000,27.08900000,26.76600000,26.78300000,36.60700000
2020-10-23,26.70600000,26.84100000,26.70500000,26.84100000,32.85100000
2020-10-23,26.92400000,26.92400000,26.87500000,26.87900000,2.61300000
2020-10-23,26.78500000,26.78500000,26.70400000,26.70500000,17.14900000
2020-10-23,26.70100000,26.81700000,26.44000000,26.69000000,193.37900000
2020-10-23,26.67100000,27.13800000,26.63700000,26.89500000,467.08600000
2020-10-23,26.89500000,27.14600000,26.56900000,26.74000000,698.62600000
2020-10-23,26.67300000,26.89600000,26.52100000,26.88700000,342.31200000
2020-10-23,26.78100000,26.82300000,26.51300000,26.53100000,239.41300000
2020-10-23,26.53100000,27.01900000,26.28300000,26.96300000,739.40200000
2020-10-23,26.85200000,26.85200000,26.48100000,26.48100000,65.43100000
2020-10-23,26.46700000,26.86400000,26.25700000,26.71400000,259.95900000
2020-10-23,26.67200000,27.14200000,26.40400000,26.78400000,2453.53300000
2020-10-24,26.80000000,26.87200000,26.00000000,26.10500000,1007.94500000
2020-10-24,26.18900000,26.74700000,26.04400000,26.29500000,993.61700000
2020-10-24,26.25700000,26.62200000,26.14700000,26.62200000,347.98400000
2020-10-24,26.53800000,26.55100000,26.35500000,26.40400000,35.26000000
2020-10-24,26.40400000,26.73200000,26.24700000,26.58300000,322.99600000
2020-10-24,26.56800000,26.58200000,26.48300000,26.50100000,212.17700000
2020-10-24,26.43800000,26.43800000,26.32800000,26.40200000,14.62000000
2020-10-24,26.30700000,26.40400000,26.29200000,26.34600000,133.05900000
2020-10-24,26.38800000,26.41500000,26.38800000,26.41500000,34.15600000
2020-10-24,26.39100000,26.39100000,26.39100000,26.39100000,0.14100000
2020-10-24,26.46100000,26.74500000,26.37600000,26.41500000,157.61500000
2020-10-24,26.41500000,26.41500000,26.41500000,26.41500000,0.00000000
2020-10-24,26.51000000,26.86900000,26.51000000,26.63500000,264.12500000
2020-10-24,26.67000000,26.68600000,26.66500000,26.68000000,30.43600000
2020-10-24,26.66500000,26.66500000,26.13100000,26.39300000,352.49600000
2020-10-24,26.36500000,26.44000000,26.32300000,26.34400000,49.06100000
2020-10-24,26.24200000,26.25900000,26.15300000,26.18300000,153.71900000
2020-10-24,26.23300000,26.23300000,26.18300000,26.18900000,18.64600000
2020-10-24,26.19400000,26.27500000,26.19400000,26.25800000,86.37200000
2020-10-24,26.20200000,26.38300000,26.12200000,26.37200000,93.90100000
2020-10-24,26.41400000,26.50300000,26.30000000,26.30000000,143.92900000
2020-10-24,26.29300000,26.47800000,26.29300000,26.47800000,23.69900000
2020-10-24,26.46700000,27.06900000,26.32900000,26.94100000,631.15800000
2020-10-24,26.77100000,26.77100000,26.46800000,26.51400000,51.48800000
2020-10-25,26.58700000,26.64400000,26.53700000,26.64400000,22.39100000
2020-10-25,26.57100000,26.57100000,26.41000000,26.52600000,91.23700000
2020-10-25,26.59500000,27.06800000,26.48400000,26.48400000,204.99500000
2020-10-25,26.46800000,27.00300000,26.46800000,26.85100000,342.06900000
2020-10-25,26.75000000,26.97200000,26.56100000,26.56100000,171.33700000
2020-10-25,26.55200000,26.68400000,26.42100000,26.42100000,177.64800000
2020-10-25,26.42900000,26.78100000,26.29700000,26.46100000,218.19000000
2020-10-25,26.46100000,26.46100000,26.46100000,26.46100000,0.00000000
2020-10-25,26.48900000,26.89700000,26.48900000,26.87200000,484.11100000
2020-10-25,26.71000000,26.71000000,26.44900000,26.51500000,41.36100000
2020-10-25,26.46000000,26.66400000,26.42800000,26.65600000,73.43100000
2020-10-25,26.64500000,26.89900000,26.64500000,26.77300000,62.69100000
2020-10-25,26.75200000,26.90000000,26.74100000,26.90000000,147.20000000
2020-10-25,26.92200000,27.00500000,26.20300000,26.26400000,323.07100000
2020-10-25,26.22800000,26.26600000,26.21000000,26.26600000,157.68500000
2020-10-25,26.26600000,26.35400000,26.26600000,26.28300000,32.87000000
2020-10-25,26.27100000,26.32000000,26.26100000,26.28300000,68.99900000
2020-10-25,26.37500000,26.39400000,26.37500000,26.39400000,3.63900000
2020-10-25,26.43000000,26.48400000,26.40300000,26.43400000,77.45000000
2020-10-25,26.37400000,26.37400000,26.28300000,26.34700000,91.34900000
2020-10-25,26.32100000,26.48400000,26.31500000,26.31800000,84.84000000
2020-10-25,26.14200000,27.01400000,26.05800000,26.20700000,1884.08200000
2020-10-25,26.25400000,26.31100000,26.16800000,26.16800000,255.01000000
2020-10-25,26.24400000,26.26500000,26.02000000,26.02000000,276.35000000
2020-10-26,26.00100000,26.05600000,25.99800000,26.02100000,38.62700000
2020-10-26,26.05600000,26.11100000,26.03500000,26.11000000,49.87700000
2020-10-26,26.03500000,26.03500000,25.93900000,25.95500000,334.07300000
2020-10-26,25.95900000,25.95900000,25.85500000,25.90000000,943.36100000
2020-10-26,25.90000000,25.95900000,25.89800000,25.95900000,844.70100000
2020-10-26,25.95900000,25.95900000,25.88500000,25.94100000,6.99400000
2020-10-26,25.96000000,25.96200000,25.92800000,25.94100000,71.87100000
2020-10-26,25.94700000,25.97000000,25.92000000,25.97000000,24.77000000
2020-10-26,25.95700000,25.97000000,25.95700000,25.97000000,10.50200000
2020-10-26,25.97000000,25.97000000,25.95500000,25.97000000,8.68300000
2020-10-26,25.97000000,26.21400000,25.94800000,26.18800000,430.99000000
2020-10-26,26.16800000,26.19200000,26.13600000,26.13700000,159.23900000
2020-10-26,26.14600000,26.18500000,26.13300000,26.15000000,57.46300000
2020-10-26,26.18000000,26.18800000,26.16900000,26.18600000,103.53700000
2020-10-26,26.25400000,26.25400000,26.20400000,26.21000000,2.36900000
2020-10-26,26.21000000,26.21000000,26.13300000,26.13300000,16.75400000
2020-10-26,26.15500000,26.15500000,26.04100000,26.06100000,18.38900000
2020-10-26,26.09300000,26.32600000,26.09300000,26.31900000,90.16900000
2020-10-26,26.35000000,26.38500000,26.34200000,26.35300000,44.00000000
2020-10-26,26.38800000,26.38800000,26.38800000,26.38800000,11.68900000
2020-10-26,26.18500000,26.32000000,26.13900000,26.32000000,250.28000000
2020-10-26,26.24800000,26.34800000,26.24800000,26.25500000,215.59500000
2020-10-26,26.27200000,26.31700000,26.27200000,26.31700000,23.70800000
2020-10-26,26.24700000,26.28000000,25.94800000,25.96000000,138.79400000
2020-10-27,25.95000000,25.99300000,25.82500000,25.90300000,700.80200000
2020-10-27,25.89900000,26.40900000,25.79400000,26.32100000,1989.92200000
2020-10-27,26.38100000,26.50000000,25.97200000,25.97200000,508.22300000
2020-10-27,25.95700000,26.03100000,25.87900000,25.87900000,171.25600000
2020-10-27,25.85800000,25.89500000,25.72800000,25.74300000,21.78100000
2020-10-27,25.74100000,25.86800000,25.67200000,25.78200000,171.71300000
2020-10-27,25.82600000,27.14600000,25.57900000,26.28800000,7106.77200000
2020-10-27,26.20800000,26.37100000,25.78100000,26.00400000,2921.04400000
2020-10-27,26.04900000,26.05100000,25.82300000,25.89500000,437.76400000
2020-10-27,25.86400000,25.86400000,25.81200000,25.84400000,9.82400000
2020-10-27,25.69600000,25.69600000,25.47800000,25.51000000,530.62500000
2020-10-27,25.52700000,25.55200000,25.50600000,25.50600000,10.11100000
2020-10-27,25.51300000,25.55200000,25.35500000,25.37900000,69.15400000
2020-10-27,25.38800000,25.38800000,25.34400000,25.34400000,13.52700000
2020-10-27,25.34200000,25.35100000,25.25500000,25.35000000,46.33300000
2020-10-27,25.33300000,25.36600000,25.27000000,25.29100000,364.30100000
2020-10-27,25.34100000,25.34100000,25.25500000,25.30000000,16.51200000
2020-10-27,25.27800000,25.34100000,25.27400000,25.27400000,43.24000000
2020-10-27,25.33300000,25.44500000,25.32500000,25.44500000,21.61800000
2020-10-27,25.41000000,25.52700000,25.36300000,25.52700000,14.82800000
2020-10-27,25.52800000,25.70300000,25.52800000,25.68700000,72.76900000
2020-10-27,25.68600000,25.75500000,25.67900000,25.68400000,9.68400000
2020-10-27,25.73000000,25.76400000,25.68400000,25.74800000,57.04000000
2020-10-27,25.73500000,26.00300000,25.51200000,25.93000000,162.51800000
2020-10-28,25.90600000,26.00100000,25.33000000,25.47700000,593.70300000
2020-10-28,25.50400000,25.74900000,25.50400000,25.62100000,139.80300000
2020-10-28,25.66400000,25.69100000,25.30200000,25.53300000,108.00900000
2020-10-28,25.53300000,25.80600000,25.53100000,25.70600000,209.71700000
2020-10-28,25.78400000,25.78400000,25.25300000,25.25300000,747.17100000
2020-10-28,25.29200000,25.91400000,25.22000000,25.78100000,1384.79200000
2020-10-28,25.75000000,25.75000000,25.31000000,25.31000000,96.60300000
2020-10-28,25.33000000,25.37600000,25.01700000,25.18900000,143.52500000
2020-10-28,25.16700000,25.42300000,25.12800000,25.41100000,35.20900000
2020-10-28,25.43100000,25.51500000,25.41500000,25.42700000,17.67600000
2020-10-28,25.42600000,25.48200000,25.34900000,25.42200000,121.45500000
2020-10-28,25.41700000,25.41700000,25.30200000,25.30200000,10.38200000
2020-10-28,25.32700000,25.35200000,25.21900000,25.26000000,52.34600000
2020-10-28,25.23300000,25.58400000,25.13400000,25.58400000,70.27900000
2020-10-28,25.52500000,25.65000000,25.13100000,25.13200000,177.73800000
2020-10-28,25.22700000,25.22700000,25.00900000,25.09300000,68.92400000
2020-10-28,25.00400000,25.04200000,24.92400000,25.01100000,117.13300000
2020-10-28,24.99700000,24.99700000,24.85100000,24.85100000,277.28600000
2020-10-28,24.85100000,25.04800000,24.78500000,25.01200000,193.71100000
2020-10-28,25.00500000,25.51400000,24.92600000,24.98700000,337.93100000
2020-10-28,24.95600000,25.50800000,24.91900000,25.23900000,356.75400000
2020-10-28,25.32300000,25.41800000,25.12600000,25.31900000,79.02900000
2020-10-28,25.24900000,25.36200000,24.89700000,24.94200000,174.22100000
2020-10-28,24.97800000,24.98700000,24.93900000,24.97700000,77.86200000
2020-10-29,24.95500000,25.01500000,24.78100000,25.01500000,375.47300000
2020-10-29,24.98300000,24.99200000,24.90600000,24.99000000,266.49600000
2020-10-29,25.19800000,25.21800000,25.00700000,25.00700000,61.06200000
2020-10-29,25.11200000,25.11200000,24.93300000,24.97600000,49.31300000
2020-10-29,25.00300000,25.00600000,24.93400000,24.95900000,157.18600000
2020-10-29,24.95700000,25.03600000,24.73800000,24.97200000,149.56900000
2020-10-29,24.95900000,25.37300000,24.89000000,25.08500000,428.46700000
2020-10-29,25.08500000,25.09100000,24.99600000,24.99600000,13.98400000
2020-10-29,24.95400000,25.76500000,24.94000000,25.76500000,4423.06100000
2020-10-29,25.77300000,25.88800000,25.65600000,25.66400000,372.33900000
2020-10-29,25.66500000,25.66500000,25.38900000,25.42400000,33.21100000
2020-10-29,25.30400000,25.30400000,25.03400000,25.17100000,338.41100000
2020-10-29,25.18500000,25.18500000,24.72200000,24.80400000,956.24300000
2020-10-29,24.76000000,24.78100000,24.72100000,24.76400000,192.36100000
2020-10-29,24.76400000,24.93400000,24.73300000,24.93400000,265.84600000
2020-10-29,24.93400000,25.17800000,24.80500000,24.80500000,149.72400000
2020-10-29,24.83600000,25.00300000,24.69200000,25.00300000,72.34600000
2020-10-29,24.94800000,25.06100000,24.94800000,25.06100000,3.99100000
2020-10-29,25.03700000,25.03700000,24.40300000,24.45900000,251.55000000
2020-10-29,24.43400000,24.50800000,24.35900000,24.35900000,134.18000000
2020-10-29,24.25200000,24.54500000,23.93300000,24.54500000,386.41600000
2020-10-29,24.48200000,24.48200000,23.98000000,24.29600000,923.02800000
2020-10-29,24.25500000,24.34500000,24.06300000,24.09400000,206.40600000
2020-10-29,24.08600000,24.08600000,23.90000000,23.93900000,243.90700000
2020-10-30,23.95100000,24.00700000,23.91200000,23.97600000,225.70700000
2020-10-30,23.96100000,23.99300000,23.88100000,23.99300000,310.95500000
2020-10-30,24.16100000,24.16700000,24.02500000,24.12200000,113.49800000
2020-10-30,24.14500000,24.14500000,23.90700000,23.98900000,209.66700000
2020-10-30,24.06700000,24.10600000,23.93800000,23.96000000,129.33900000
2020-10-30,23.96000000,23.96900000,23.90700000,23.90700000,17.07200000
2020-10-30,24.02900000,24.02900000,23.95400000,23.95400000,30.62400000
2020-10-30,23.96700000,24.02600000,23.96700000,23.97600000,19.53200000
2020-10-30,24.14600000,24.25900000,24.13400000,24.24000000,133.28400000
2020-10-30,24.27300000,24.27300000,23.94900000,23.97200000,20.44800000
2020-10-30,24.02600000,24.02600000,23.98300000,23.98300000,8.94200000
2020-10-30,24.02700000,24.02800000,24.02700000,24.02800000,10.00000000
2020-10-30,24.02700000,24.42600000,24.02700000,24.42300000,471.74700000
2020-10-30,24.03600000,24.03600000,23.94400000,23.98300000,33.69900000
2020-10-30,24.03400000,24.07700000,23.92500000,24.04800000,57.71300000
2020-10-30,24.05100000,24.06100000,23.93000000,23.95600000,161.22300000
2020-10-30,23.99100000,24.23300000,23.91000000,23.99400000,229.10700000
2020-10-30,23.98800000,23.99600000,23.92000000,23.95800000,221.98500000
2020-10-30,23.95800000,23.97900000,23.87400000,23.87400000,262.41400000
2020-10-30,23.89200000,23.97400000,23.89200000,23.97400000,71.03000000
2020-10-30,23.95700000,24.15100000,23.95700000,24.15100000,114.55900000
2020-10-30,24.14200000,24.14200000,24.04600000,24.08300000,139.98400000
2020-10-30,24.07200000,24.13100000,24.06100000,24.13100000,64.59000000
2020-10-30,24.17800000,24.17800000,24.15100000,24.15100000,5.29500000
2020-10-31,24.17800000,24.27500000,24.17800000,24.24000000,10.36700000
2020-10-31,24.27600000,24.42500000,24.27600000,24.42500000,16.76600000
2020-10-31,24.47600000,24.74700000,24.43100000,24.43100000,95.53300000
2020-10-31,24.43500000,24.84500000,24.30700000,24.82100000,105.55900000
2020-10-31,24.87800000,25.08100000,24.76500000,24.76500000,88.90700000
2020-10-31,24.72800000,24.77600000,24.58500000,24.76400000,96.53600000
2020-10-31,24.69200000,24.69200000,24.21700000,24.30600000,340.21000000
2020-10-31,24.30900000,24.37600000,24.22900000,24.22900000,50.53100000
2020-10-31,24.21400000,24.52000000,24.12200000,24.50000000,404.68300000
2020-10-31,24.52100000,24.76800000,24.52100000,24.65000000,122.40900000
2020-10-31,24.74700000,24.77700000,24.36500000,24.36500000,175.07700000
2020-10-31,24.32800000,24.32800000,24.00400000,24.00400000,18.24800000
2020-10-31,24.07700000,24.17800000,24.03200000,24.03200000,22.10300000
2020-10-31,24.03300000,24.06800000,24.01000000,24.01900000,20.24900000
2020-10-31,24.00000000,24.00000000,23.97300000,23.99500000,13.56900000
2020-10-31,23.99500000,23.99500000,23.99500000,23.99500000,0.00000000
2020-10-31,24.10600000,24.15400000,23.96800000,24.10700000,80.45300000
2020-10-31,24.17700000,24.58800000,24.01100000,24.58800000,447.51200000
2020-10-31,24.59800000,24.76400000,24.14000000,24.54100000,1298.52800000
2020-10-31,24.42700000,24.90900000,24.33500000,24.50500000,1439.76900000
2020-10-31,24.52000000,24.73400000,24.31800000,24.52900000,599.84400000
2020-10-31,24.58800000,24.63600000,24.41900000,24.58700000,77.92200000
2020-10-31,24.46600000,24.55100000,24.23600000,24.29900000,199.19700000
2020-10-31,24.23000000,24.31200000,24.03100000,24.24500000,125.28400000
2020-11-01,24.20200000,24.31100000,23.13600000,23.28700000,3317.52000000
2020-11-01,23.28800000,23.58000000,23.26400000,23.48600000,666.19500000
2020-11-01,23.45300000,23.45300000,22.98900000,23.04000000,847.53000000
2020-11-01,23.04200000,23.26700000,23.01300000,23.26700000,281.96700000
2020-11-01,23.26700000,23.33500000,23.24900000,23.29600000,117.25400000
2020-11-01,23.29600000,23.46300000,23.22000000,23.37600000,247.16700000
2020-11-01,23.41100000,23.53700000,23.38600000,23.40900000,149.54200000
2020-11-01,23.32600000,23.32600000,23.07600000,23.23300000,243.73800000
2020-11-01,23.24900000,23.48800000,22.78800000,23.22200000,435.39400000
2020-11-01,23.14500000,23.29800000,23.10100000,23.19400000,84.27400000
2020-11-01,23.19400000,23.25400000,23.19100000,23.21500000,46.31700000
2020-11-01,23.25400000,23.25400000,23.20100000,23.25100000,34.27000000
2020-11-01,23.25300000,23.33200000,23.05900000,23.15500000,127.07600000
2020-11-01,23.20900000,23.34300000,23.17800000,23.30600000,166.47900000
2020-11-01,23.32500000,23.56200000,23.24400000,23.45500000,758.74800000
2020-11-01,23.38100000,23.46900000,23.31300000,23.46900000,5.88200000
2020-11-01,23.47000000,23.57200000,23.44900000,23.51300000,33.52600000
2020-11-01,23.37900000,23.37900000,23.18900000,23.29400000,23.10300000
2020-11-01,23.28100000,23.32800000,23.08800000,23.08800000,498.40700000
2020-11-01,23.06200000,23.13300000,23.05500000,23.05500000,43.77600000
2020-11-01,23.07300000,23.28200000,23.07300000,23.28200000,132.73400000
2020-11-01,23.29800000,23.44500000,23.29800000,23.42800000,36.32200000
2020-11-01,23.42800000,23.46400000,23.28500000,23.28500000,41.34900000
2020-11-01,23.32300000,23.58800000,23.30900000,23.52600000,334.66200000
2020-11-02,23.61600000,23.63500000,23.54200000,23.62400000,152.95600000
2020-11-02,23.56500000,23.63100000,23.52500000,23.63100000,69.43400000
2020-11-02,23.51200000,23.51200000,23.14900000,23.14900000,151.55700000
2020-11-02,23.14900000,25.11900000,23.01300000,23.57000000,4920.04200000
2020-11-02,23.59800000,24.56100000,23.23100000,23.30700000,5089.52000000
2020-11-02,23.36400000,23.54200000,23.15800000,23.42600000,436.57100000
2020-11-02,23.42900000,23.42900000,23.11900000,23.25100000,65.96100000
2020-11-02,23.29200000,23.33300000,23.22400000,23.23900000,106.13300000
2020-11-02,23.32400000,23.44100000,23.27600000,23.44100000,167.22200000
2020-11-02,23.45600000,23.61800000,23.44400000,23.57700000,222.15700000
2020-11-02,23.50500000,23.50500000,23.09500000,23.42400000,366.35000000
2020-11-02,23.42300000,23.47500000,23.12400000,23.19300000,112.65800000
2020-11-02,23.21700000,23.21700000,23.18400000,23.18400000,5.82000000
2020-11-02,23.14700000,23.21700000,23.14700000,23.21700000,23.40500000
2020-11-02,23.16100000,23.30000000,23.13700000,23.25700000,95.80700000
2020-11-02,23.28300000,23.28500000,23.28300000,23.28500000,10.51000000
2020-11-02,23.18900000,23.23200000,22.73500000,22.98600000,708.29500000
2020-11-02,22.91900000,23.08100000,22.91900000,23.02800000,229.87300000
2020-11-02,22.99300000,22.99300000,22.96500000,22.99300000,44.29700000
2020-11-02,22.99300000,22.99300000,22.93900000,22.93900000,57.10100000
2020-11-02,22.95400000,23.07800000,22.86900000,23.03000000,810.18500000
2020-11-02,23.02800000,23.45900000,23.02800000,23.45900000,419.94700000
2020-11-02,23.47700000,23.99500000,23.47700000,23.99500000,291.06700000
2020-11-02,24.00000000,25.12000000,23.76500000,24.00800000,4361.82300000
2020-11-03,23.99700000,24.03200000,23.45000000,23.46600000,1020.10800000
2020-11-03,23.40800000,23.51300000,23.40500000,23.45500000,223.93000000
2020-11-03,23.36800000,23.36800000,23.12700000,23.20500000,69.69400000
2020-11-03,23.21200000,23.40300000,23.21200000,23.40300000,410.82100000
2020-11-03,23.41400000,23.46200000,23.07200000,23.23300000,738.07600000
2020-11-03,23.23000000,23.23300000,22.84100000,22.96600000,218.95900000
2020-11-03,22.98500000,23.07200000,22.85800000,22.95300000,595.80800000
2020-11-03,22.95700000,22.97200000,22.93200000,22.94000000,131.83200000
2020-11-03,22.94000000,23.04500000,22.88300000,23.04300000,306.34900000
2020-11-03,23.07000000,23.10000000,23.07000000,23.10000000,10.91900000
2020-11-03,23.17600000,23.22700000,22.89900000,22.95800000,92.57900000
2020-11-03,22.96800000,24.79800000,22.80200000,24.47900000,2945.65000000
2020-11-03,24.32000000,24.57500000,22.93000000,22.97500000,1130.10900000
2020-11-03,23.02700000,24.50000000,22.90500000,23.91000000,3655.89200000
2020-11-03,24.09300000,24.36100000,23.00400000,23.36200000,1958.18700000
2020-11-03,23.19400000,23.73600000,23.12700000,23.30800000,270.43500000
2020-11-03,23.35100000,23.44400000,22.94900000,23.44400000,278.19800000
2020-11-03,23.44400000,24.09900000,23.29500000,23.92800000,447.32400000
2020-11-03,23.90500000,25.11900000,23.84200000,24.84000000,1007.62100000
2020-11-03,24.85100000,25.01800000,23.97500000,23.97700000,893.14600000
2020-11-03,23.97600000,24.63000000,23.97600000,24.54100000,264.92300000
2020-11-03,24.58600000,24.65300000,24.14500000,24.21500000,299.56000000
2020-11-03,24.21500000,24.27600000,23.90500000,24.20900000,208.90100000
2020-11-03,24.20200000,24.31100000,23.80200000,23.83800000,313.70400000
2020-11-04,23.93200000,24.38800000,23.93100000,24.38800000,117.18900000
2020-11-04,24.30200000,24.48200000,24.30200000,24.35500000,72.98800000
2020-11-04,24.32800000,25.67200000,24.32800000,24.85500000,1889.85700000
2020-11-04,24.76300000,26.00000000,24.72000000,24.85400000,1706.23500000
2020-11-04,24.84700000,25.66300000,24.84700000,25.34000000,621.06000000
2020-11-04,25.32500000,26.78600000,25.07000000,25.81700000,2203.89400000
2020-11-04,25.81700000,28.47800000,25.81600000,27.35800000,5096.63600000
2020-11-04,27.60300000,27.73000000,25.49400000,25.96800000,5536.28700000
2020-11-04,25.96800000,26.00100000,24.64100000,24.65000000,2567.07800000
2020-11-04,24.67300000,25.10300000,24.67300000,25.06900000,1414.52400000
2020-11-04,25.07000000,25.71500000,24.77200000,25.15400000,1279.30500000
2020-11-04,25.15500000,25.49900000,24.33800000,24.77300000,1536.29200000
2020-11-04,24.74500000,24.80400000,24.01300000,24.15700000,1061.74100000
2020-11-04,24.12700000,24.36500000,24.12300000,24.36500000,226.77200000
2020-11-04,24.23200000,24.23200000,23.96700000,24.09600000,516.00500000
2020-11-04,24.05200000,24.05300000,23.18000000,23.53900000,1715.74800000
2020-11-04,23.61400000,23.86400000,23.25200000,23.46900000,2086.98100000
2020-11-04,23.48700000,23.50600000,23.32900000,23.41600000,239.09600000
2020-11-04,23.40200000,24.75100000,23.26300000,23.91000000,3041.95700000
2020-11-04,23.98900000,24.04300000,23.14200000,23.25700000,1741.91900000
2020-11-04,23.14500000,23.30700000,23.07500000,23.16200000,323.60700000
2020-11-04,23.17500000,23.22500000,23.01100000,23.10000000,554.39200000
2020-11-04,23.06300000,23.11100000,22.84400000,22.98500000,292.82600000
2020-11-04,23.01000000,23.11000000,22.89100000,23.08100000,272.49500000
2020-11-05,23.10300000,24.08000000,23.10300000,23.74900000,930.69500000
2020-11-05,23.93200000,24.15400000,23.63100000,23.73500000,299.11300000
2020-11-05,23.69600000,24.01200000,23.56600000,23.75600000,287.74800000
2020-11-05,23.66900000,23.78500000,23.51500000,23.52800000,424.33200000
2020-11-05,23.62700000,23.64600000,23.34900000,23.62100000,160.72100000
2020-11-05,23.62100000,23.88000000,23.62100000,23.88000000,156.85100000
2020-11-05,23.90400000,24.10300000,23.69500000,23.82400000,272.50900000
2020-11-05,23.80500000,24.35700000,23.65100000,24.31200000,644.23800000
2020-11-05,24.30300000,25.75800000,23.98800000,25.55000000,5213.19200000
2020-11-05,25.55900000,25.68100000,24.14300000,24.23500000,16185.11500000
2020-11-05,24.23600000,24.28500000,24.15000000,24.19500000,42.25400000
2020-11-05,24.12600000,24.29700000,23.86800000,23.89400000,360.52500000
2020-11-05,23.85100000,23.88500000,23.63000000,23.84400000,577.04000000
2020-11-05,23.73800000,23.73800000,23.28700000,23.48200000,281.26900000
2020-11-05,23.48100000,23.55000000,23.47000000,23.47000000,178.27400000
2020-11-05,23.46700000,23.52800000,23.11000000,23.27100000,405.31700000
2020-11-05,23.27100000,23.89700000,23.16200000,23.26200000,815.58700000
2020-11-05,23.32600000,23.46900000,23.32600000,23.34800000,215.25900000
2020-11-05,23.40600000,23.75600000,23.17700000,23.24600000,287.28600000
2020-11-05,23.29000000,23.76800000,23.10600000,23.62500000,787.33000000
2020-11-05,23.65600000,24.28000000,23.10900000,23.47700000,5764.96700000
2020-11-05,23.56400000,23.69100000,23.16400000,23.29100000,572.99000000
2020-11-05,23.33600000,23.78600000,23.31800000,23.78600000,827.97600000
2020-11-05,23.78600000,24.62000000,23.74100000,23.93600000,1542.73700000
2020-11-06,23.95700000,24.24400000,23.86400000,23.93200000,197.13600000
2020-11-06,23.84900000,24.64900000,23.55900000,24.33300000,940.21300000
2020-11-06,24.32400000,24.32400000,23.78200000,24.01600000,188.35300000
2020-11-06,24.05800000,24.25100000,23.83900000,24.20700000,329.15300000
2020-11-06,24.17900000,24.24500000,23.91600000,24.03400000,32.62500000
2020-11-06,24.01800000,24.19000000,23.89700000,24.03000000,317.30900000
2020-11-06,23.94300000,24.34200000,23.80700000,24.04900000,463.56000000
2020-11-06,24.03400000,24.19900000,23.18500000,23.46900000,2101.17500000
2020-11-06,23.42600000,23.56200000,22.73700000,22.91100000,3666.62100000
2020-11-06,22.91100000,23.12200000,22.73600000,22.96900000,2583.31200000
2020-11-06,22.96900000,23.27000000,22.86200000,23.01400000,1089.24300000
2020-11-06,23.04800000,23.40000000,22.83100000,23.08200000,1557.95500000
2020-11-06,23.08000000,23.18900000,22.80100000,22.87700000,726.36500000
2020-11-06,22.84800000,22.94200000,22.53700000,22.76700000,3018.85300000
2020-11-06,22.76900000,22.98500000,22.67800000,22.98500000,725.98900000
2020-11-06,22.87200000,23.05600000,22.73800000,23.00800000,1060.58800000
2020-11-06,23.00800000,23.10400000,22.87000000,22.93000000,493.53800000
2020-11-06,22.86100000,23.11100000,22.64300000,23.04400000,630.65900000
2020-11-06,22.97500000,23.75000000,22.95200000,23.75000000,2071.97700000
2020-11-06,23.75000000,23.85000000,23.33600000,23.54100000,2758.76900000
2020-11-06,23.56100000,23.85400000,23.35900000,23.67700000,1793.66200000
2020-11-06,23.66900000,24.35300000,23.66900000,24.34600000,3522.75300000
2020-11-06,24.30200000,24.39400000,23.79400000,23.83000000,1044.83100000
2020-11-06,23.86000000,23.86300000,23.40500000,23.76800000,653.87400000
2020-11-07,23.62600000,24.30400000,23.61000000,24.30400000,1490.38400000
2020-11-07,24.30800000,24.86600000,24.30800000,24.48200000,1274.71500000
2020-11-07,24.50000000,24.70300000,24.40300000,24.48700000,582.93200000
2020-11-07,24.52200000,24.64800000,23.59000000,23.84700000,1748.34200000
2020-11-07,23.88300000,24.30000000,23.78800000,24.29000000,1728.21400000
2020-11-07,24.29000000,24.35600000,23.88000000,24.22000000,954.35100000
2020-11-07,24.09300000,24.55100000,23.80800000,24.55100000,2348.87900000
2020-11-07,24.55100000,24.56600000,24.03300000,24.09500000,905.22400000
2020-11-07,24.11300000,24.29900000,23.72400000,24.00900000,1264.45300000
2020-11-07,24.08200000,24.60000000,23.97100000,24.56200000,1263.66700000
2020-11-07,24.53100000,24.55000000,24.00200000,24.14900000,358.45000000
2020-11-07,24.11400000,24.56300000,24.00000000,24.00600000,818.66100000
2020-11-07,24.05400000,24.20700000,23.97000000,24.04800000,259.54700000
2020-11-07,23.99000000,24.21500000,23.87200000,24.19900000,206.84500000
2020-11-07,24.19800000,24.19800000,24.12200000,24.18000000,44.01900000
2020-11-07,24.18000000,24.18000000,23.95900000,23.99000000,116.99200000
2020-11-07,23.93100000,24.00600000,23.52500000,24.00000000,825.58500000
2020-11-07,24.01400000,24.18700000,23.97700000,24.03400000,293.92800000
2020-11-07,24.01100000,24.36400000,23.93500000,24.36400000,217.62400000
2020-11-07,24.28000000,24.45100000,24.23000000,24.24200000,421.12200000
2020-11-07,24.32700000,24.39100000,24.24000000,24.35000000,191.45700000
2020-11-07,24.35000000,24.37300000,24.08300000,24.23800000,481.43500000
2020-11-07,24.22700000,24.25600000,23.52500000,23.57500000,935.51900000
2020-11-07,23.55400000,23.87000000,23.11800000,23.50000000,697.23700000
2020-11-08,23.52600000,23.59400000,23.15300000,23.49100000,545.04100000
2020-11-08,23.50000000,23.60700000,23.06300000,23.29700000,351.21600000
2020-11-08,23.23100000,23.29600000,22.50000000,22.70700000,880.25300000
2020-11-08,22.94100000,23.00000000,22.15100000,22.44100000,1821.44100000
2020-11-08,22.36000000,23.04900000,22.05000000,22.95900000,802.18100000
2020-11-08,22.90500000,23.11900000,22.55700000,22.98400000,869.05300000
2020-11-08,22.96100000,22.96100000,22.63300000,22.82600000,387.28500000
2020-11-08,22.76300000,23.01100000,22.63800000,22.81600000,184.94500000
2020-11-08,22.68300000,22.95900000,22.60500000,22.94000000,262.75800000
2020-11-08,22.99100000,23.00300000,22.89900000,22.97500000,69.23000000
2020-11-08,23.05300000,23.10000000,23.01300000,23.10000000,134.84800000
2020-11-08,23.07400000,23.35100000,23.07400000,23.14400000,181.82600000
2020-11-08,23.24800000,23.30400000,23.11200000,23.13000000,100.30400000
2020-11-08,23.17500000,23.17500000,23.17500000,23.17500000,8.87700000
2020-11-08,23.17600000,23.18100000,23.11000000,23.11000000,27.73600000
2020-11-08,23.11000000,23.14800000,22.95600000,23.03400000,56.80400000
2020-11-08,23.00000000,23.03200000,22.70900000,22.80000000,95.38600000
2020-11-08,22.77800000,22.95300000,22.77700000,22.95300000,18.98300000
2020-11-08,22.95300000,23.35000000,22.94400000,23.21500000,112.37100000
2020-11-08,23.27400000,23.27400000,22.97000000,23.01800000,611.74000000
2020-11-08,23.02000000,23.18800000,23.02000000,23.18800000,268.02400000
2020-11-08,23.17400000,23.17400000,23.11600000,23.14200000,162.03200000
2020-11-08,23.15500000,23.40700000,23.09800000,23.40700000,359.70200000
2020-11-08,23.40700000,23.87900000,23.38900000,23.75900000,378.76000000
2020-11-09,23.72400000,23.77600000,23.36900000,23.64200000,238.22300000
2020-11-09,23.51500000,23.87200000,23.48400000,23.50200000,156.93300000
2020-11-09,23.50200000,23.53400000,23.42300000,23.47100000,207.62800000
2020-11-09,23.47600000,23.49300000,23.04200000,23.15000000,524.37900000
2020-11-09,23.15600000,23.34200000,23.15600000,23.26200000,104.83400000
2020-11-09,23.33600000,23.33600000,23.01100000,23.19500000,354.98600000
2020-11-09,23.15500000,23.41500000,23.15100000,23.29600000,126.48700000
2020-11-09,23.29500000,23.37200000,23.17500000,23.31200000,224.76100000
2020-11-09,23.21000000,23.27300000,23.14300000,23.23800000,184.22400000
2020-11-09,23.25500000,23.25700000,23.11200000,23.17700000,179.58400000
2020-11-09,23.00600000,23.13800000,22.87300000,23.08100000,159.90800000
2020-11-09,23.04800000,23.19700000,22.97900000,23.19700000,48.86600000
2020-11-09,23.11700000,23.11700000,23.03500000,23.04100000,91.00100000
2020-11-09,23.09700000,23.12700000,23.09700000,23.12600000,18.17100000
2020-11-09,23.09100000,23.15600000,22.95600000,23.09100000,246.33400000
2020-11-09,23.09100000,23.20000000,23.08500000,23.15200000,36.84800000
2020-11-09,23.13000000,23.19200000,22.69400000,23.19200000,96.90400000
2020-11-09,23.16500000,23.25000000,23.14400000,23.14800000,19.58400000
2020-11-09,23.14900000,23.28800000,23.13800000,23.28800000,20.37600000
2020-11-09,23.25500000,23.38900000,23.25400000,23.38900000,149.90800000
2020-11-09,23.32500000,23.39700000,22.90500000,23.26400000,321.08400000
2020-11-09,23.27200000,23.27200000,22.63600000,22.91300000,418.55100000
2020-11-09,22.79100000,23.04400000,22.36300000,22.74300000,721.58600000
2020-11-09,22.85200000,23.04200000,22.55200000,22.86200000,580.31000000
2020-11-10,22.80600000,23.04200000,22.21000000,22.60600000,716.97500000
2020-11-10,22.62300000,22.85200000,22.54900000,22.85200000,274.89000000
2020-11-10,22.85100000,23.26900000,22.74700000,23.02600000,419.90800000
2020-11-10,23.10700000,23.18600000,22.88500000,22.93400000,155.31500000
2020-11-10,22.97000000,23.20900000,22.84700000,23.10600000,328.47100000
2020-11-10,23.16800000,24.60700000,23.08400000,24.14200000,5081.66200000
2020-11-10,24.12100000,24.74400000,23.32100000,23.54300000,4177.70800000
2020-11-10,23.53000000,23.61900000,23.50300000,23.61900000,158.69400000
2020-11-10,23.62000000,24.02300000,23.62000000,23.85800000,280.97200000
2020-11-10,23.85800000,24.25200000,23.75500000,23.97700000,469.48900000
2020-11-10,23.97600000,23.97600000,23.54200000,23.54200000,234.26500000
2020-11-10,23.61100000,23.75500000,23.50000000,23.66800000,114.72800000
2020-11-10,23.64800000,23.64800000,23.41000000,23.52500000,156.73300000
2020-11-10,23.52500000,23.83700000,23.42400000,23.54600000,249.03500000
2020-11-10,23.54500000,23.65300000,23.40600000,23.49700000,74.78800000
2020-11-10,23.49700000,23.61100000,23.47100000,23.53600000,256.52900000
2020-11-10,23.51300000,23.77500000,23.48500000,23.71300000,176.48000000
2020-11-10,23.70800000,23.73500000,23.49000000,23.56100000,159.44600000
2020-11-10,23.55600000,23.63300000,23.51800000,23.51800000,128.89000000
2020-11-10,23.51800000,23.51800000,23.14300000,23.14600000,726.36800000
2020-11-10,23.14400000,23.48100000,23.13500000,23.28900000,174.70100000
2020-11-10,23.21300000,23.23900000,23.13400000,23.23900000,123.08900000
2020-11-10,23.18300000,23.87900000,23.18300000,23.67000000,605.83000000
2020-11-10,23.75400000,23.90000000,23.26300000,23.75900000,872.14300000
2020-11-11,23.69500000,24.00000000,23.52100000,23.73100000,486.65800000
2020-11-11,23.73100000,23.76900000,23.44000000,23.44000000,805.46300000
2020-11-11,23.44000000,23.54800000,23.16300000,23.18300000,435.40600000
2020-11-11,23.18600000,23.51000000,23.18300000,23.49000000,146.57500000
2020-11-11,23.49100000,23.57100000,23.44300000,23.55500000,90.58100000
2020-11-11,23.56400000,23.77400000,23.49000000,23.70700000,325.45400000
2020-11-11,23.74800000,23.79300000,23.60600000,23.75600000,465.38000000
2020-11-11,23.79200000,24.54100000,23.58600000,24.53600000,2334.40400000
2020-11-11,24.53700000,24.67100000,23.96300000,24.01800000,995.34600000
2020-11-11,24.01700000,25.00400000,23.90000000,24.92300000,719.59900000
2020-11-11,24.82000000,24.90800000,24.42700000,24.71000000,554.21900000
2020-11-11,24.69000000,24.73400000,24.47300000,24.57300000,198.86400000
2020-11-11,24.55600000,26.16600000,24.46400000,24.56400000,2101.17200000
2020-11-11,24.55200000,24.65400000,24.39400000,24.63600000,161.41400000
2020-11-11,24.64400000,25.39400000,24.64400000,24.73700000,531.67100000
2020-11-11,24.72400000,25.37500000,24.58400000,24.82900000,652.22300000
2020-11-11,24.82600000,25.03500000,24.74800000,24.89400000,121.29600000
2020-11-11,24.83800000,25.64600000,24.60500000,25.27600000,981.59900000
2020-11-11,25.29600000,26.53100000,24.87100000,25.30400000,21013.60200000
2020-11-11,25.35600000,25.47400000,24.74400000,25.30600000,1854.04600000
2020-11-11,25.30600000,25.30600000,24.65200000,24.80200000,1537.79600000
2020-11-11,24.80200000,24.80500000,24.60300000,24.68700000,693.65700000
2020-11-11,24.68700000,25.34400000,24.55500000,25.25400000,1124.60900000
2020-11-11,25.25400000,25.39300000,24.86400000,25.39300000,1004.80000000
2020-11-12,25.34800000,25.51100000,25.10400000,25.17100000,372.29400000
2020-11-12,25.11500000,25.34100000,24.84700000,25.15400000,600.41900000
2020-11-12,25.12200000,25.25600000,24.94400000,24.98400000,165.79600000
2020-11-12,24.98400000,25.37200000,24.98400000,25.27500000,377.67700000
2020-11-12,25.31200000,25.31300000,24.60000000,24.76600000,514.14700000
2020-11-12,24.77400000,24.99500000,24.76800000,24.98400000,177.05600000
2020-11-12,24.99400000,25.13500000,24.65000000,24.73400000,381.44000000
2020-11-12,24.66500000,24.66500000,24.42200000,24.63400000,162.94700000
2020-11-12,24.63400000,24.63400000,23.98600000,24.10600000,265.24300000
2020-11-12,24.04100000,24.18900000,23.95500000,24.03800000,158.44200000
2020-11-12,24.12400000,24.21900000,24.06100000,24.18600000,200.72600000
2020-11-12,24.21700000,24.41500000,24.18300000,24.26700000,101.16600000
2020-11-12,24.29000000,24.29000000,24.12100000,24.19200000,152.71800000
2020-11-12,24.14800000,24.23100000,24.11700000,24.23100000,28.45600000
2020-11-12,24.21000000,24.49300000,24.18300000,24.20900000,239.86400000
2020-11-12,24.27300000,24.49300000,24.25000000,24.25000000,324.88100000
2020-11-12,24.25000000,24.32400000,24.25000000,24.26400000,207.73300000
2020-11-12,24.25100000,24.25100000,23.87300000,23.91600000,556.08500000
2020-11-12,23.96100000,24.45300000,23.75000000,23.75000000,682.96000000
2020-11-12,23.75000000,24.19000000,23.75000000,23.89600000,414.78300000
2020-11-12,23.89600000,24.35700000,23.73900000,24.35700000,304.20700000
2020-11-12,24.35700000,24.39200000,24.08100000,24.08100000,152.61100000
2020-11-12,24.07900000,24.10600000,23.91000000,24.08500000,245.66900000
2020-11-12,24.10600000,24.10600000,23.89300000,23.89300000,86.08700000
2020-11-13,23.96000000,24.02200000,23.88700000,23.98000000,118.83400000
2020-11-13,23.98200000,24.04200000,23.79000000,23.92100000,144.54300000
2020-11-13,23.96100000,24.26200000,23.96100000,24.18300000,89.06900000
2020-11-13,24.18300000,24.47400000,24.05800000,24.46700000,150.04600000
2020-11-13,24.40900000,24.52400000,23.71000000,23.79600000,463.37000000
2020-11-13,23.85700000,24.00200000,23.50500000,23.51800000,274.09700000
2020-11-13,23.50900000,23.72900000,23.37300000,23.72900000,740.69900000
2020-11-13,23.73500000,23.84900000,23.68800000,23.68800000,103.08100000
2020-11-13,23.66800000,23.83400000,23.58600000,23.83400000,127.68400000
2020-11-13,23.76500000,23.98200000,23.76200000,23.97300000,78.19800000
2020-11-13,23.96400000,23.96400000,23.72900000,23.79100000,48.36100000
2020-11-13,23.85400000,24.38100000,23.65000000,23.69600000,683.44500000
2020-11-13,23.82500000,23.93100000,23.77500000,23.93100000,124.95000000
2020-11-13,23.85300000,23.85300000,23.56600000,23.56600000,219.38700000
2020-11-13,23.63200000,23.84900000,23.50000000,23.74700000,424.87800000
2020-11-13,23.69900000,24.04400000,23.69900000,24.04400000,193.53900000
2020-11-13,23.96800000,24.10600000,23.90500000,24.10600000,73.13600000
2020-11-13,24.10600000,24.45700000,24.05800000,24.45700000,176.34800000
2020-11-13,24.45000000,24.45300000,23.95600000,23.95600000,103.01300000
2020-11-13,23.95500000,23.95500000,23.68900000,23.82200000,106.98900000
2020-11-13,23.85800000,24.49100000,23.83200000,24.12100000,297.50200000
2020-11-13,24.12100000,24.98500000,23.98600000,24.78800000,625.95000000
2020-11-13,24.80000000,24.99500000,24.77000000,24.91400000,449.86400000
2020-11-13,24.85200000,24.94500000,24.24700000,24.24700000,548.90300000
2020-11-14,24.29900000,24.39600000,24.01700000,24.20400000,338.45500000
2020-11-14,24.27300000,24.71400000,24.20400000,24.54000000,145.11400000
2020-11-14,24.61400000,24.66300000,24.34500000,24.43000000,168.37000000
2020-11-14,24.35100000,24.35100000,24.18700000,24.27700000,339.61100000
2020-11-14,24.31500000,24.44600000,24.22500000,24.31500000,339.71700000
2020-11-14,24.32700000,24.36500000,24.18700000,24.30700000,217.90100000
2020-11-14,24.34200000,24.43300000,24.27000000,24.36800000,110.24200000
2020-11-14,24.37900000,24.85400000,24.36600000,24.77000000,238.03200000
2020-11-14,24.76800000,24.94500000,24.74600000,24.94500000,146.14200000
2020-11-14,24.94400000,24.94500000,24.78400000,24.87400000,326.05000000
2020-11-14,24.80500000,24.85200000,24.52400000,24.60100000,81.25000000
2020-11-14,24.61200000,24.61200000,24.46500000,24.57400000,47.90400000
2020-11-14,24.54100000,24.55700000,24.27500000,24.34900000,49.53700000
2020-11-14,24.35300000,24.53400000,24.35300000,24.53400000,112.28400000
2020-11-14,24.53400000,24.83400000,24.53400000,24.79400000,146.51200000
2020-11-14,24.81400000,24.85800000,24.40400000,24.53100000,64.76300000
2020-11-14,24.51700000,24.51800000,24.16000000,24.41500000,188.00800000
2020-11-14,24.34700000,24.34700000,23.83100000,23.83700000,168.82600000
2020-11-14,23.83000000,23.85800000,23.75000000,23.83800000,147.47700000
2020-11-14,23.75300000,23.85800000,23.75000000,23.85800000,17.34900000
2020-11-14,23.87900000,24.35700000,23.79000000,24.35700000,124.01700000
2020-11-14,24.33800000,24.48000000,24.32000000,24.48000000,29.37200000
2020-11-14,24.47800000,24.50000000,24.38400000,24.38400000,19.73200000
2020-11-14,24.44500000,24.44600000,24.12100000,24.12100000,57.73500000
2020-11-15,24.14200000,24.34100000,24.14100000,24.14100000,87.80100000
2020-11-15,24.12100000,24.15500000,23.90000000,24.10700000,299.97100000
2020-11-15,24.08900000,24.26500000,24.08900000,24.14600000,54.02200000
2020-11-15,24.16400000,24.16400000,24.11000000,24.15700000,29.31500000
2020-11-15,24.18900000,24.21000000,24.16300000,24.21000000,10.76200000
2020-11-15,24.17300000,24.58400000,24.17200000,24.58400000,128.23100000
2020-11-15,24.58400000,24.58400000,24.16200000,24.45300000,314.40000000
2020-11-15,24.45300000,24.51300000,24.19900000,24.19900000,152.93400000
2020-11-15,24.18300000,24.18300000,24.06700000,24.06700000,33.08200000
2020-11-15,24.12800000,24.14700000,24.07800000,24.07800000,11.76300000
2020-11-15,24.14100000,25.40000000,24.01500000,24.47100000,13429.33700000
2020-11-15,24.53300000,24.55400000,23.97500000,24.11000000,1930.26100000
2020-11-15,24.10300000,24.15700000,23.91500000,24.00200000,137.67500000
2020-11-15,23.97900000,24.06400000,23.90000000,23.90000000,85.04400000
2020-11-15,23.95300000,24.14200000,23.85300000,24.14200000,113.05700000
2020-11-15,24.12900000,24.14500000,24.01100000,24.08500000,912.20600000
2020-11-15,24.08300000,24.29400000,24.08300000,24.18500000,219.05500000
2020-11-15,24.17600000,24.26400000,24.05900000,24.13900000,186.68100000
2020-11-15,24.15700000,24.19000000,23.95500000,23.95500000,48.22600000
2020-11-15,23.94500000,24.06400000,23.91400000,23.91400000,147.13200000
2020-11-15,23.89300000,24.07900000,23.82700000,24.06700000,222.58300000
2020-11-15,24.00100000,24.10000000,23.89400000,24.06100000,162.18000000
2020-11-15,24.01800000,24.06400000,23.97600000,23.97700000,32.15500000
2020-11-15,24.04800000,24.23100000,24.00000000,24.00100000,237.70000000
2020-11-16,24.07700000,24.11400000,24.00000000,24.07800000,166.72200000
2020-11-16,24.07800000,24.35700000,23.82700000,24.23100000,672.04500000
2020-11-16,24.23700000,24.50000000,23.99200000,24.03800000,1162.93000000
2020-11-16,24.04200000,24.42900000,23.92400000,24.40500000,369.59100000
2020-11-16,24.34600000,24.38900000,23.93400000,24.03200000,232.25600000
2020-11-16,23.95500000,24.01200000,23.60000000,23.67300000,234.55400000
2020-11-16,23.68400000,23.69400000,23.24400000,23.65300000,555.49400000
2020-11-16,23.65300000,24.08500000,23.65300000,24.05200000,158.59200000
2020-11-16,24.01800000,24.07300000,23.92200000,23.95100000,122.95600000
2020-11-16,24.01400000,24.29700000,23.93700000,24.17600000,177.51600000
2020-11-16,24.25100000,24.27600000,24.01700000,24.01700000,42.72500000
2020-11-16,24.01700000,24.01700000,23.75100000,23.82900000,102.03000000
2020-11-16,23.82400000,23.82400000,23.71900000,23.79500000,53.39200000
2020-11-16,23.79600000,24.18500000,23.79600000,24.18500000,137.60800000
2020-11-16,24.12900000,24.20100000,24.12900000,24.16300000,35.79600000
2020-11-16,24.16300000,24.44800000,24.16300000,24.37000000,311.65600000
2020-11-16,24.39800000,24.50000000,24.22400000,24.22400000,304.95500000
2020-11-16,24.24900000,24.26800000,24.05700000,24.26600000,135.72300000
2020-11-16,24.18400000,24.74200000,24.13800000,24.73700000,461.96700000
2020-11-16,24.73200000,24.73900000,24.27200000,24.35600000,389.21800000
2020-11-16,24.33200000,24.33900000,24.12600000,24.27300000,204.77700000
2020-11-16,24.29400000,24.70400000,24.29400000,24.56600000,214.28300000
2020-11-16,24.65300000,24.94400000,24.42400000,24.73400000,409.06000000
2020-11-16,24.73400000,24.82900000,24.14100000,24.38800000,196.53100000
2020-11-17,24.37800000,24.58700000,24.10400000,24.34900000,275.01100000
2020-11-17,24.31000000,24.63100000,24.08500000,24.27200000,1624.85700000
2020-11-17,24.27200000,24.53800000,24.26700000,24.50000000,352.44300000
2020-11-17,24.44400000,24.53300000,24.28800000,24.34700000,297.48300000
2020-11-17,24.42700000,24.45200000,24.34600000,24.40100000,22.43900000
2020-11-17,24.36600000,24.36600000,23.95500000,24.02600000,249.67500000
2020-11-17,24.00900000,24.39600000,23.60800000,24.29800000,1501.60900000
2020-11-17,24.29700000,24.33600000,24.06500000,24.15800000,320.42600000
2020-11-17,24.07900000,24.36700000,24.01700000,24.36700000,174.12100000
2020-11-17,24.37700000,24.55400000,24.23800000,24.35600000,482.40200000
2020-11-17,24.35500000,24.35500000,24.26700000,24.26700000,28.84100000
2020-11-17,24.33500000,24.67400000,24.33500000,24.52500000,184.69700000
2020-11-17,24.52400000,24.57400000,24.47800000,24.47800000,38.45700000
2020-11-17,24.49400000,24.56000000,24.45000000,24.52000000,191.82800000
2020-11-17,24.45100000,24.81800000,24.37900000,24.80200000,339.31800000
2020-11-17,24.78700000,24.94400000,24.72700000,24.94400000,202.84800000
2020-11-17,24.94400000,25.08500000,24.90100000,25.08500000,198.26700000
2020-11-17,25.00500000,25.17900000,24.74500000,24.87000000,256.26000000
2020-11-17,24.78800000,25.19900000,24.57200000,25.06700000,589.85700000
2020-11-17,25.11200000,25.21500000,24.61600000,24.72400000,527.30400000
2020-11-17,24.73400000,25.56900000,24.73400000,24.87400000,723.09400000
2020-11-17,24.90700000,25.15500000,24.69500000,24.83400000,251.05700000
2020-11-17,24.80300000,24.96900000,24.50400000,24.96900000,329.41600000
2020-11-17,24.97500000,25.21500000,24.79400000,25.19100000,129.84400000
2020-11-18,25.20300000,25.45700000,24.56400000,24.56400000,952.80300000
2020-11-18,24.65300000,25.05500000,24.29500000,24.50400000,1030.69100000
2020-11-18,24.54000000,24.69400000,24.38400000,24.67000000,305.52600000
2020-11-18,24.62700000,24.79400000,24.38500000,24.49600000,422.21600000
2020-11-18,24.57400000,24.63400000,24.48400000,24.52100000,94.17900000
2020-11-18,24.58100000,24.58100000,24.36300000,24.43300000,130.63100000
2020-11-18,24.43200000,24.43400000,24.25000000,24.39000000,101.69800000
2020-11-18,24.39500000,24.50600000,24.14100000,24.35600000,548.45300000
2020-11-18,24.35300000,24.81400000,24.35300000,24.59200000,245.66700000
2020-11-18,24.59200000,24.73400000,22.88000000,24.73400000,995.49800000
2020-11-18,24.73100000,24.75400000,24.51400000,24.60600000,173.05600000
2020-11-18,24.59900000,24.67400000,24.32700000,24.67400000,149.04900000
2020-11-18,24.58400000,24.70500000,24.17500000,24.68400000,626.79000000
2020-11-18,24.67900000,24.70500000,23.46400000,23.89800000,720.58800000
2020-11-18,23.92200000,24.64900000,23.64700000,24.18300000,665.78200000
2020-11-18,24.16200000,24.41500000,24.01800000,24.21000000,160.90700000
2020-11-18,24.23100000,24.33500000,23.49100000,23.52100000,819.69600000
2020-11-18,23.59100000,23.74100000,23.45100000,23.66000000,471.70400000
2020-11-18,23.66000000,24.23300000,23.62700000,24.23300000,635.20900000
2020-11-18,24.17300000,24.29300000,23.79200000,23.88200000,112.43200000
2020-11-18,23.83800000,23.87600000,23.71000000,23.71000000,62.47200000
2020-11-18,23.71000000,23.85800000,23.50500000,23.59200000,312.75200000
2020-11-18,23.50600000,23.98200000,23.50000000,23.88700000,159.13400000
2020-11-18,23.93000000,23.93000000,23.29700000,23.90000000,468.64100000
2020-11-19,23.90000000,24.41500000,23.82500000,24.24600000,199.71400000
2020-11-19,24.29900000,24.30200000,24.03800000,24.05500000,93.23700000
2020-11-19,24.12500000,24.14500000,23.85200000,23.92000000,68.10100000
2020-11-19,23.85500000,23.89800000,23.66800000,23.66800000,48.15100000
2020-11-19,23.67000000,23.67000000,23.52500000,23.52500000,52.47200000
2020-11-19,23.59100000,23.79600000,23.59100000,23.79600000,25.94200000
2020-11-19,23.79600000,24.04400000,23.79600000,23.91400000,207.51400000
2020-11-19,23.96000000,23.98200000,23.71600000,23.78900000,121.07100000
2020-11-19,23.79000000,23.96100000,23.71600000,23.76700000,287.06400000
2020-11-19,23.74600000,23.79400000,23.68800000,23.68800000,49.01700000
2020-11-19,23.76900000,24.04100000,23.75700000,23.87200000,143.18900000
2020-11-19,23.93800000,24.39600000,23.64700000,24.27200000,599.69900000
2020-11-19,24.27300000,24.27300000,23.74900000,23.83700000,282.54100000
2020-11-19,23.75300000,24.02500000,23.70200000,24.00300000,166.53800000
2020-11-19,24.04400000,24.06300000,23.71000000,23.71000000,89.96300000
2020-11-19,23.71000000,24.23700000,23.51300000,23.58700000,321.86200000
2020-11-19,23.58700000,23.63300000,23.50500000,23.50600000,32.88900000
2020-11-19,23.51100000,23.54800000,23.44400000,23.44400000,30.13600000
2020-11-19,23.44400000,23.87900000,23.44400000,23.75900000,241.73600000
2020-11-19,23.77200000,23.83800000,23.73100000,23.83800000,27.79400000
2020-11-19,23.80000000,24.16800000,23.77000000,23.77300000,198.08100000
2020-11-19,23.77000000,23.79300000,23.61000000,23.62200000,53.52200000
2020-11-19,23.69400000,24.08400000,23.63000000,23.96100000,286.08300000
2020-11-19,23.96100000,23.96100000,23.62700000,23.70400000,197.86200000
2020-11-20,23.71300000,23.83800000,23.32300000,23.83800000,1401.57900000
2020-11-20,23.83800000,23.85700000,23.62700000,23.74800000,154.59100000
2020-11-20,23.74100000,23.97000000,23.68800000,23.68800000,318.13300000
2020-11-20,23.75300000,23.97400000,23.64700000,23.67600000,541.21700000
2020-11-20,23.68700000,24.06200000,23.68300000,23.68800000,149.96500000
2020-11-20,23.75300000,24.23000000,23.40400000,23.40400000,536.30600000
2020-11-20,23.46900000,23.77900000,23.45000000,23.67100000,429.75000000
2020-11-20,23.61700000,24.10000000,23.38400000,23.53100000,639.85400000
2020-11-20,23.55200000,23.89700000,23.37400000,23.49900000,412.13100000
2020-11-20,23.42400000,23.84100000,23.35300000,23.51400000,309.44000000
2020-11-20,23.50500000,23.77500000,23.40400000,23.40500000,241.33300000
2020-11-20,23.47000000,23.67300000,23.39000000,23.61200000,182.30600000
2020-11-20,23.63400000,23.67300000,23.35000000,23.39800000,135.33300000
2020-11-20,23.43800000,23.79600000,23.26300000,23.77500000,373.55800000
2020-11-20,23.76500000,23.79700000,23.35000000,23.62400000,467.21400000
2020-11-20,23.64700000,24.00000000,23.64700000,23.94000000,228.05900000
2020-11-20,23.87200000,24.00000000,23.56600000,23.85800000,272.63400000
2020-11-20,23.82800000,24.10000000,23.79000000,23.95600000,254.51700000
2020-11-20,23.95700000,24.08500000,23.86500000,23.87200000,177.70100000
2020-11-20,23.92000000,24.06300000,23.70900000,23.93200000,306.36100000
2020-11-20,23.98100000,24.10000000,23.91400000,24.00200000,282.52600000
2020-11-20,23.93500000,24.00500000,23.79100000,23.93400000,290.77500000
2020-11-20,23.99500000,24.10000000,23.71300000,23.97700000,630.17300000
2020-11-20,23.92200000,24.10000000,23.65000000,23.77000000,864.01100000
2020-11-21,23.77000000,24.10000000,23.70800000,23.88200000,1347.11900000
2020-11-21,23.92500000,24.10000000,23.75400000,24.09900000,503.10200000
2020-11-21,24.10000000,24.10000000,23.85200000,24.00200000,195.72200000
2020-11-21,24.00700000,24.10000000,23.95700000,24.07200000,268.93200000
2020-11-21,24.09900000,24.10000000,23.91500000,23.91500000,138.94700000
2020-11-21,23.97500000,24.09600000,23.78800000,23.91200000,145.22100000
2020-11-21,23.89700000,23.97900000,23.66700000,23.96100000,387.53300000
2020-11-21,23.89800000,24.08000000,23.72900000,23.98800000,297.36300000
2020-11-21,23.99800000,24.10000000,23.66800000,24.06000000,547.11200000
2020-11-21,23.97700000,26.99700000,23.83100000,26.21000000,10795.87200000
2020-11-21,26.18600000,26.75000000,25.28100000,25.91000000,2827.30700000
2020-11-21,25.91000000,26.00900000,25.36400000,25.36400000,715.30800000
2020-11-21,25.34400000,27.79100000,24.76400000,25.62300000,7414.38200000
2020-11-21,25.59000000,26.79700000,25.54400000,25.56700000,1321.92800000
2020-11-21,25.57600000,25.69800000,25.00000000,25.13500000,1098.00800000
2020-11-21,25.14700000,25.70600000,25.11400000,25.69500000,357.52500000
2020-11-21,25.69500000,25.99000000,25.38200000,25.53800000,771.24000000
2020-11-21,25.49500000,25.70600000,25.36500000,25.70600000,371.94800000
2020-11-21,25.69100000,26.14300000,25.46400000,25.98700000,617.20900000
2020-11-21,25.90000000,26.05600000,25.27100000,25.35500000,193.40700000
2020-11-21,25.33100000,25.57700000,25.29300000,25.55000000,203.31800000
2020-11-21,25.48400000,25.76100000,25.22400000,25.42700000,692.03800000
2020-11-21,25.43600000,25.71900000,25.24400000,25.30700000,685.74600000
2020-11-21,25.27400000,25.86500000,25.14400000,25.68400000,724.62800000
2020-11-22,25.67400000,27.06600000,25.46400000,27.02400000,2960.12500000
2020-11-22,27.06500000,27.82200000,26.75200000,26.88200000,1736.69200000
2020-11-22,26.75500000,45.46500000,26.44000000,28.53000000,8850.32900000
2020-11-22,28.62100000,29.79000000,28.09900000,29.58100000,9114.78000000
2020-11-22,29.61300000,29.68000000,27.93300000,27.99500000,2639.17300000
2020-11-22,27.93400000,29.00100000,26.22400000,27.75900000,6395.17500000
2020-11-22,27.80200000,27.94800000,26.50000000,26.81200000,1495.44200000
2020-11-22,26.78600000,27.31700000,26.69500000,27.18500000,1553.18000000
2020-11-22,27.17800000,28.69800000,26.85000000,26.85000000,13148.72500000
2020-11-22,26.85000000,27.27300000,25.88500000,26.25700000,8269.54900000
2020-11-22,26.22300000,26.47500000,26.10800000,26.30800000,511.66000000
2020-11-22,26.30900000,26.91400000,26.30900000,26.42900000,396.15100000
2020-11-22,26.40300000,28.41300000,26.40300000,28.40800000,1137.13400000
2020-11-22,28.40800000,28.42900000,27.31300000,27.63900000,921.30000000
2020-11-22,27.61400000,27.75900000,26.82200000,26.82200000,521.72000000
2020-11-22,26.83500000,27.16800000,26.75900000,26.92000000,414.54800000
2020-11-22,26.94000000,26.98700000,26.50500000,26.50500000,221.25400000
2020-11-22,26.48600000,26.76700000,26.36300000,26.66200000,305.68600000
2020-11-22,26.75100000,26.79300000,26.34600000,26.50900000,326.80700000
2020-11-22,26.42300000,29.63300000,26.34600000,28.82000000,8959.82400000
2020-11-22,29.01700000,29.19500000,27.61500000,28.21900000,6840.65600000
2020-11-22,28.21900000,28.25000000,27.24000000,28.18100000,1936.18600000
2020-11-22,28.16900000,32.41200000,28.03200000,32.41200000,10254.90600000
2020-11-22,32.41200000,41.54700000,32.41200000,38.61000000,73765.72100000
2020-11-23,38.47800000,38.62600000,33.43000000,34.04200000,15229.41100000
2020-11-23,34.18900000,35.34800000,32.80000000,32.90900000,11002.80600000
2020-11-23,32.85000000,35.30000000,32.85000000,34.86700000,6951.85000000
2020-11-23,34.81100000,37.00000000,34.15200000,35.83000000,10429.29400000
2020-11-23,35.70400000,36.08800000,33.53600000,34.56300000,10810.25400000
2020-11-23,34.75800000,35.35700000,33.65900000,34.61800000,3523.43000000
2020-11-23,34.68900000,36.55000000,34.32300000,36.55000000,4375.33000000
2020-11-23,36.55000000,37.68200000,32.19200000,32.47300000,12085.99100000
2020-11-23,32.46100000,33.73000000,31.78500000,31.78500000,8128.85700000
2020-11-23,31.73800000,33.20000000,31.59900000,33.00000000,2721.14200000
2020-11-23,32.91500000,34.39500000,32.70100000,34.07800000,5573.53100000
2020-11-23,34.07200000,34.97400000,33.05900000,33.78200000,3577.53000000
2020-11-23,33.54100000,34.21500000,32.70600000,34.01700000,1959.38100000
2020-11-23,34.01700000,34.57800000,33.63100000,34.28200000,1329.04100000
2020-11-23,34.29500000,34.51200000,33.26600000,33.67200000,1647.30600000
2020-11-23,33.80500000,33.90700000,32.97700000,33.52000000,932.95500000
2020-11-23,33.51600000,33.77300000,32.62900000,33.72800000,1940.57800000
2020-11-23,33.72800000,34.70900000,33.53500000,34.65000000,4604.20600000
2020-11-23,34.66400000,36.80000000,34.49200000,36.63600000,4247.74800000
2020-11-23,36.70100000,39.32000000,35.13900000,35.64900000,17001.27700000
2020-11-23,35.64900000,36.39800000,34.98200000,35.39800000,3963.72800000
2020-11-23,35.39900000,35.70900000,34.31600000,35.17800000,4548.80100000
2020-11-23,35.18200000,35.27800000,33.76000000,33.82000000,2108.18200000
2020-11-23,33.83200000,34.70900000,33.83200000,34.07700000,2348.90800000
2020-11-24,34.07700000,35.31400000,33.86500000,34.40900000,4494.40900000
2020-11-24,34.34700000,35.50000000,33.99600000,34.79300000,1621.27600000
2020-11-24,34.79300000,34.89600000,34.31000000,34.49800000,384.28400000
2020-11-24,34.32800000,35.45800000,33.75000000,34.96900000,1121.25900000
2020-11-24,34.77800000,34.83300000,33.97600000,34.53300000,850.68400000
2020-11-24,34.47600000,34.72100000,33.88400000,33.88400000,1130.25900000
2020-11-24,34.14800000,35.20900000,34.10500000,34.79000000,1167.71700000
2020-11-24,34.68400000,34.86700000,33.94500000,34.13900000,955.64300000
2020-11-24,34.00900000,34.12100000,32.96900000,33.22700000,1936.36500000
2020-11-24,33.34400000,33.73000000,33.15500000,33.70000000,1716.62600000
2020-11-24,33.75100000,33.86000000,33.15600000,33.60400000,1153.99000000
2020-11-24,33.64600000,33.90800000,33.50100000,33.83000000,807.30400000
2020-11-24,33.70200000,33.81000000,33.18100000,33.41000000,661.46600000
2020-11-24,33.35600000,33.81500000,32.95700000,33.40100000,1301.56900000
2020-11-24,33.28700000,33.28700000,32.37000000,32.79600000,1410.96300000
2020-11-24,32.83400000,33.75100000,32.41000000,33.10000000,3872.59900000
2020-11-24,33.13100000,34.65700000,32.64200000,34.46900000,4561.00900000
2020-11-24,34.63500000,34.63600000,33.00000000,33.27400000,1316.25100000
2020-11-24,33.42100000,33.43900000,32.41000000,33.29000000,2272.49700000
2020-11-24,33.29500000,33.59100000,33.29000000,33.50100000,379.58300000
2020-11-24,33.42500000,33.69600000,32.10100000,32.36800000,1317.25500000
2020-11-24,32.44000000,32.78000000,32.14400000,32.58600000,713.21300000
2020-11-24,32.59500000,33.70000000,32.59500000,33.04100000,1554.31700000
2020-11-24,33.05400000,33.13500000,32.29400000,32.88900000,681.48100000
2020-11-25,32.88400000,33.70000000,32.71800000,33.41200000,916.51800000
2020-11-25,33.42000000,34.28200000,32.75000000,33.66500000,1114.71200000
2020-11-25,33.63700000,33.88800000,33.00000000,33.43600000,1134.69800000
2020-11-25,33.42700000,33.75000000,32.80000000,32.84200000,521.32300000
2020-11-25,32.98900000,33.09500000,32.52400000,32.52800000,733.06400000
2020-11-25,32.52800000,33.24700000,32.50000000,32.63300000,299.02100000
2020-11-25,32.63300000,32.77100000,32.50000000,32.50000000,134.71200000
2020-11-25,32.50000000,32.90900000,32.50000000,32.77300000,239.99900000
2020-11-25,32.88600000,32.90900000,31.87700000,31.88600000,950.65000000
2020-11-25,32.03800000,32.30000000,31.63900000,32.02700000,857.23300000
2020-11-25,31.99400000,32.21000000,31.21500000,31.46500000,820.22600000
2020-11-25,31.32000000,31.34700000,30.20100000,30.24400000,1458.83500000
2020-11-25,30.38700000,30.95700000,30.30600000,30.48200000,627.52700000
2020-11-25,30.49100000,30.71600000,30.20100000,30.68400000,222.06600000
2020-11-25,30.63100000,31.00000000,30.62700000,30.93400000,242.62000000
2020-11-25,30.93400000,31.23400000,30.84400000,31.07700000,283.45500000
2020-11-25,31.16700000,31.54500000,30.61800000,31.35400000,883.98400000
2020-11-25,31.23300000,31.85600000,31.02800000,31.54100000,571.16000000
2020-11-25,31.63500000,31.91700000,31.45200000,31.90400000,402.40500000
2020-11-25,31.80200000,32.13200000,31.69300000,31.91600000,288.18600000
2020-11-25,31.92900000,32.03900000,31.45800000,31.59900000,262.06700000
2020-11-25,31.63800000,31.99600000,31.45800000,31.63400000,448.39100000
2020-11-25,31.62200000,31.62200000,31.00000000,31.32200000,544.98500000
2020-11-25,31.33800000,31.80600000,31.00000000,31.30600000,493.83000000
2020-11-26,31.33500000,31.43200000,30.70000000,31.17700000,488.81800000
2020-11-26,31.19100000,31.54400000,30.20000000,31.20000000,1606.14700000
2020-11-26,31.31200000,32.00000000,31.22100000,31.95700000,1070.52100000
2020-11-26,31.95800000,32.09300000,31.10700000,31.10700000,600.76000000
2020-11-26,31.10800000,31.22500000,30.21300000,30.37900000,990.42800000
2020-11-26,30.36500000,30.87000000,30.00000000,30.30900000,697.27400000
2020-11-26,30.37700000,30.46000000,29.37400000,29.85300000,942.43700000
2020-11-26,29.80300000,29.88300000,28.50200000,29.62700000,1091.44700000
2020-11-26,29.41400000,30.69100000,29.22700000,30.64800000,659.41200000
2020-11-26,30.67700000,30.92300000,30.47100000,30.63300000,415.11800000
2020-11-26,30.56300000,30.56800000,29.75700000,29.75700000,1084.84300000
2020-11-26,29.82300000,29.84800000,27.77300000,29.05600000,2554.97300000
2020-11-26,29.05500000,29.40900000,27.87500000,28.18700000,2256.92200000
2020-11-26,28.19600000,28.57800000,28.01400000,28.54600000,1286.17300000
2020-11-26,28.60500000,28.92300000,28.23000000,28.34400000,496.66600000
2020-11-26,28.23100000,28.28300000,27.62400000,27.69000000,876.44200000
2020-11-26,27.64000000,28.61800000,26.58900000,28.32000000,7190.02400000
2020-11-26,28.22500000,28.68800000,27.70900000,28.50500000,807.02800000
2020-11-26,28.69100000,28.91600000,28.14400000,28.69200000,385.96000000
2020-11-26,28.69200000,29.50000000,27.82100000,27.83400000,737.94600000
2020-11-26,27.80300000,28.08000000,27.09500000,27.96900000,907.06500000
2020-11-26,27.98700000,28.23000000,27.57200000,27.64400000,587.38400000
2020-11-26,27.70500000,27.70500000,27.04400000,27.04400000,660.56000000
2020-11-26,27.02700000,27.67200000,26.71700000,27.23200000,998.51900000
2020-11-27,27.28500000,27.47400000,26.24700000,26.42200000,776.50800000
2020-11-27,26.43500000,27.29000000,25.98900000,27.09500000,989.67200000
2020-11-27,27.02500000,27.41000000,26.65800000,27.16000000,453.32800000
2020-11-27,27.13700000,27.16600000,26.59500000,27.12400000,299.90900000
2020-11-27,27.10500000,28.46100000,26.61500000,27.89800000,1549.38500000
2020-11-27,27.89800000,28.39800000,27.38100000,27.46400000,305.46100000
2020-11-27,27.56300000,27.91200000,27.18600000,27.55000000,686.78600000
2020-11-27,27.54600000,28.52200000,27.15700000,28.00300000,315.41100000
2020-11-27,28.08400000,28.17000000,27.45000000,27.70600000,1220.84400000
2020-11-27,27.70600000,27.89100000,27.30800000,27.59600000,891.10300000
2020-11-27,27.59300000,27.59800000,26.67100000,26.87200000,645.46800000
2020-11-27,26.75800000,27.88600000,26.67600000,27.21800000,948.60100000
2020-11-27,27.18000000,27.23100000,26.44800000,26.57000000,998.64600000
2020-11-27,26.57600000,27.05100000,26.53400000,26.96900000,370.10700000
2020-11-27,27.02400000,27.46100000,26.84200000,27.29100000,259.86100000
2020-11-27,27.38900000,27.41400000,26.83300000,26.87100000,312.83700000
2020-11-27,26.91400000,26.91500000,26.00800000,26.69800000,576.12100000
2020-11-27,26.75100000,26.90000000,25.94500000,26.01500000,344.10900000
2020-11-27,26.05000000,26.63000000,26.05000000,26.63000000,655.59600000
2020-11-27,26.72600000,26.72700000,26.37800000,26.37800000,446.53700000
2020-11-27,26.43900000,27.27400000,26.40800000,26.86100000,571.46500000
2020-11-27,26.85000000,27.53000000,26.72700000,26.73500000,366.78600000
2020-11-27,26.71400000,26.93200000,26.58700000,26.78900000,581.84400000
2020-11-27,26.64300000,26.78500000,26.04700000,26.11300000,675.05500000
2020-11-28,26.18100000,26.83100000,26.12600000,26.83100000,192.64600000
2020-11-28,26.84000000,27.12200000,26.69400000,27.06700000,426.90000000
2020-11-28,27.05000000,27.23700000,27.04800000,27.08700000,94.47900000
2020-11-28,27.12300000,27.18100000,27.08500000,27.12200000,241.60500000
2020-11-28,27.06000000,27.19000000,27.00900000,27.12400000,189.81800000
2020-11-28,27.09600000,27.15700000,26.99200000,26.99200000,123.41100000
2020-11-28,27.05400000,27.14300000,26.92000000,27.01600000,44.47600000
2020-11-28,27.01600000,27.22200000,26.93300000,27.16300000,193.08300000
2020-11-28,27.22100000,28.23000000,27.22100000,28.23000000,473.12800000
2020-11-28,28.23000000,33.30000000,28.23000000,30.94000000,18764.11900000
2020-11-28,30.94100000,31.86900000,29.78900000,30.10900000,5749.58100000
2020-11-28,30.00800000,30.32500000,29.93000000,29.97700000,731.24300000
2020-11-28,29.96100000,30.01500000,29.23500000,29.30400000,1725.27600000
2020-11-28,29.36200000,31.29100000,29.32500000,30.82700000,2379.32500000
2020-11-28,30.82800000,32.99800000,30.50000000,31.48700000,11897.97700000
2020-11-28,31.49400000,32.05700000,30.22800000,31.58800000,3093.37500000
2020-11-28,31.99800000,32.11400000,30.00000000,30.13300000,3295.62100000
2020-11-28,30.18400000,30.32700000,30.02900000,30.16800000,561.58900000
2020-11-28,30.24300000,31.50000000,30.23200000,31.32200000,991.99900000
2020-11-28,31.27100000,32.86000000,31.26800000,31.45100000,6829.64900000
2020-11-28,31.45100000,31.62100000,30.88500000,31.41100000,2425.19200000
2020-11-28,31.41100000,31.46800000,31.11700000,31.34100000,1455.88100000
2020-11-28,31.34700000,31.55000000,30.60300000,30.71300000,3487.11800000
2020-11-28,30.82100000,32.32700000,30.63300000,32.32600000,2047.84800000
2020-11-29,32.32900000,35.63000000,32.06900000,34.72800000,11642.94100000
2020-11-29,34.70200000,38.00000000,34.62500000,34.65200000,23468.58900000
2020-11-29,34.62300000,36.20000000,33.39600000,34.00000000,9367.21900000
2020-11-29,33.91300000,34.06500000,32.79000000,32.96200000,4458.49500000
2020-11-29,33.02000000,36.77900000,32.95200000,33.99500000,11728.45900000
2020-11-29,33.89900000,36.59200000,33.74500000,35.66300000,22841.87700000
2020-11-29,35.67900000,41.21800000,35.67900000,40.63500000,26140.73100000
2020-11-29,41.10900000,41.34600000,37.73500000,38.30000000,22126.74200000
2020-11-29,38.27100000,38.67000000,35.57000000,36.53200000,9857.70200000
2020-11-29,36.58900000,40.00000000,36.30000000,39.50000000,8019.67500000
2020-11-29,39.50000000,39.86200000,37.50000000,38.03800000,4952.78000000
2020-11-29,38.03900000,38.33300000,36.30000000,38.04600000,4992.59100000
2020-11-29,38.04600000,39.26600000,36.96900000,37.25200000,5778.23300000
2020-11-29,37.29800000,37.42200000,36.30000000,36.38900000,1563.50700000
2020-11-29,36.39000000,36.48600000,35.62100000,35.71000000,2331.99300000
2020-11-29,35.80500000,36.97900000,35.76600000,36.56500000,1807.50100000
2020-11-29,36.70300000,37.09100000,35.31100000,35.56000000,2733.78300000
2020-11-29,35.56800000,36.41900000,35.48000000,35.54000000,1171.74900000
2020-11-29,35.52100000,36.33600000,35.41500000,36.18200000,1483.24000000
2020-11-29,36.17900000,36.52900000,36.05800000,36.33400000,1099.00300000
2020-11-29,36.48500000,36.90000000,35.87700000,36.50900000,1335.90400000
2020-11-29,36.48700000,36.97900000,35.44500000,35.71400000,1834.45600000
2020-11-29,35.60000000,35.92500000,35.00900000,35.34000000,1867.28600000
2020-11-29,35.23500000,35.30700000,34.12700000,34.47200000,2838.59400000
2020-11-30,34.47200000,34.90600000,34.14700000,34.56100000,1573.86600000
2020-11-30,34.47000000,34.57200000,33.94000000,34.06900000,1366.85800000
2020-11-30,34.06400000,34.94000000,32.95900000,34.62600000,4657.21500000
2020-11-30,34.50000000,34.50400000,33.60900000,34.32100000,1482.78300000
2020-11-30,34.43800000,34.91900000,34.18800000,34.91200000,1258.92000000
2020-11-30,34.92100000,35.09000000,33.45800000,33.62000000,2256.09900000
2020-11-30,33.68900000,35.73800000,33.68800000,35.62600000,2210.02900000
2020-11-30,35.68100000,35.80900000,34.52600000,35.44700000,3738.08000000
2020-11-30,35.58800000,35.58900000,34.64200000,34.78000000,1864.32600000
2020-11-30,34.78000000,35.51000000,34.78000000,35.40300000,848.69300000
2020-11-30,35.36700000,35.55300000,35.10000000,35.44300000,756.13000000
2020-11-30,35.53400000,36.66100000,35.53100000,35.57600000,2869.75400000
2020-11-30,35.71300000,35.89500000,35.05500000,35.89400000,570.89800000
2020-11-30,35.83600000,35.83600000,34.91400000,35.30000000,456.33500000
2020-11-30,35.07000000,35.44200000,34.42300000,34.53500000,1048.33700000
2020-11-30,34.46400000,34.46600000,34.07200000,34.10600000,359.56300000
2020-11-30,34.12200000,34.79300000,33.96400000,34.08700000,572.11200000
2020-11-30,34.08800000,35.50900000,33.96400000,34.38500000,1375.06400000
2020-11-30,34.56400000,35.40800000,34.47200000,35.26200000,680.61600000
2020-11-30,35.24900000,35.24900000,34.42000000,34.61300000,285.15500000
2020-11-30,34.68200000,35.14400000,34.62300000,34.84700000,556.66300000
2020-11-30,34.84700000,35.08600000,34.06400000,34.06400000,1366.19600000
2020-11-30,34.06400000,34.50800000,33.76300000,33.85700000,1350.42200000
2020-12-01,33.77800000,34.30700000,33.76300000,34.18600000,1374.11300000
2020-12-01,34.08800000,34.74400000,33.97400000,34.18000000,1267.01900000
2020-12-01,34.21200000,34.21200000,33.90200000,34.03800000,528.49900000
2020-12-01,33.97800000,34.01600000,33.60000000,33.72400000,779.43400000
2020-12-01,33.75700000,34.22600000,33.52200000,33.58000000,1355.69000000
2020-12-01,33.73200000,33.76800000,33.05000000,33.76800000,1431.20200000
2020-12-01,33.75500000,33.86600000,33.36000000,33.63100000,498.90800000
2020-12-01,33.63100000,33.69100000,33.43300000,33.53500000,353.27700000
2020-12-01,33.52600000,34.07600000,33.09900000,34.07300000,730.42900000
2020-12-01,33.93600000,34.44100000,33.68300000,34.23500000,715.80500000
2020-12-01,34.07000000,34.21100000,33.42600000,33.90600000,330.64700000
2020-12-01,33.81100000,34.59300000,33.80000000,33.85200000,968.14300000
2020-12-01,33.90700000,33.90800000,33.47700000,33.81200000,621.24900000
2020-12-01,33.77000000,34.01100000,33.26200000,33.26400000,381.18900000
2020-12-01,33.38100000,33.64400000,33.21300000,33.64400000,601.76100000
2020-12-01,33.63200000,33.95700000,33.20000000,33.77800000,671.26200000
2020-12-01,33.76900000,34.17500000,33.00000000,34.12800000,1661.55300000
2020-12-01,34.14900000,34.49000000,34.04100000,34.11200000,1462.29500000
2020-12-01,34.12700000,34.65200000,34.09400000,34.65200000,1321.69400000
2020-12-01,34.58600000,34.68200000,33.25000000,33.44300000,1443.66500000
2020-12-01,33.46100000,33.82400000,31.91000000,31.92400000,2033.51900000
2020-12-01,31.90900000,33.60200000,31.54200000,33.22100000,1390.16300000
2020-12-01,33.22600000,33.67100000,33.03700000,33.46000000,498.12100000
2020-12-01,33.40100000,33.66600000,32.99800000,33.55900000,202.57800000
2020-12-02,33.31300000,33.48900000,32.84100000,33.03200000,271.15500000
2020-12-02,33.00400000,33.01500000,32.36000000,32.90100000,521.46600000
2020-12-02,32.70700000,32.94800000,32.50400000,32.73600000,204.37700000
2020-12-02,32.84700000,33.96700000,32.71200000,32.95600000,865.79100000
2020-12-02,32.94000000,32.94000000,32.44900000,32.60000000,380.44600000
2020-12-02,32.60000000,32.81600000,32.39100000,32.46500000,449.77900000
2020-12-02,32.48500000,32.51500000,31.50400000,31.78200000,790.81600000
2020-12-02,31.78300000,31.78300000,31.08400000,31.25400000,693.44200000
2020-12-02,31.29600000,31.74100000,30.91600000,31.45500000,693.10000000
2020-12-02,31.40000000,31.89700000,31.29300000,31.74600000,262.68900000
2020-12-02,31.77500000,32.70200000,31.51300000,31.51300000,1309.96000000
2020-12-02,31.51300000,31.51300000,31.00000000,31.11800000,754.70600000
2020-12-02,31.19100000,31.30400000,31.02700000,31.24500000,446.44400000
2020-12-02,31.32700000,31.46600000,31.00000000,31.31600000,413.23500000
2020-12-02,31.36400000,31.64600000,31.32100000,31.32200000,333.86100000
2020-12-02,31.32600000,32.09700000,31.13100000,32.00000000,1391.35700000
2020-12-02,31.95200000,32.07100000,31.71000000,31.88000000,749.76500000
2020-12-02,31.79400000,32.19200000,31.63100000,31.83100000,266.61400000
2020-12-02,31.94700000,31.95400000,31.83100000,31.87600000,184.39600000
2020-12-02,31.87600000,31.98600000,31.83100000,31.88800000,137.69300000
2020-12-02,31.83200000,31.93800000,31.25800000,31.93800000,722.42500000
2020-12-02,31.92800000,32.60000000,31.80100000,32.16200000,920.33200000
2020-12-02,32.04000000,32.43100000,31.83300000,31.91600000,301.31400000
2020-12-02,31.86500000,32.35300000,31.44900000,31.95900000,744.58300000
2020-12-03,31.88100000,32.46700000,31.66900000,31.66900000,757.25300000
2020-12-03,31.66900000,32.08400000,31.50700000,31.86100000,774.54800000
2020-12-03,31.87100000,31.92100000,31.44100000,31.75900000,861.62000000
2020-12-03,31.82400000,31.83700000,31.55000000,31.55000000,191.38700000
2020-12-03,31.56700000,31.64700000,31.32200000,31.55400000,1198.92700000
2020-12-03,31.62400000,31.76800000,31.41700000,31.50000000,419.07700000
2020-12-03,31.48500000,31.98900000,31.42000000,31.81400000,779.33500000
2020-12-03,31.74000000,31.89400000,31.67000000,31.67000000,367.02000000
2020-12-03,31.67000000,31.67000000,31.18500000,31.32100000,338.94300000
2020-12-03,31.26700000,33.01900000,31.14000000,32.11200000,5563.55600000
2020-12-03,32.11200000,33.47900000,32.11200000,33.27200000,1744.20900000
2020-12-03,33.37400000,33.49000000,32.42800000,32.49900000,1486.66100000
2020-12-03,32.58200000,33.01900000,32.18300000,32.32100000,963.95100000
2020-12-03,32.35500000,32.39200000,31.65400000,31.74000000,365.17200000
2020-12-03,31.73700000,33.10800000,31.58500000,31.61600000,1475.69800000
2020-12-03,31.63600000,32.78300000,31.58400000,31.96800000,1427.20500000
2020-12-03,31.95000000,32.27700000,31.61800000,31.75000000,627.89700000
2020-12-03,31.75500000,32.39800000,31.49000000,32.04500000,1223.71500000
2020-12-03,32.05800000,32.33500000,31.90000000,32.13500000,887.94000000
2020-12-03,32.13000000,32.39500000,31.86900000,31.88600000,906.44900000
2020-12-03,31.89800000,32.43900000,31.54600000,31.79400000,650.57700000
2020-12-03,31.86400000,32.97600000,31.67600000,32.16100000,1313.75600000
2020-12-03,32.18100000,32.94900000,32.18100000,32.80200000,477.68100000
2020-12-03,32.89100000,32.98600000,32.70000000,32.80000000,643.76500000
2020-12-04,32.83000000,33.13900000,32.79200000,32.97900000,1574.96300000
2020-12-04,32.96900000,33.08600000,32.87300000,32.94500000,305.12200000
2020-12-04,32.94000000,33.09900000,32.84600000,32.84600000,638.08600000
2020-12-04,32.81600000,32.89200000,32.14200000,32.19800000,502.18600000
2020-12-04,32.14300000,32.23200000,31.66500000,31.73700000,872.98200000
2020-12-04,31.68400000,31.78000000,31.49900000,31.49900000,576.41900000
2020-12-04,31.57700000,31.86600000,31.20800000,31.84400000,868.54600000
2020-12-04,31.87200000,32.03900000,31.15700000,31.38000000,1471.40000000
2020-12-04,31.37500000,31.60900000,31.00000000,31.60700000,728.83500000
2020-12-04,31.59600000,31.72300000,31.36400000,31.57600000,457.65700000
2020-12-04,31.54600000,31.85700000,31.43500000,31.48500000,598.61000000
2020-12-04,31.45600000,31.76500000,31.32100000,31.33000000,941.30400000
2020-12-04,31.37900000,31.66100000,31.32100000,31.35600000,224.55600000
2020-12-04,31.43800000,31.86000000,31.36400000,31.55400000,716.13200000
2020-12-04,31.55400000,31.77300000,31.38200000,31.38200000,271.78300000
2020-12-04,31.39100000,31.60900000,31.17000000,31.53700000,377.68800000
2020-12-04,31.45900000,31.89700000,31.34700000,31.45600000,656.72800000
2020-12-04,31.46000000,31.54800000,31.18100000,31.18100000,555.11500000
2020-12-04,31.17000000,31.29300000,29.32800000,30.48000000,4657.35800000
2020-12-04,30.50900000,30.76000000,29.85200000,29.85200000,1385.05300000
2020-12-04,29.88200000,30.24600000,29.85800000,30.08100000,962.87400000
2020-12-04,30.08100000,30.61800000,29.91900000,30.61800000,1359.57000000
2020-12-04,30.62500000,30.94900000,30.32000000,30.83900000,583.21200000
2020-12-04,30.90700000,31.06000000,30.53500000,30.77900000,363.29100000
2020-12-05,30.75300000,30.78400000,30.33100000,30.38500000,315.84700000
2020-12-05,30.53100000,31.06900000,30.38800000,30.65900000,388.36700000
2020-12-05,30.65900000,31.35000000,30.51800000,31.03600000,1503.30400000
2020-12-05,31.03600000,31.09300000,30.57800000,30.65700000,200.05200000
2020-12-05,30.69400000,30.69500000,30.12000000,30.24100000,443.81300000
2020-12-05,30.16800000,30.38800000,29.87300000,29.91700000,1494.42100000
2020-12-05,29.97700000,30.35100000,29.78800000,30.01700000,1021.83100000
2020-12-05,30.07000000,30.16200000,29.82500000,29.96400000,484.69900000
2020-12-05,29.99000000,30.06200000,29.89200000,29.99400000,833.20400000
2020-12-05,29.91200000,29.97300000,27.78000000,28.83800000,3974.43000000
2020-12-05,28.83900000,29.49200000,28.81000000,29.49200000,534.71800000
2020-12-05,29.45100000,29.60200000,29.05500000,29.25900000,360.57100000
2020-12-05,29.22700000,29.34400000,29.02600000,29.11100000,523.70500000
2020-12-05,29.12500000,29.55500000,29.02800000,29.37600000,884.97300000
2020-12-05,29.33500000,29.76400000,29.33500000,29.73800000,262.44900000
2020-12-05,29.67800000,29.74600000,29.37600000,29.73400000,277.91600000
2020-12-05,29.74000000,29.92000000,29.65500000,29.84200000,121.14700000
2020-12-05,29.92700000,29.95000000,29.70500000,29.88700000,360.12100000
2020-12-05,29.87800000,30.04600000,29.82300000,29.97500000,442.08600000
2020-12-05,30.06900000,30.15000000,29.94200000,30.09600000,278.41900000
2020-12-05,30.09600000,33.30100000,30.04100000,33.03900000,13093.84600000
2020-12-05,33.01000000,33.20000000,31.80300000,33.19900000,4266.51200000
2020-12-05,33.13400000,33.42200000,32.15000000,32.74800000,3661.13900000
2020-12-05,32.67600000,32.75200000,31.95300000,32.00100000,1334.81600000
2020-12-06,32.00200000,34.06900000,31.95800000,33.49900000,3433.46600000
2020-12-06,33.50000000,35.50000000,32.95100000,35.04200000,5206.12700000
2020-12-06,34.89100000,35.09200000,32.43700000,32.92800000,3818.06000000
2020-12-06,32.95400000,35.50000000,32.82600000,33.03600000,4925.44700000
2020-12-06,33.03500000,33.20200000,31.89400000,32.14400000,1995.89100000
2020-12-06,32.14400000,32.75700000,31.57900000,31.68400000,2108.03600000
2020-12-06,31.68400000,31.92000000,30.40900000,30.64900000,4323.76900000
2020-12-06,30.68100000,31.38300000,30.68100000,31.35000000,1793.00500000
2020-12-06,31.26100000,31.75900000,31.20200000,31.50800000,680.02400000
2020-12-06,31.53900000,32.15700000,31.46100000,32.12300000,1267.75200000
2020-12-06,32.04300000,32.21700000,31.77900000,31.83600000,619.09500000
2020-12-06,31.74200000,31.74200000,31.22600000,31.32800000,300.69700000
2020-12-06,31.32800000,31.45600000,31.31700000,31.41800000,109.26400000
2020-12-06,31.40900000,33.00000000,31.08100000,31.90400000,4208.19300000
2020-12-06,31.83300000,32.63300000,31.75100000,32.37300000,2136.28300000
2020-12-06,32.42700000,32.50000000,32.20600000,32.39700000,1206.49200000
2020-12-06,32.50800000,32.58300000,31.28800000,31.55500000,2100.10000000
2020-12-06,31.46100000,34.05900000,31.41100000,33.89600000,3250.40300000
2020-12-06,33.91000000,34.24300000,32.72000000,33.65400000,3775.73500000
2020-12-06,33.64000000,34.04900000,32.85900000,32.92500000,1705.51600000
2020-12-06,32.92000000,32.92000000,32.00000000,32.00000000,1458.11900000
2020-12-06,32.12000000,33.50000000,32.03800000,33.40100000,1371.68500000
2020-12-06,33.42000000,33.53100000,32.11100000,32.40600000,1473.79100000
2020-12-06,32.40400000,32.51300000,31.75000000,32.25500000,1906.56400000
2020-12-07,32.35600000,34.08000000,32.25900000,32.74600000,5435.89300000
2020-12-07,32.74800000,32.83200000,32.20000000,32.44000000,1391.16500000
2020-12-07,32.44500000,32.60800000,32.20000000,32.23400000,787.68800000
2020-12-07,32.30900000,32.52600000,32.24000000,32.25000000,741.82100000
2020-12-07,32.26900000,32.34300000,32.20000000,32.22000000,500.76100000
2020-12-07,32.22200000,32.23900000,31.30400000,31.66100000,4690.37800000
2020-12-07,31.67000000,31.75000000,30.58200000,30.73700000,1473.22900000
2020-12-07,30.73700000,31.59200000,30.68600000,31.18100000,1641.70900000
2020-12-07,31.11800000,31.18100000,30.73200000,30.89000000,776.95000000
2020-12-07,30.90700000,31.24300000,30.83400000,31.24100000,623.38400000
2020-12-07,31.19800000,31.53200000,31.10700000,31.53200000,454.52000000
2020-12-07,31.43100000,31.64700000,31.30700000,31.54900000,213.78300000
2020-12-07,31.54200000,31.65600000,31.40400000,31.48900000,272.53800000
2020-12-07,31.42300000,31.76000000,31.20600000,31.73400000,501.80300000
2020-12-07,31.74000000,31.76000000,31.59400000,31.72800000,351.06200000
2020-12-07,31.72100000,31.99400000,31.42100000,31.90600000,424.43100000
2020-12-07,31.90800000,31.99800000,31.29100000,31.39000000,471.63800000
2020-12-07,31.39500000,31.45600000,31.26900000,31.31600000,156.68300000
2020-12-07,31.38800000,31.79300000,31.30100000,31.40100000,460.04300000
2020-12-07,31.41400000,31.60000000,31.33300000,31.58100000,271.72000000
2020-12-07,31.58100000,31.98000000,31.05200000,31.31200000,1963.64700000
2020-12-07,31.33500000,31.69900000,31.27200000,31.51100000,676.32100000
2020-12-07,31.53800000,31.69300000,31.15800000,31.40000000,518.38800000
2020-12-07,31.36600000,31.64800000,31.21300000,31.29000000,798.97800000
2020-12-08,31.32300000,31.57100000,31.29000000,31.32000000,932.08500000
2020-12-08,31.42500000,31.47400000,31.24600000,31.29800000,316.65400000
2020-12-08,31.28200000,31.28200000,30.21100000,30.47000000,1887.68400000
2020-12-08,30.46300000,30.80400000,30.39600000,30.80000000,564.25500000
2020-12-08,30.70000000,30.90100000,30.57000000,30.76000000,419.27400000
2020-12-08,30.81100000,30.85600000,30.57900000,30.63000000,348.65600000
2020-12-08,30.73200000,30.85600000,30.73200000,30.78500000,167.55700000
2020-12-08,30.84000000,30.84000000,30.39400000,30.39400000,570.56100000
2020-12-08,30.37900000,30.51000000,30.32700000,30.32700000,435.25500000
2020-12-08,30.29400000,31.66500000,30.19700000,31.14900000,3764.04800000
2020-12-08,31.05900000,31.05900000,30.53800000,30.63200000,159.62200000
2020-12-08,30.65800000,30.67800000,30.53200000,30.53200000,147.89700000
2020-12-08,30.53400000,30.55300000,30.33800000,30.42500000,266.71900000
2020-12-08,30.41400000,30.62800000,30.21200000,30.62800000,392.41400000
2020-12-08,30.60500000,30.85000000,30.37900000,30.37900000,142.96500000
2020-12-08,30.37900000,31.69700000,30.20700000,31.19500000,2964.46500000
2020-12-08,31.19500000,31.23300000,30.46500000,30.46500000,681.80600000
2020-12-08,30.51100000,30.90300000,29.56500000,29.97700000,2588.40300000
2020-12-08,29.96100000,31.04300000,29.91300000,30.09400000,1060.93100000
2020-12-08,30.12100000,30.61400000,29.85100000,30.15500000,843.24000000
2020-12-08,30.19700000,30.21200000,29.45400000,29.56000000,530.68300000
2020-12-08,29.57400000,30.18400000,29.50400000,29.53400000,1873.27400000
2020-12-08,29.53300000,30.18700000,29.29200000,29.58300000,1099.56700000
2020-12-08,29.58300000,29.58300000,28.89600000,29.42900000,1907.82800000
2020-12-09,29.41000000,29.52000000,28.87600000,28.87600000,764.10100000
2020-12-09,28.84700000,29.08300000,28.50100000,28.94300000,1696.85100000
2020-12-09,28.97000000,30.09900000,28.97000000,29.27000000,4504.09900000
2020-12-09,29.38500000,29.64900000,29.03100000,29.14700000,747.64100000
2020-12-09,29.15400000,29.55500000,28.52500000,28.54900000,501.49800000
2020-12-09,28.54900000,28.94200000,28.54900000,28.73700000,458.58600000
2020-12-09,28.75900000,28.99300000,28.30400000,28.30400000,342.58600000
2020-12-09,28.37900000,28.83700000,27.88100000,28.40900000,804.37200000
2020-12-09,28.43900000,28.43900000,27.95700000,28.00500000,258.74100000
2020-12-09,28.04400000,28.19600000,27.95000000,28.10700000,203.96900000
2020-12-09,28.21300000,28.39900000,27.99100000,28.39900000,119.71800000
2020-12-09,28.32100000,28.39500000,28.05000000,28.34800000,121.92800000
2020-12-09,28.31800000,28.31800000,27.78000000,27.79600000,326.61400000
2020-12-09,27.79600000,27.93300000,27.66500000,27.70000000,359.34800000
2020-12-09,27.73400000,28.21400000,27.73400000,27.91100000,198.54700000
2020-12-09,27.88800000,29.10000000,27.61100000,27.64400000,1821.69200000
2020-12-09,27.57700000,28.66700000,27.02800000,28.56900000,1143.15600000
2020-12-09,28.28300000,28.77900000,27.75400000,28.01300000,659.46000000
2020-12-09,28.04600000,29.37300000,27.82100000,28.93400000,2412.09700000
2020-12-09,28.93300000,29.13600000,28.61600000,28.64300000,506.64500000
2020-12-09,28.64300000,29.25600000,28.61400000,28.92700000,440.90000000
2020-12-09,28.82500000,28.87500000,28.55400000,28.80400000,88.12200000
2020-12-09,28.87500000,28.98000000,28.73500000,28.96200000,308.75800000
2020-12-09,28.91100000,29.04500000,28.12500000,28.30600000,731.85200000
2020-12-10,28.27600000,28.35900000,28.04600000,28.29600000,332.12900000
2020-12-10,28.20600000,28.64800000,27.84900000,27.88000000,772.24700000
2020-12-10,27.92000000,28.25100000,27.50000000,27.80700000,2119.27000000
2020-12-10,27.65000000,28.04600000,27.63200000,27.95200000,726.16500000
2020-12-10,27.94900000,28.56500000,27.64900000,28.43300000,526.15500000
2020-12-10,28.29000000,28.29000000,27.86100000,28.09900000,496.80700000
2020-12-10,28.09600000,28.88100000,27.91900000,28.18200000,1971.60800000
2020-12-10,28.24200000,29.49400000,28.14700000,28.54800000,2580.79000000
2020-12-10,28.54800000,28.54800000,27.88400000,27.92200000,272.92700000
2020-12-10,27.88500000,28.08200000,27.55600000,27.93600000,755.56500000
2020-12-10,27.92400000,27.97900000,27.70500000,27.76000000,230.97200000
2020-12-10,27.71300000,27.97000000,27.63100000,27.87800000,140.25100000
2020-12-10,27.83400000,28.11400000,27.58500000,27.63800000,292.05500000
2020-12-10,27.67900000,27.74600000,27.10000000,27.13500000,685.06700000
2020-12-10,27.14700000,27.37200000,26.88900000,27.13700000,1165.85300000
2020-12-10,27.03500000,27.21700000,26.95200000,27.21700000,220.49500000
2020-12-10,27.16100000,27.59000000,27.13600000,27.59000000,445.53300000
2020-12-10,27.59100000,27.80300000,27.13600000,27.29400000,537.33900000
2020-12-10,27.22000000,27.22000000,26.93600000,26.98300000,507.07000000
2020-12-10,26.99400000,27.10300000,26.94500000,27.06200000,219.88200000
2020-12-10,27.05900000,27.07700000,26.92600000,26.96600000,266.61300000
2020-12-10,26.92900000,27.23500000,26.50000000,27.00300000,1287.59200000
2020-12-10,27.10600000,27.10700000,26.57000000,27.02600000,806.08700000
2020-12-10,26.98400000,28.27900000,26.56900000,27.56800000,7267.87100000
2020-12-11,27.56700000,27.63100000,26.87600000,27.02500000,577.51300000
2020-12-11,27.02500000,27.03400000,26.81400000,26.88300000,301.35500000
2020-12-11,26.85500000,27.03400000,26.61100000,26.68800000,615.46900000
2020-12-11,26.61600000,26.84500000,26.48400000,26.59000000,542.64000000
2020-12-11,26.68800000,27.53700000,26.63700000,27.26000000,742.56200000
2020-12-11,27.18200000,27.27600000,26.76300000,26.76300000,241.21700000
2020-12-11,26.86600000,27.46500000,26.74600000,26.90100000,321.42200000
2020-12-11,26.91800000,27.54900000,26.53000000,26.81300000,256.77000000
2020-12-11,26.91700000,27.10000000,26.31000000,26.43200000,776.18500000
2020-12-11,26.44300000,27.65500000,26.31100000,26.66800000,1422.67700000
2020-12-11,26.59400000,28.71000000,26.53000000,28.18500000,5335.67200000
2020-12-11,28.05700000,30.04900000,27.42100000,27.56500000,10827.03000000
2020-12-11,27.56600000,27.96600000,27.15400000,27.58300000,2130.67900000
2020-12-11,27.48700000,27.69200000,26.32200000,26.35100000,1287.64500000
2020-12-11,26.35500000,26.50300000,26.01600000,26.31000000,1176.71200000
2020-12-11,26.35600000,26.35600000,25.94000000,26.15700000,2746.92200000
2020-12-11,26.14700000,26.28300000,25.94100000,26.06200000,765.06500000
2020-12-11,26.03800000,26.25400000,25.35600000,25.60000000,1837.53000000
2020-12-11,25.60000000,25.86600000,25.27500000,25.67800000,811.26700000
2020-12-11,25.65400000,25.84100000,25.19700000,25.23500000,840.90100000
2020-12-11,25.24100000,26.00200000,25.24100000,25.82200000,1011.82400000
2020-12-11,25.85700000,27.50300000,25.77100000,26.28100000,2653.90800000
2020-12-11,26.07400000,26.58100000,26.00400000,26.01700000,1169.49600000
2020-12-11,26.10100000,26.65300000,26.00000000,26.10600000,1062.82900000
2020-12-12,26.13200000,26.43600000,25.61200000,26.21300000,1287.85900000
2020-12-12,26.14200000,26.20400000,25.78600000,26.03300000,755.01400000
2020-12-12,25.96900000,26.96500000,25.94000000,26.68200000,882.04300000
2020-12-12,26.59000000,26.79000000,26.01900000,26.52800000,1696.75500000
2020-12-12,26.63300000,26.72200000,26.27500000,26.57500000,240.23000000
2020-12-12,26.41700000,26.90900000,26.10600000,26.11700000,622.89800000
2020-12-12,26.17100000,26.63900000,26.06500000,26.14600000,717.97200000
2020-12-12,26.20400000,27.23600000,26.07300000,26.30900000,2733.35200000
2020-12-12,26.34500000,26.74700000,26.05300000,26.68500000,1739.59500000
2020-12-12,26.73000000,27.23900000,26.53200000,26.82100000,656.88700000
2020-12-12,26.96700000,27.46000000,26.70600000,27.37800000,1059.09400000
2020-12-12,27.27500000,27.99900000,27.21700000,27.66700000,1625.48400000
2020-12-12,27.69100000,27.87500000,27.26800000,27.31100000,823.11900000
2020-12-12,27.23800000,27.28600000,26.77300000,26.77300000,1227.63600000
2020-12-12,26.85500000,26.85500000,26.63900000,26.65200000,289.14400000
2020-12-12,26.71100000,27.02600000,26.58300000,26.70500000,547.81900000
2020-12-12,26.70600000,26.88000000,26.70200000,26.74700000,542.15400000
2020-12-12,26.66300000,26.74600000,26.56900000,26.65600000,315.75000000
2020-12-12,26.65100000,26.65100000,26.29300000,26.39900000,248.76900000
2020-12-12,26.38200000,26.66300000,26.38100000,26.58000000,497.81800000
2020-12-12,26.57700000,26.71700000,26.49900000,26.50800000,257.64900000
2020-12-12,26.50800000,26.63900000,26.47000000,26.60400000,160.38800000
2020-12-12,26.59100000,26.59100000,26.29200000,26.38500000,562.68300000
2020-12-12,26.42700000,26.48100000,26.35400000,26.46300000,537.68100000
2020-12-13,26.46600000,26.57600000,26.46600000,26.57100000,215.15700000
2020-12-13,26.59500000,26.59500000,26.16300000,26.33700000,366.32700000
2020-12-13,26.32100000,26.54500000,26.32000000,26.41700000,185.19900000
2020-12-13,26.48400000,26.58600000,26.39800000,26.49400000,311.67300000
2020-12-13,26.50100000,26.65600000,26.48300000,26.64100000,369.85000000
2020-12-13,26.58100000,26.96600000,26.58100000,26.83500000,563.99000000
2020-12-13,26.83500000,26.83500000,26.54300000,26.61200000,270.12000000
2020-12-13,26.61800000,26.68700000,26.13900000,26.50500000,437.06600000
2020-12-13,26.45200000,26.51500000,26.36900000,26.45100000,302.83600000
2020-12-13,26.44700000,26.45200000,26.39300000,26.44900000,142.50300000
2020-12-13,26.44800000,28.22200000,26.41400000,26.84700000,28617.88100000
2020-12-13,26.88600000,26.96100000,26.48200000,26.60900000,582.20500000
2020-12-13,26.61400000,26.61500000,26.36900000,26.51300000,324.57700000
2020-12-13,26.51300000,26.63600000,26.45300000,26.46100000,642.24700000
2020-12-13,26.46900000,26.97500000,26.46600000,26.62100000,1461.64900000
2020-12-13,26.62000000,27.05400000,26.56300000,26.81700000,1556.57200000
2020-12-13,26.88500000,27.28000000,26.82400000,27.18300000,771.63600000
2020-12-13,27.12200000,27.41900000,27.00000000,27.19800000,290.75500000
2020-12-13,27.19800000,27.39600000,27.14700000,27.17000000,124.56100000
2020-12-13,27.07000000,27.44900000,27.03300000,27.40100000,831.48200000
2020-12-13,27.40300000,27.85300000,27.23900000,27.77100000,601.22100000
2020-12-13,27.83800000,28.95000000,27.70700000,27.82300000,3132.10500000
2020-12-13,27.79500000,28.07100000,27.54900000,27.75400000,1344.33700000
2020-12-13,27.75000000,28.60900000,27.72200000,28.05900000,1671.93800000
2020-12-14,28.05200000,28.41700000,27.78900000,28.29400000,314.95000000
2020-12-14,28.30100000,30.94900000,28.22700000,30.51000000,9191.91100000
2020-12-14,30.64300000,31.37800000,29.63100000,30.79600000,6410.71900000
2020-12-14,30.77100000,33.99800000,30.41600000,31.77700000,32325.54400000
2020-12-14,31.83200000,32.28700000,30.74200000,31.42900000,11415.97800000
2020-12-14,31.39900000,31.44000000,30.48600000,31.21100000,7780.26300000
2020-12-14,31.25500000,31.38400000,29.35500000,29.58200000,5825.97900000
2020-12-14,29.58200000,29.72700000,29.05800000,29.17900000,4465.10600000
2020-12-14,29.19000000,30.23400000,28.74100000,29.02200000,6285.11400000
2020-12-14,29.13100000,30.11900000,28.92000000,29.62700000,3835.60000000
2020-12-14,29.62700000,29.62700000,29.11400000,29.25800000,1122.50900000
2020-12-14,29.22900000,29.26700000,29.06500000,29.19200000,1635.20800000
2020-12-14,29.19100000,29.85000000,28.73000000,29.85000000,2757.30100000
2020-12-14,29.73100000,30.15000000,29.54600000,29.94400000,2130.94900000
2020-12-14,29.93800000,29.94700000,28.86200000,29.15400000,2833.33700000
2020-12-14,29.15600000,29.19600000,28.30000000,28.66900000,2847.50700000
2020-12-14,28.58000000,28.59700000,27.62000000,27.86600000,2792.87000000
2020-12-14,27.86600000,28.24500000,27.60000000,28.08200000,1652.22000000
2020-12-14,28.08300000,28.30400000,27.60000000,27.92200000,1549.18900000
2020-12-14,27.93100000,27.94100000,27.57800000,27.63600000,592.85200000
2020-12-14,27.58100000,27.77600000,27.31900000,27.49400000,1719.37800000
2020-12-14,27.49400000,28.09900000,27.49400000,28.07300000,2460.44300000
2020-12-14,28.02400000,28.47100000,27.72000000,28.38300000,3217.60400000
2020-12-14,28.26600000,28.78300000,28.18200000,28.21100000,1482.74700000
2020-12-15,28.21300000,28.23300000,27.74200000,27.92700000,966.41400000
2020-12-15,27.99600000,28.03300000,27.70500000,27.76200000,543.07600000
2020-12-15,27.83800000,28.91900000,27.79200000,28.51700000,3444.31600000
2020-12-15,28.52700000,29.27300000,28.47200000,29.27100000,1523.82700000
2020-12-15,29.28700000,29.79900000,28.82500000,28.99400000,3047.89400000
2020-12-15,28.87500000,29.04200000,28.30000000,28.76700000,1613.78700000
2020-12-15,28.59900000,28.82800000,28.25000000,28.79400000,765.30200000
2020-12-15,28.82600000,28.84200000,28.31600000,28.61900000,642.95000000
2020-12-15,28.64500000,28.80000000,28.30800000,28.63400000,1002.43500000
2020-12-15,28.65300000,28.71400000,28.12100000,28.15300000,406.98300000
2020-12-15,28.15300000,28.85000000,28.12100000,28.42600000,3007.35900000
2020-12-15,28.42600000,28.42900000,28.28100000,28.38300000,301.35900000
2020-12-15,28.34100000,28.55400000,28.00100000,28.03200000,972.31000000
2020-12-15,28.01600000,28.20500000,27.50000000,28.12000000,2102.78000000
2020-12-15,28.09400000,28.40100000,27.89800000,28.16900000,1616.44800000
2020-12-15,28.09400000,28.60000000,27.93700000,28.59700000,2143.34300000
2020-12-15,28.58000000,28.70100000,28.22600000,28.43300000,1381.66000000
2020-12-15,28.45400000,28.69500000,28.10000000,28.12600000,337.26100000
2020-12-15,28.12700000,28.34800000,28.12000000,28.22500000,722.95000000
2020-12-15,28.22600000,28.38100000,28.19700000,28.20800000,607.72400000
2020-12-15,28.20800000,28.62000000,28.09400000,28.54300000,594.19300000
2020-12-15,28.50800000,28.50800000,28.05600000,28.16900000,1293.20100000
2020-12-15,28.25900000,28.28300000,27.80900000,27.96200000,870.05400000
2020-12-15,28.06300000,28.25100000,27.69200000,27.78300000,1079.04700000
2020-12-16,27.76800000,27.85200000,27.38800000,27.46900000,2167.07400000
2020-12-16,27.37500000,27.82700000,27.36600000,27.69700000,878.85900000
2020-12-16,27.66300000,27.78500000,27.57300000,27.69300000,547.09600000
2020-12-16,27.69300000,27.87900000,27.07200000,27.28100000,2331.09900000
2020-12-16,27.28100000,27.46500000,27.13900000,27.23400000,897.05200000
2020-12-16,27.17500000,27.42400000,27.04900000,27.26500000,1274.56500000
2020-12-16,27.30000000,27.30700000,27.00000000,27.12500000,1495.87600000
2020-12-16,27.17400000,27.18400000,27.01000000,27.15900000,410.64700000
2020-12-16,27.08800000,27.14200000,27.00000000,27.00300000,1208.40700000
2020-12-16,27.05000000,27.07200000,26.47700000,26.99900000,1601.15100000
2020-12-16,26.98200000,27.00300000,26.54100000,26.71200000,416.39300000
2020-12-16,26.71300000,26.89600000,26.46900000,26.69800000,321.60800000
2020-12-16,26.67500000,26.97400000,26.58600000,26.60800000,821.92300000
2020-12-16,26.64700000,26.84700000,26.59500000,26.60900000,504.43700000
2020-12-16,26.66400000,26.74200000,26.47700000,26.60400000,960.49400000
2020-12-16,26.55200000,27.10000000,26.28400000,26.62900000,6025.38400000
2020-12-16,26.62900000,26.75900000,26.60700000,26.69600000,490.98800000
2020-12-16,26.69500000,26.89200000,26.62800000,26.80000000,711.58900000
2020-12-16,26.80900000,27.10800000,26.62700000,26.76500000,1336.08900000
2020-12-16,26.76500000,26.76900000,26.55600000,26.65500000,879.48600000
2020-12-16,26.72200000,27.06000000,26.59300000,26.67500000,1133.59300000
2020-12-16,26.76300000,27.23200000,26.67700000,26.86600000,696.00600000
2020-12-16,26.88900000,27.63400000,26.66600000,27.33300000,3297.16600000
2020-12-16,27.38200000,27.78700000,27.35500000,27.52900000,1234.28900000
2020-12-17,27.50100000,27.75500000,27.42000000,27.70000000,955.55900000
2020-12-17,27.66600000,27.79500000,27.25100000,27.27800000,1197.01500000
2020-12-17,27.27800000,27.33900000,27.00100000,27.20800000,1558.18400000
2020-12-17,27.13000000,27.48600000,27.00000000,27.13200000,1568.96300000
2020-12-17,27.13500000,27.54800000,27.12700000,27.41300000,1022.08600000
2020-12-17,27.37700000,27.56900000,27.35700000,27.46500000,393.06100000
2020-12-17,27.46500000,27.66900000,27.01000000,27.04900000,1759.10000000
2020-12-17,27.04900000,27.30800000,27.00000000,27.16700000,899.79400000
2020-12-17,27.12600000,27.51700000,27.00000000,27.47700000,2521.22300000
2020-12-17,27.48000000,27.75000000,27.20000000,27.43400000,1488.45900000
2020-12-17,27.40400000,27.43700000,27.01700000,27.29100000,562.97300000
2020-12-17,27.28700000,27.48000000,27.03000000,27.21100000,570.84900000
2020-12-17,27.17400000,27.42700000,27.04600000,27.35400000,287.01200000
2020-12-17,27.38200000,27.63400000,26.50000000,27.29100000,3123.76000000
2020-12-17,27.24100000,27.32600000,27.06700000,27.16600000,381.67000000
2020-12-17,27.10300000,27.29800000,27.00000000,27.07700000,1237.72700000
2020-12-17,27.11100000,27.31000000,27.00000000,27.00000000,2451.97400000
2020-12-17,27.03600000,27.21700000,26.60000000,26.95500000,2815.79000000
2020-12-17,26.93100000,27.50000000,26.88500000,27.47500000,5865.08700000
2020-12-17,27.47500000,28.26000000,27.39500000,28.10100000,4092.29800000
2020-12-17,28.19100000,28.28100000,27.52300000,27.77900000,2024.49900000
2020-12-17,27.75400000,27.78300000,27.15700000,27.21200000,1707.48800000
2020-12-17,27.29800000,28.04500000,27.19800000,27.58700000,1933.81400000
2020-12-17,27.58700000,27.78700000,27.17100000,27.68000000,763.99500000
2020-12-18,27.64100000,27.94000000,27.42700000,27.48000000,551.05800000
2020-12-18,27.48000000,27.67700000,27.25000000,27.60700000,1619.77100000
2020-12-18,27.44200000,27.62300000,27.00000000,27.43000000,1738.33400000
2020-12-18,27.32000000,27.32900000,27.00000000,27.02600000,739.64200000
2020-12-18,27.04200000,27.21800000,26.56000000,27.02700000,3156.90800000
2020-12-18,27.02400000,27.29300000,26.56000000,26.94600000,717.44400000
2020-12-18,26.87800000,27.03500000,26.50000000,26.96800000,892.22400000
2020-12-18,27.01200000,27.49900000,27.01200000,27.28300000,344.75400000
2020-12-18,27.28300000,27.28300000,26.33200000,26.48300000,718.43800000
2020-12-18,26.46600000,26.74000000,26.38100000,26.74000000,242.25000000
2020-12-18,26.76800000,27.38700000,26.49900000,27.25400000,758.88700000
2020-12-18,27.21100000,27.21100000,26.50400000,26.78200000,330.46100000
2020-12-18,26.86600000,27.17300000,26.56200000,26.75300000,632.75300000
2020-12-18,26.69300000,27.70200000,26.69300000,27.10100000,1983.64100000
2020-12-18,27.12800000,27.14300000,27.00000000,27.00000000,289.50800000
2020-12-18,27.00000000,27.17400000,27.00000000,27.06700000,805.24500000
2020-12-18,27.09200000,27.27600000,27.00000000,27.11600000,1237.06300000
2020-12-18,27.11600000,27.17800000,27.00000000,27.05400000,868.98700000
2020-12-18,27.00900000,28.00000000,26.87200000,27.89000000,3320.37600000
2020-12-18,27.89000000,27.89000000,27.28000000,27.44500000,1037.76300000
2020-12-18,27.47900000,28.00000000,27.00000000,27.00000000,1716.24100000
2020-12-18,27.00000000,28.50000000,27.00000000,27.81100000,6375.68000000
2020-12-18,27.81000000,28.30200000,27.10700000,27.40000000,2900.15200000
2020-12-18,27.40000000,27.40000000,27.10000000,27.10000000,720.52200000
2020-12-19,27.15100000,27.82100000,27.10000000,27.18900000,1068.01800000
2020-12-19,27.19200000,27.41500000,27.00900000,27.31200000,1637.13700000
2020-12-19,27.41000000,27.66700000,27.22000000,27.22900000,1127.25000000
2020-12-19,27.27300000,27.32400000,27.03400000,27.06400000,605.86100000
2020-12-19,27.03300000,27.15900000,27.00000000,27.13200000,652.18600000
2020-12-19,27.15700000,27.18000000,27.00000000,27.13800000,2256.98200000
2020-12-19,27.02800000,27.06700000,26.49300000,26.98800000,3411.00200000
2020-12-19,26.98400000,27.12500000,26.88800000,27.11500000,710.38100000
2020-12-19,27.05200000,27.13100000,26.93900000,27.00900000,603.95100000
2020-12-19,27.09900000,27.36200000,27.02800000,27.21200000,694.73700000
2020-12-19,27.20000000,27.31100000,26.96100000,27.22600000,1179.46000000
2020-12-19,27.18500000,27.20600000,27.08600000,27.12600000,477.74500000
2020-12-19,27.14400000,27.36500000,27.00100000,27.26800000,940.45300000
2020-12-19,27.39900000,27.75000000,27.14800000,27.18800000,1334.90400000
2020-12-19,27.13900000,27.51600000,27.10000000,27.10400000,775.82200000
2020-12-19,27.10300000,27.49900000,27.05100000,27.24300000,493.58200000
2020-12-19,27.26300000,27.30400000,27.02200000,27.03900000,537.61800000
2020-12-19,27.04500000,27.16600000,27.00000000,27.00000000,871.89700000
2020-12-19,27.01900000,27.43500000,27.00000000,27.35500000,929.49200000
2020-12-19,27.36100000,27.36900000,26.56100000,26.93400000,2336.31400000
2020-12-19,26.97700000,27.18300000,26.62100000,26.72400000,5002.66300000
2020-12-19,26.75700000,26.90300000,26.66000000,26.90300000,1483.51100000
2020-12-19,26.90300000,27.07400000,26.66500000,26.95100000,2240.58600000
2020-12-19,26.98200000,27.14000000,26.84100000,26.94700000,1798.03000000
2020-12-20,26.94300000,27.10000000,26.67200000,26.93400000,1524.45900000
2020-12-20,26.80300000,27.09900000,26.75100000,26.84600000,967.28000000
2020-12-20,26.94700000,27.14800000,26.71500000,27.06400000,2284.30900000
2020-12-20,27.04300000,27.09000000,26.79200000,26.94400000,566.10600000
2020-12-20,26.97800000,27.04300000,26.84900000,26.95500000,300.51000000
2020-12-20,26.96600000,27.04500000,26.87300000,27.04500000,439.28100000
2020-12-20,27.03000000,28.29000000,26.76000000,28.29000000,4364.53600000
2020-12-20,28.29000000,31.02400000,28.29000000,29.22500000,45359.67600000
2020-12-20,29.22500000,29.22600000,27.55000000,27.55000000,4651.48200000
2020-12-20,27.62800000,27.74700000,26.96800000,26.96800000,2078.94400000
2020-12-20,27.02900000,27.53000000,26.94800000,27.43200000,2371.44900000
2020-12-20,27.41900000,27.50900000,27.08000000,27.17800000,952.62700000
2020-12-20,27.17800000,27.19100000,27.00000000,27.09000000,1052.65600000
2020-12-20,27.14900000,27.15700000,26.87800000,27.02000000,855.05400000
2020-12-20,27.01300000,27.02200000,26.60100000,26.70500000,1657.77900000
2020-12-20,26.70500000,26.87400000,26.39600000,26.82300000,3966.33900000
2020-12-20,26.90200000,26.96100000,26.61600000,26.87100000,2090.23100000
2020-12-20,26.87100000,26.93500000,26.59600000,26.67600000,1109.89500000
2020-12-20,26.71500000,26.75000000,26.28800000,26.45000000,2038.87500000
2020-12-20,26.45400000,26.80300000,26.35500000,26.76200000,991.20300000
2020-12-20,26.80000000,26.80300000,26.23800000,26.39200000,1693.46700000
2020-12-20,26.44900000,26.68300000,26.27000000,26.62000000,2118.51700000
2020-12-20,26.60400000,26.61500000,26.00000000,26.45400000,2361.20200000
2020-12-20,26.43700000,26.52500000,26.27200000,26.29800000,1487.18000000
2020-12-21,26.40300000,26.51000000,25.97500000,26.17400000,2705.92900000
2020-12-21,26.22400000,26.28000000,26.08000000,26.16700000,1011.63900000
2020-12-21,26.22700000,26.69300000,26.21400000,26.26100000,1566.67100000
2020-12-21,26.32700000,26.63200000,26.18100000,26.29800000,1736.35100000
2020-12-21,26.28000000,26.53200000,26.21000000,26.23800000,2319.45800000
2020-12-21,26.34700000,27.15300000,26.22000000,27.00100000,4873.26700000
2020-12-21,26.99300000,26.99300000,26.10000000,26.71900000,1924.36700000
2020-12-21,26.71900000,27.39900000,26.54300000,27.01900000,2128.97000000
2020-12-21,26.95200000,26.95200000,26.50100000,26.72700000,884.50500000
2020-12-21,26.71900000,27.17000000,26.53300000,26.82100000,1042.21800000
2020-12-21,26.80800000,27.05000000,26.63400000,26.85100000,773.49400000
2020-12-21,26.84700000,26.93600000,26.80000000,26.89700000,342.64200000
2020-12-21,26.96400000,27.00000000,26.59600000,26.64600000,681.30400000
2020-12-21,26.60200000,27.05700000,26.60000000,26.65500000,986.72300000
2020-12-21,26.66500000,26.89200000,26.64400000,26.72600000,861.48900000
2020-12-21,26.72600000,27.69900000,26.32600000,27.26900000,4407.86000000
2020-12-21,27.30500000,27.79900000,27.17200000,27.36600000,2136.69400000
2020-12-21,27.29900000,27.32800000,26.74800000,26.87400000,995.55100000
2020-12-21,26.81700000,27.00000000,26.06000000,26.26700000,3108.57400000
2020-12-21,26.07100000,26.29700000,26.00000000,26.00600000,1136.15800000
2020-12-21,26.00100000,26.38500000,25.56000000,25.79100000,1315.15200000
2020-12-21,25.81400000,26.19800000,25.81300000,25.94600000,346.33400000
2020-12-21,25.94600000,25.94600000,25.94600000,25.94600000,0.00000000
2020-12-22,26.10000000,26.14900000,25.52800000,25.86200000,271.13500000
2020-12-22,25.88700000,26.18000000,25.58700000,25.75200000,515.51300000
2020-12-22,25.77100000,26.35900000,25.59700000,25.70200000,698.33200000
2020-12-22,25.71200000,25.95000000,25.58500000,25.59700000,543.20800000
2020-12-22,25.62200000,25.67900000,25.52400000,25.59100000,535.65300000
2020-12-22,25.61500000,25.68000000,25.50000000,25.50900000,426.25900000
2020-12-22,25.50900000,25.50900000,25.00000000,25.04400000,2005.86700000
2020-12-22,25.06400000,25.40000000,25.00000000,25.07200000,717.21600000
2020-12-22,25.14100000,25.94000000,25.06000000,25.31600000,1693.60700000
2020-12-22,25.33700000,25.33800000,25.13900000,25.19400000,567.29800000
2020-12-22,25.22000000,25.40300000,25.22000000,25.39300000,119.62100000
2020-12-22,25.40600000,25.50900000,25.05000000,25.05000000,333.57900000
2020-12-22,25.05100000,25.38900000,25.00000000,25.12900000,495.70700000
2020-12-22,25.03100000,25.09600000,25.00000000,25.07600000,191.82400000
2020-12-22,25.07700000,25.12800000,24.97800000,25.05000000,717.84600000
2020-12-22,25.04900000,26.27200000,25.04500000,26.15200000,1312.92000000
2020-12-22,26.11700000,26.11700000,25.49600000,25.50100000,563.59600000
2020-12-22,25.49600000,25.49600000,25.18100000,25.28300000,796.00800000
2020-12-22,25.35200000,25.64900000,25.22700000,25.29800000,1107.85200000
2020-12-22,25.29600000,25.62700000,25.19200000,25.45700000,907.21700000
2020-12-22,25.46100000,26.01900000,25.37700000,25.60900000,819.78400000
2020-12-22,25.60900000,25.78800000,25.59300000,25.74800000,178.58300000
2020-12-23,25.74700000,26.38700000,25.70200000,26.32400000,815.63400000
2020-12-23,26.27200000,26.49800000,25.91100000,26.43600000,699.97400000
2020-12-23,26.39600000,26.46200000,25.70800000,25.88200000,791.24400000
2020-12-23,25.95800000,26.05100000,25.67800000,25.72500000,281.97800000
2020-12-23,25.76200000,25.88000000,25.67900000,25.78000000,736.86800000
2020-12-23,25.76900000,26.50000000,25.21300000,25.31900000,1332.89200000
2020-12-23,25.32200000,25.32200000,25.12000000,25.25400000,551.49800000
2020-12-23,25.25000000,25.29200000,25.17000000,25.25700000,331.29300000
2020-12-23,25.24700000,26.40000000,25.01800000,26.40000000,1162.79100000
2020-12-23,26.39300000,26.39300000,25.34300000,25.39600000,1754.19500000
2020-12-23,25.30600000,25.36500000,25.20900000,25.25900000,372.47200000
2020-12-23,25.26500000,26.07100000,25.21300000,25.21300000,2243.60700000
2020-12-23,25.16200000,26.00000000,25.07300000,25.17500000,1645.81500000
2020-12-23,25.17000000,25.23600000,25.00000000,25.00000000,817.32500000
2020-12-23,25.02800000,25.16600000,25.00000000,25.00700000,245.04500000
2020-12-23,25.02300000,25.15200000,24.44000000,24.54200000,2707.21300000
2020-12-23,24.52800000,24.60400000,24.21500000,24.26200000,985.70100000
2020-12-23,24.28700000,24.62100000,24.17700000,24.62100000,984.03300000
2020-12-23,24.61200000,24.71800000,24.22600000,24.30500000,447.71900000
2020-12-23,24.24500000,24.24500000,23.81600000,23.84400000,2014.14400000
2020-12-23,23.79000000,24.62800000,23.30000000,24.37600000,1695.15800000
2020-12-23,24.35800000,24.39600000,23.98600000,24.23000000,763.23700000
2020-12-23,24.34300000,24.45700000,24.14700000,24.45700000,737.24900000
2020-12-23,24.47500000,24.82400000,23.70400000,23.86200000,1675.00900000
2020-12-24,23.82000000,24.04100000,23.49900000,23.61700000,1724.36800000
2020-12-24,23.55400000,24.41500000,23.37200000,24.25200000,3625.23100000
2020-12-24,24.24600000,24.32100000,23.56800000,23.56800000,1862.98600000
2020-12-24,23.56900000,24.57000000,23.34400000,23.78500000,2326.07000000
2020-12-24,23.86600000,24.70000000,23.35800000,23.60500000,1682.48800000
2020-12-24,23.59200000,23.80100000,23.20700000,23.33500000,457.42900000
2020-12-24,23.30100000,23.40100000,22.50000000,22.56400000,1991.50200000
2020-12-24,22.56400000,22.56400000,22.10900000,22.12300000,1832.58000000
2020-12-24,22.10900000,22.56400000,21.95700000,22.14600000,2607.43500000
2020-12-24,22.14500000,22.80000000,22.00100000,22.61200000,811.73200000
2020-12-24,22.70400000,22.77600000,22.08100000,22.24200000,609.19300000
2020-12-24,22.32400000,22.53600000,22.09900000,22.09900000,423.31600000
2020-12-24,22.13800000,22.27500000,22.00000000,22.22800000,322.59800000
2020-12-24,22.22800000,22.29200000,22.01100000,22.07500000,1196.28900000
2020-12-24,22.07400000,22.08100000,21.29900000,21.59900000,2733.63600000
2020-12-24,21.55300000,22.11100000,21.50400000,22.10200000,1066.33700000
2020-12-24,22.10500000,22.33600000,21.99600000,22.25000000,411.94900000
2020-12-24,22.31000000,22.94200000,22.12700000,22.94200000,602.65300000
2020-12-24,22.89500000,22.97900000,22.18400000,22.50900000,494.03900000
2020-12-24,22.49500000,22.75000000,22.32400000,22.40700000,329.12600000
2020-12-24,22.34100000,22.60700000,22.22900000,22.25300000,662.52800000
2020-12-24,22.23100000,23.79300000,22.23100000,23.11300000,1571.47100000
2020-12-24,23.18000000,23.57900000,23.15300000,23.45600000,598.24100000
2020-12-24,23.44700000,23.86100000,23.05700000,23.54200000,1482.55100000
2020-12-25,23.49100000,23.82800000,23.24300000,23.37100000,822.01400000
2020-12-25,23.37200000,23.90000000,23.36300000,23.89900000,1262.47500000
2020-12-25,23.73100000,23.90000000,23.30000000,23.90000000,2188.04800000
2020-12-25,23.86700000,24.00000000,23.39500000,23.78900000,2730.13100000
2020-12-25,23.83700000,24.88000000,23.68600000,24.76700000,6154.09400000
2020-12-25,24.72500000,24.88000000,24.00700000,24.25900000,6375.30000000
2020-12-25,24.23600000,24.42000000,23.79700000,23.91900000,2356.32700000
2020-12-25,23.91400000,24.62900000,23.73100000,23.90200000,2241.86700000
2020-12-25,23.86000000,24.64400000,23.83600000,24.25700000,1492.29400000
2020-12-25,24.20900000,24.54800000,23.97800000,24.09600000,1221.05500000
2020-12-25,24.18500000,24.42700000,23.81600000,23.96300000,1966.65700000
2020-12-25,24.01500000,24.04100000,23.82900000,23.92500000,304.90300000
2020-12-25,23.80400000,24.26800000,23.54400000,23.85000000,813.55100000
2020-12-25,23.84700000,23.86500000,23.63200000,23.70000000,250.52600000
2020-12-25,23.83600000,24.26600000,23.72400000,23.73000000,119.95900000
2020-12-25,23.73000000,24.41500000,23.73000000,24.41500000,275.17300000
2020-12-25,24.40300000,24.80900000,24.18100000,24.18100000,606.20000000
2020-12-25,24.24500000,24.48500000,24.15400000,24.23000000,171.95500000
2020-12-25,24.22400000,24.44300000,24.04600000,24.14300000,876.98600000
2020-12-25,24.24100000,24.30800000,23.96700000,24.12800000,1216.68700000
2020-12-25,24.07700000,24.18000000,23.74800000,24.15000000,633.57000000
2020-12-25,24.05800000,24.09300000,23.59900000,23.78500000,339.93300000
2020-12-25,23.76700000,24.30500000,23.60500000,23.83400000,596.76300000
2020-12-26,23.83400000,23.85900000,23.22000000,23.26400000,1121.87900000
2020-12-26,23.27500000,23.75100000,23.06400000,23.75100000,601.52800000
2020-12-26,23.61800000,23.74900000,23.19500000,23.36900000,580.51000000
2020-12-26,23.36200000,23.74600000,23.19000000,23.61500000,278.71600000
2020-12-26,23.67100000,23.74900000,23.57300000,23.63800000,396.21200000
2020-12-26,23.74600000,23.96200000,23.62600000,23.96200000,235.43400000
2020-12-26,23.96200000,24.14100000,23.94300000,24.10900000,575.77200000
2020-12-26,24.13400000,24.57600000,23.84600000,24.06700000,1129.76700000
2020-12-26,24.06700000,24.30800000,23.96300000,23.96300000,233.23300000
2020-12-26,23.92700000,24.16300000,23.90200000,24.03300000,299.10000000
2020-12-26,24.02900000,24.04400000,23.88500000,23.90700000,319.36500000
2020-12-26,23.91900000,24.04700000,23.91900000,24.02100000,78.62500000
2020-12-26,23.87600000,24.07100000,23.87600000,23.88800000,147.56700000
2020-12-26,23.87600000,23.87600000,23.61800000,23.65800000,314.78900000
2020-12-26,23.65600000,23.65600000,23.10200000,23.43900000,1521.22000000
2020-12-26,23.48900000,23.54200000,22.00000000,23.13500000,3401.15300000
2020-12-26,23.20300000,23.20400000,22.85800000,23.08100000,892.80200000
2020-12-26,23.08600000,23.08600000,22.80000000,22.91400000,338.95300000
2020-12-26,22.93500000,22.99400000,22.70000000,22.81000000,597.29000000
2020-12-26,22.80800000,22.91800000,22.70200000,22.91300000,248.90000000
2020-12-26,22.98500000,23.07700000,22.40100000,22.84900000,1092.29300000
2020-12-26,22.92100000,25.34500000,22.86200000,24.35100000,6150.27000000
2020-12-26,24.40500000,24.93100000,23.98600000,24.39600000,1522.33900000
2020-12-26,24.41100000,24.41100000,23.27900000,23.54100000,1227.25000000
2020-12-27,23.53400000,23.65200000,23.13200000,23.35300000,1952.85500000
2020-12-27,23.40400000,23.72500000,23.07800000,23.53200000,2081.99900000
2020-12-27,23.47300000,24.01000000,23.27700000,23.69800000,1881.65100000
2020-12-27,23.71900000,23.83000000,23.54500000,23.67800000,344.66600000
2020-12-27,23.67800000,23.67800000,23.17300000,23.57900000,935.42400000
2020-12-27,23.64900000,23.83200000,23.17500000,23.27700000,1417.37200000
2020-12-27,23.32800000,23.64800000,22.90100000,23.64800000,1152.70300000
2020-12-27,23.64700000,23.64700000,23.16100000,23.58200000,674.55000000
2020-12-27,23.54000000,23.66400000,23.10000000,23.61200000,768.25000000
2020-12-27,23.55800000,23.64700000,23.10000000,23.21500000,806.16000000
2020-12-27,23.23900000,23.90800000,23.23900000,23.65600000,377.21800000
2020-12-27,23.63400000,23.89400000,23.50200000,23.73500000,291.22900000
2020-12-27,23.74000000,23.92700000,23.33400000,23.36800000,1035.14000000
2020-12-27,23.34500000,23.44900000,23.28200000,23.28800000,371.41600000
2020-12-27,23.28000000,23.85000000,23.17900000,23.50100000,1062.59900000
2020-12-27,23.46900000,23.59900000,23.19300000,23.22300000,297.21100000
2020-12-27,23.26400000,23.46400000,23.02500000,23.35500000,1057.14200000
2020-12-27,23.32100000,23.61000000,23.02500000,23.33000000,683.03500000
2020-12-27,23.33000000,23.40800000,23.14200000,23.37100000,183.87400000
2020-12-27,23.36900000,23.49300000,22.72200000,23.30700000,887.77400000
2020-12-27,23.25200000,23.25200000,22.10500000,22.82300000,2751.95100000
2020-12-27,22.81100000,23.17600000,22.55400000,23.17600000,510.64300000
2020-12-27,23.17600000,23.47700000,22.95400000,23.17300000,1362.19700000
2020-12-27,23.25600000,24.24900000,23.25600000,23.93700000,5594.75700000
2020-12-28,23.91600000,24.07700000,23.12300000,23.84800000,3015.30800000
2020-12-28,23.83400000,24.00000000,23.61800000,23.64900000,434.02600000
2020-12-28,23.62500000,24.36000000,23.27800000,23.59400000,639.99300000
2020-12-28,23.60600000,23.98000000,23.46100000,23.80300000,625.17400000
2020-12-28,23.91700000,23.91700000,22.73000000,23.30000000,453.06500000
2020-12-28,23.32300000,23.40500000,22.91400000,23.34500000,360.63800000
2020-12-28,23.31100000,23.43800000,23.00600000,23.39000000,483.53400000
2020-12-28,23.33300000,23.75500000,22.96200000,23.57800000,4232.93700000
2020-12-28,23.48500000,25.60900000,23.30000000,25.06800000,5842.67200000
2020-12-28,25.09600000,25.18900000,23.93500000,24.01100000,3755.64200000
2020-12-28,23.94900000,25.08000000,23.82400000,24.40700000,2120.04600000
2020-12-28,24.35500000,24.35500000,23.82600000,23.97700000,986.32200000
2020-12-28,23.91000000,23.97700000,23.53200000,23.68600000,735.84400000
2020-12-28,23.68600000,24.09800000,23.41600000,23.50000000,788.03600000
2020-12-28,23.44800000,24.18600000,23.42200000,23.59000000,1119.57500000
2020-12-28,23.50600000,23.74200000,23.48000000,23.70900000,839.55100000
2020-12-28,23.71700000,24.51900000,23.67800000,24.10100000,1681.94400000
2020-12-28,24.14700000,24.50200000,23.90600000,24.06500000,542.56900000
2020-12-28,24.06400000,24.28700000,23.99300000,24.15800000,486.59400000
2020-12-28,24.13600000,24.18600000,23.87700000,24.18600000,510.41400000
2020-12-28,24.11800000,24.41300000,23.89800000,24.16200000,711.79300000
2020-12-28,24.16200000,24.80000000,23.63000000,24.00200000,3010.54100000
2020-12-28,24.00500000,24.39500000,23.96300000,24.33300000,477.05900000
2020-12-28,24.27400000,24.27400000,23.89600000,24.04700000,400.18800000
2020-12-29,23.91000000,24.40900000,23.72800000,24.24000000,2016.06400000
2020-12-29,24.18100000,24.30600000,23.99900000,24.27400000,259.43700000
2020-12-29,24.26400000,24.29300000,23.87000000,23.96200000,159.57000000
2020-12-29,23.95500000,24.34000000,23.92100000,24.12200000,486.00700000
2020-12-29,24.08900000,24.28100000,23.91800000,24.04500000,456.39600000
2020-12-29,24.01800000,24.11400000,23.93700000,23.97200000,108.32000000
2020-12-29,23.96800000,24.09800000,23.70400000,23.80200000,387.01900000
2020-12-29,23.71900000,24.79800000,23.50000000,24.03100000,2432.97500000
2020-12-29,23.94800000,24.36200000,23.83600000,23.90700000,470.87500000
2020-12-29,23.87600000,23.87600000,23.50000000,23.74900000,113.18700000
2020-12-29,23.80000000,23.83200000,23.48700000,23.55100000,252.50300000
2020-12-29,23.52800000,23.56100000,23.09500000,23.16900000,502.91700000
2020-12-29,23.08300000,23.11900000,22.70000000,22.82300000,476.59800000
2020-12-29,22.82300000,23.20200000,22.70800000,23.04700000,437.79600000
2020-12-29,23.03900000,23.07000000,22.73800000,22.80500000,121.65800000
2020-12-29,22.85700000,23.03600000,22.70100000,23.02400000,162.39200000
2020-12-29,23.04600000,23.47700000,23.04600000,23.31100000,227.46100000
2020-12-29,23.34600000,23.34600000,22.97900000,23.17200000,166.07600000
2020-12-29,23.17300000,23.30400000,22.98700000,23.02700000,195.76800000
2020-12-29,23.02700000,23.69000000,22.94200000,23.46900000,600.37100000
2020-12-29,23.40000000,23.49300000,23.17600000,23.17900000,73.98700000
2020-12-29,23.24600000,23.83700000,23.09300000,23.71000000,344.73100000
2020-12-29,23.71000000,23.71000000,23.00500000,23.26000000,632.56900000
2020-12-29,23.26000000,23.50500000,23.02500000,23.12900000,200.71500000
2020-12-30,23.20500000,23.32300000,22.70000000,23.02800000,665.55100000
2020-12-30,23.07200000,23.25100000,22.81300000,23.14200000,524.76500000
2020-12-30,23.14000000,23.37900000,22.95900000,23.29300000,346.37500000
2020-12-30,23.23700000,23.32300000,23.10900000,23.19300000,228.30100000
2020-12-30,23.11500000,23.29300000,23.07500000,23.25200000,93.03900000
2020-12-30,23.26000000,23.49300000,23.25100000,23.40700000,156.57000000
2020-12-30,23.37900000,23.48900000,23.11000000,23.28800000,152.44300000
2020-12-30,23.31100000,23.64900000,23.26800000,23.51400000,104.78200000
2020-12-30,23.52500000,23.60500000,23.36200000,23.44200000,103.40100000
2020-12-30,23.36300000,23.56600000,23.22500000,23.22500000,125.00700000
2020-12-30,23.20200000,23.40700000,23.19300000,23.36000000,606.89100000
2020-12-30,23.39100000,23.53800000,23.13300000,23.21200000,1034.83100000
2020-12-30,23.15100000,23.29400000,23.00000000,23.00800000,610.51800000
2020-12-30,23.01100000,23.18300000,23.00800000,23.06100000,139.56300000
2020-12-30,23.05800000,23.43700000,23.00000000,23.17300000,137.60100000
2020-12-30,23.12900000,23.44100000,23.00000000,23.41400000,175.54100000
2020-12-30,23.45500000,23.45500000,22.97900000,23.15100000,488.87500000
2020-12-30,23.13200000,23.46700000,23.06200000,23.37600000,170.80500000
2020-12-30,23.38100000,23.57300000,23.27700000,23.45500000,57.94600000
2020-12-30,23.44900000,23.44900000,23.19500000,23.19600000,46.26700000
2020-12-30,23.19600000,23.21100000,22.98700000,23.19100000,165.72800000
2020-12-30,23.19900000,23.40800000,23.02600000,23.13400000,101.24800000
2020-12-30,23.11100000,23.49300000,23.08300000,23.19300000,204.46300000
2020-12-30,23.19800000,23.35600000,23.02300000,23.23500000,203.95700000
2020-12-31,23.28500000,23.45500000,22.98000000,23.27700000,353.59300000
2020-12-31,23.27700000,23.45600000,23.23400000,23.39900000,629.95800000
2020-12-31,23.32000000,23.53900000,23.02500000,23.36800000,384.60600000
2020-12-31,23.28000000,23.49000000,23.05100000,23.21400000,261.90800000
2020-12-31,23.22400000,23.42700000,22.98000000,23.06700000,363.89000000
2020-12-31,23.08800000,23.32200000,22.96600000,22.96600000,752.18500000
2020-12-31,23.03900000,23.17700000,23.03700000,23.08800000,316.55500000
2020-12-31,23.09200000,23.14400000,22.94100000,23.05600000,129.08600000
2020-12-31,23.00200000,23.19800000,22.70000000,23.04400000,382.82900000
2020-12-31,23.02500000,23.07800000,22.50900000,22.99000000,869.86700000
2020-12-31,22.89800000,22.89800000,22.65600000,22.71900000,80.54200000
2020-12-31,22.70500000,22.98900000,22.70200000,22.85900000,59.04300000
2020-12-31,22.87500000,23.04400000,22.63800000,22.74000000,120.39100000
2020-12-31,22.73400000,22.86600000,22.51300000,22.79900000,98.97600000
2020-12-31,22.84800000,23.20900000,22.76300000,22.90500000,157.57600000
2020-12-31,22.79000000,23.51500000,22.79000000,23.30000000,217.53100000
2020-12-31,23.19300000,23.19700000,22.98700000,23.03800000,54.84000000
2020-12-31,23.02800000,23.02800000,22.61600000,22.75500000,1433.56500000
2020-12-31,22.76300000,22.95000000,22.62100000,22.95000000,277.56700000
2020-12-31,22.88200000,22.88200000,22.69300000,22.85400000,644.25600000
2020-12-31,22.79700000,22.79800000,22.16100000,22.30600000,1006.93000000
2020-12-31,22.31300000,23.06800000,22.02100000,22.77500000,1765.69900000
2020-12-31,22.84700000,22.88100000,22.19200000,22.21600000,681.49800000
2020-12-31,22.30400000,22.68200000,22.21900000,22.65600000,488.26000000
2021-01-01,22.56400000,22.63800000,22.22300000,22.27400000,272.81600000
2021-01-01,22.23800000,23.00000000,22.20200000,22.95900000,713.45800000
2021-01-01,22.96900000,23.35900000,22.61100000,23.00000000,1056.06500000
2021-01-01,23.00000000,23.50000000,22.98300000,23.08100000,432.93600000
2021-01-01,23.08000000,23.13700000,22.59000000,22.77900000,255.00900000
2021-01-01,22.77900000,23.26100000,22.42200000,22.59900000,940.71000000
2021-01-01,22.60100000,22.69000000,22.38700000,22.52000000,315.55400000
2021-01-01,22.41200000,22.84900000,22.22300000,22.39400000,976.39200000
2021-01-01,22.38600000,22.43100000,22.16800000,22.43100000,257.40800000
2021-01-01,22.43100000,22.75300000,22.29700000,22.67300000,518.61400000
2021-01-01,22.67100000,22.77400000,22.50900000,22.63600000,688.84300000
2021-01-01,22.70000000,22.80800000,22.67000000,22.75500000,244.87900000
2021-01-01,22.76500000,22.81800000,22.51100000,22.72700000,480.52500000
2021-01-01,22.68600000,22.97800000,22.50800000,22.60800000,486.53200000
2021-01-01,22.62200000,22.66700000,22.51500000,22.51800000,300.76900000
2021-01-01,22.57600000,22.57600000,22.33900000,22.40700000,256.06800000
2021-01-01,22.45300000,22.56300000,22.35400000,22.35400000,174.12000000
2021-01-01,22.47200000,22.75800000,22.35400000,22.75800000,228.20600000
2021-01-01,22.75800000,23.11500000,22.71500000,22.98800000,481.75700000
2021-01-01,23.01100000,23.01100000,22.69300000,22.74400000,160.91700000
2021-01-01,22.81600000,23.48800000,22.67200000,23.14700000,590.53000000
2021-01-01,23.11000000,23.48800000,23.05000000,23.34700000,501.72400000
2021-01-01,23.34700000,23.50000000,22.97900000,23.03800000,400.94200000
2021-01-01,22.98000000,23.90000000,22.82900000,23.09600000,1627.30000000
2021-01-02,23.06200000,23.18500000,22.98500000,23.14700000,145.91500000
2021-01-02,23.14700000,23.17400000,22.94100000,23.06300000,132.68600000
2021-01-02,23.05900000,23.05900000,22.93300000,23.00000000,145.26000000
2021-01-02,22.96000000,23.02200000,22.95200000,22.97900000,54.57400000
2021-01-02,23.04300000,23.29200000,23.01000000,23.10100000,153.08700000
2021-01-02,23.04200000,23.04200000,22.82800000,22.89400000,162.21000000
2021-01-02,22.89500000,23.75100000,22.84800000,23.23000000,556.83600000
2021-01-02,23.20500000,23.26900000,22.83200000,22.92600000,235.47300000
2021-01-02,22.92500000,23.17600000,22.20000000,22.47400000,1298.07600000
2021-01-02,22.47400000,23.13600000,22.47400000,22.89800000,347.03200000
2021-01-02,22.89700000,23.08800000,22.69300000,22.98500000,190.06100000
2021-01-02,22.95700000,23.04600000,22.86100000,23.03400000,87.37400000
2021-01-02,23.04200000,23.11200000,22.81600000,22.86400000,70.56300000
2021-01-02,22.84200000,22.97100000,22.79700000,22.86500000,268.03000000
2021-01-02,22.90700000,23.05800000,22.81600000,22.86600000,56.34100000
2021-01-02,22.87600000,22.97700000,22.55400000,22.61800000,403.72100000
2021-01-02,22.63000000,22.66700000,22.34100000,22.62400000,314.00800000
2021-01-02,22.52500000,22.60700000,22.49000000,22.49000000,20.97900000
2021-01-02,22.59100000,22.70000000,22.25500000,22.67500000,545.06600000
2021-01-02,22.68100000,22.76200000,22.55300000,22.65600000,85.38300000
2021-01-02,22.58300000,22.73800000,22.40200000,22.58600000,461.14300000
2021-01-02,22.61200000,22.97800000,22.43600000,22.90900000,1180.01700000
2021-01-02,22.91200000,23.01900000,22.42700000,22.87100000,1291.57200000
2021-01-02,22.89900000,23.01700000,22.62900000,22.75300000,314.56000000
2021-01-03,22.83600000,22.87700000,22.28400000,22.44400000,2726.89100000
2021-01-03,22.56000000,23.18700000,22.33200000,22.63100000,4010.64700000
2021-01-03,22.55500000,22.97800000,22.36600000,22.81100000,1923.41400000
2021-01-03,22.81000000,22.90100000,22.41600000,22.76100000,893.63900000
2021-01-03,22.84700000,23.00300000,22.49700000,22.62600000,729.66400000
2021-01-03,22.80200000,23.00100000,22.52300000,22.60000000,888.76200000
2021-01-03,22.69500000,22.90000000,22.55000000,22.89900000,161.70800000
2021-01-03,22.89900000,22.97800000,22.47800000,22.62100000,1427.62500000
2021-01-03,22.63000000,23.09600000,22.23200000,22.97300000,3721.92100000
2021-01-03,22.91500000,22.93500000,22.45100000,22.62800000,2643.61500000
2021-01-03,22.59100000,22.68400000,22.44200000,22.50600000,939.62000000
2021-01-03,22.50200000,22.65700000,22.45100000,22.51200000,898.92900000
2021-01-03,22.57200000,22.57200000,22.47600000,22.57200000,56.76000000
2021-01-03,22.57100000,22.79900000,22.48400000,22.69200000,956.91000000
2021-01-03,22.76300000,22.77000000,22.48100000,22.63700000,525.52200000
2021-01-03,22.59500000,22.79900000,22.47200000,22.50300000,639.81200000
2021-01-03,22.56700000,22.95700000,22.50500000,22.86800000,494.18600000
2021-01-03,22.93400000,23.17600000,22.52500000,22.60100000,367.54400000
2021-01-03,22.59600000,23.10000000,22.51900000,22.69300000,231.20900000
2021-01-03,22.75800000,22.90200000,22.71500000,22.80000000,266.41600000
2021-01-03,22.84400000,23.02900000,22.63700000,22.66700000,368.49700000
2021-01-03,22.73600000,22.85500000,22.66600000,22.76500000,639.24500000
2021-01-03,22.76500000,23.07000000,22.66600000,22.89300000,1793.88200000
2021-01-03,22.87500000,23.06900000,22.66500000,22.81100000,896.15000000
2021-01-04,22.81100000,23.29700000,22.72700000,22.98200000,1757.55600000
2021-01-04,23.04300000,23.41000000,22.71400000,23.08000000,1102.72200000
2021-01-04,23.09300000,23.40100000,22.98900000,23.28000000,1472.48400000
2021-01-04,23.19900000,24.12200000,23.19800000,23.66700000,5738.92700000
2021-01-04,23.66700000,24.48600000,23.50000000,23.96900000,2183.86200000
2021-01-04,22.81100000,23.29700000,22.72700000,22.98200000,1757.55600000
2021-01-04,23.04300000,23.41000000,22.71400000,23.08000000,1102.72200000
2021-01-04,23.09300000,23.40100000,22.98900000,23.28000000,1472.48400000
2021-01-04,23.19900000,24.12200000,23.19800000,23.66700000,5738.92700000
2021-01-04,23.66700000,24.48600000,23.50000000,23.96900000,2183.86200000
2021-01-04,23.96800000,24.08000000,23.48700000,24.02200000,2009.23700000
2021-01-04,24.03800000,24.08000000,23.48700000,23.84800000,1460.27900000
2021-01-04,23.82500000,24.27200000,23.70700000,24.09800000,655.46300000
2021-01-04,24.03700000,24.04800000,23.41600000,23.70600000,2095.43200000
2021-01-04,23.76400000,23.83700000,23.64000000,23.83100000,393.24600000
2021-01-04,23.83700000,24.82100000,23.83700000,24.44100000,2122.47500000
2021-01-04,24.50900000,24.66900000,24.38900000,24.50000000,527.06400000
2021-01-04,24.53900000,24.66000000,24.45700000,24.55100000,323.08900000
2021-01-04,24.50200000,24.62600000,24.35600000,24.48100000,1186.67900000
2021-01-04,24.48200000,24.91300000,24.48200000,24.75200000,1201.54200000
2021-01-04,24.75300000,24.81100000,24.39500000,24.53700000,937.02800000
2021-01-04,24.61500000,24.89900000,23.79000000,24.14200000,796.79900000
2021-01-04,24.14200000,24.19600000,23.06900000,23.31300000,1529.29300000
2021-01-04,23.30300000,23.31300000,21.45300000,23.15400000,3403.54200000
2021-01-04,23.03500000,23.23900000,22.30100000,23.01200000,917.58900000
2021-01-04,22.94300000,22.97700000,22.68500000,22.91000000,713.50300000
2021-01-04,22.89800000,23.25900000,22.84000000,23.00300000,1156.76700000
2021-01-04,23.00400000,23.57900000,22.84900000,23.47300000,779.29500000
2021-01-04,23.43900000,23.66500000,23.19300000,23.52100000,473.40500000
2021-01-05,23.51200000,23.60400000,22.88500000,23.17400000,667.68000000
2021-01-05,23.19400000,23.43400000,22.69400000,22.95400000,1388.97100000
2021-01-05,23.01100000,28.38100000,22.82600000,27.93500000,19414.03400000
2021-01-05,28.01400000,28.22800000,26.03400000,27.16800000,7618.71800000
2021-01-05,27.17800000,27.20600000,26.38300000,26.62900000,3351.14300000
2021-01-05,26.73500000,27.88100000,26.73500000,27.32400000,3151.34900000
2021-01-05,27.32400000,27.66500000,26.87000000,27.36300000,2001.78700000
2021-01-05,27.40100000,28.50000000,27.30600000,27.98000000,2798.96200000
2021-01-05,27.96900000,28.27400000,27.33100000,27.48200000,858.40000000
2021-01-05,27.43600000,27.83900000,26.91700000,27.34900000,1135.21200000
2021-01-05,27.39400000,27.40100000,26.60000000,27.14400000,1104.45600000
2021-01-05,27.14400000,28.75000000,27.11500000,28.43600000,2613.88300000
2021-01-05,28.51200000,30.01000000,27.71000000,27.75600000,7948.62400000
2021-01-05,27.73900000,28.27300000,26.93600000,27.22200000,2854.03200000
2021-01-05,27.29700000,28.44700000,27.00000000,28.35700000,2912.55100000
2021-01-05,28.24700000,29.46400000,27.53800000,28.75500000,6157.34800000
2021-01-05,28.79600000,28.89700000,27.73800000,27.85100000,1583.07500000
2021-01-05,27.91300000,28.14000000,27.81100000,28.04400000,693.69600000
2021-01-05,28.17000000,28.23500000,27.69800000,28.06300000,1642.79000000
2021-01-05,28.02300000,28.44700000,28.01500000,28.33600000,1067.99800000
2021-01-05,28.33300000,31.00000000,28.27500000,29.58600000,7685.81800000
2021-01-05,29.69300000,31.81700000,29.31600000,30.71000000,5344.52100000
2021-01-05,30.72800000,30.74100000,29.37200000,29.57900000,2497.77900000
2021-01-05,29.57900000,29.71600000,28.76500000,29.25500000,1731.25300000
2021-01-06,29.26600000,29.81200000,28.87600000,29.16900000,1545.62500000
2021-01-06,29.27600000,29.28600000,27.59300000,28.96700000,5857.80400000
2021-01-06,28.96100000,29.23800000,28.69000000,28.71500000,1315.91700000
2021-01-06,28.80000000,28.80000000,27.78200000,28.11100000,1480.77200000
2021-01-06,28.11100000,28.68600000,28.03000000,28.36000000,1146.03100000
2021-01-06,28.40000000,28.63000000,28.12700000,28.25400000,916.50200000
2021-01-06,28.24400000,29.00000000,27.91100000,27.91200000,1256.94400000
2021-01-06,27.89700000,28.86700000,27.62100000,28.35400000,2543.41100000
2021-01-06,28.35400000,29.71500000,27.89200000,28.04000000,2350.56700000
2021-01-06,28.07200000,28.52600000,27.75200000,28.35700000,859.76600000
2021-01-06,28.39800000,29.53300000,28.36800000,28.99200000,1007.21800000
2021-01-06,28.97500000,29.08600000,28.27000000,28.91600000,327.65100000
2021-01-06,28.90600000,29.23500000,28.21800000,28.57800000,534.39200000
2021-01-06,28.57800000,28.72500000,27.99700000,28.53900000,1652.34100000
2021-01-06,28.53900000,29.15900000,28.17100000,28.35000000,892.68800000
2021-01-06,28.33400000,29.49900000,28.00000000,28.93700000,1433.65600000
2021-01-06,28.93700000,28.98400000,28.40800000,28.53500000,474.82300000
2021-01-06,28.53200000,28.58400000,28.13400000,28.40500000,785.44700000
2021-01-06,28.31400000,28.85900000,28.26900000,28.79500000,565.90800000
2021-01-06,28.76400000,28.89500000,28.50300000,28.67600000,493.28900000
2021-01-06,28.70500000,29.14600000,28.20100000,28.93400000,1812.60800000
2021-01-06,28.94200000,30.00000000,28.82300000,29.66900000,1425.82200000
2021-01-06,29.67000000,30.00000000,28.56500000,29.18800000,2195.17200000
2021-01-06,29.18800000,29.82000000,29.18700000,29.37100000,238.41900000
2021-01-07,29.47100000,29.93600000,29.20200000,29.39000000,386.92500000
2021-01-07,29.24200000,29.93600000,29.20000000,29.62500000,632.26700000
2021-01-07,29.70000000,29.93600000,29.23500000,29.74800000,387.27200000
2021-01-07,29.73900000,31.00000000,29.68000000,30.50000000,1639.17400000
2021-01-07,30.52900000,30.52900000,28.33400000,28.52700000,2435.92100000
2021-01-07,28.37800000,28.65800000,27.82300000,28.34600000,1687.46100000
2021-01-07,28.46300000,28.89800000,28.37000000,28.89700000,533.78100000
2021-01-07,28.82700000,28.89800000,28.54800000,28.69600000,183.03800000
2021-01-07,28.69700000,29.31700000,27.79000000,29.18900000,2635.84500000
2021-01-07,29.06500000,29.06500000,28.24800000,28.34800000,885.67600000
2021-01-07,28.33100000,28.70500000,27.96700000,28.13700000,2107.66200000
2021-01-07,28.14000000,28.37600000,27.93500000,28.33300000,1114.40900000
2021-01-07,28.33300000,28.37700000,28.20200000,28.24100000,322.70300000
2021-01-07,28.27700000,28.60500000,28.11900000,28.60500000,526.09100000
2021-01-07,28.49000000,28.60500000,28.03900000,28.24400000,326.63600000
2021-01-07,28.24100000,28.70000000,28.00500000,28.61000000,861.42300000
2021-01-07,28.63800000,28.66600000,27.72000000,28.47300000,895.52700000
2021-01-07,28.50500000,28.65500000,28.25100000,28.37100000,338.72600000
2021-01-07,28.41600000,28.78000000,28.22000000,28.51600000,565.40300000
2021-01-07,28.45400000,28.66100000,28.00000000,28.35500000,1259.30100000
2021-01-07,28.35500000,28.60100000,28.16500000,28.18400000,1535.82300000
2021-01-07,28.41200000,28.51900000,28.11900000,28.21600000,575.46000000
2021-01-07,28.15900000,29.17400000,28.13800000,28.69800000,1226.67800000
2021-01-07,28.62100000,29.52500000,28.62100000,28.91700000,802.97800000
2021-01-08,28.91700000,29.32500000,28.52700000,28.97900000,787.10100000
2021-01-08,28.97900000,30.00000000,28.92700000,29.09600000,1406.41000000
2021-01-08,29.09600000,29.79500000,25.82600000,27.75200000,2243.66700000
2021-01-08,27.81300000,28.46800000,27.27100000,27.97400000,953.49100000
2021-01-08,28.03000000,28.30200000,27.89200000,28.05100000,309.15800000
2021-01-08,28.11200000,28.78400000,27.98700000,28.44300000,378.82000000
2021-01-08,28.58100000,28.76200000,28.16600000,28.31400000,205.83300000
2021-01-08,28.26300000,28.88100000,27.81900000,28.40800000,789.39600000
2021-01-08,28.27700000,28.42400000,27.80100000,27.80100000,475.68600000
2021-01-08,28.08300000,28.82800000,27.80000000,28.82000000,622.45600000
2021-01-08,28.52100000,28.59100000,26.55500000,27.02000000,1363.62400000
2021-01-08,27.02000000,27.22200000,26.50000000,26.76900000,352.48500000
2021-01-08,26.60500000,27.21500000,26.50000000,26.66200000,625.40400000
2021-01-08,26.58600000,26.97500000,26.23700000,26.87800000,1390.36700000
2021-01-08,26.88800000,27.21100000,26.39900000,26.95700000,1408.66500000
2021-01-08,26.99300000,27.49900000,26.85400000,27.43600000,810.12000000
2021-01-08,27.36400000,27.50000000,26.95200000,27.16700000,704.25600000
2021-01-08,27.07200000,27.45000000,26.80900000,27.07700000,1381.29800000
2021-01-08,26.99500000,27.50000000,26.99500000,27.15000000,608.49200000
2021-01-08,27.16900000,27.61000000,27.03100000,27.42600000,523.28200000
2021-01-08,27.36400000,27.77500000,27.00000000,27.67700000,943.49200000
2021-01-08,27.55500000,27.70000000,27.18300000,27.49300000,408.06100000
2021-01-08,27.47100000,27.99500000,26.73800000,27.27300000,1563.16100000
2021-01-08,27.24600000,27.43700000,26.63900000,27.17200000,2059.40800000
2021-01-09,27.10600000,27.94900000,26.92700000,27.47900000,1623.99000000
2021-01-09,27.45900000,27.67300000,26.96200000,27.35200000,975.72900000
2021-01-09,27.30200000,27.43200000,26.70800000,27.01500000,835.39200000
2021-01-09,27.10700000,27.10700000,26.80000000,26.92400000,88.09900000
2021-01-09,26.99500000,27.09200000,26.50300000,26.80400000,459.25300000
2021-01-09,26.77200000,26.87900000,26.43900000,26.55800000,441.20100000
2021-01-09,26.48700000,26.90700000,26.37700000,26.90700000,494.03000000
2021-01-09,26.90700000,27.04800000,26.54400000,26.54500000,460.58000000
2021-01-09,26.57900000,26.72100000,26.35000000,26.44300000,491.31300000
2021-01-09,26.44500000,26.49900000,26.28600000,26.49900000,279.44900000
2021-01-09,26.41400000,26.69900000,26.33400000,26.69900000,701.00700000
2021-01-09,26.69900000,26.80000000,26.64200000,26.77600000,338.69000000
2021-01-09,26.84900000,27.50000000,26.77100000,27.48100000,980.30900000
2021-01-09,27.38300000,27.38300000,26.74600000,26.82400000,318.56000000
2021-01-09,26.83600000,26.89700000,26.29700000,26.56000000,429.51100000
2021-01-09,26.55100000,27.23000000,26.54900000,27.08600000,680.45800000
2021-01-09,27.05100000,27.21500000,26.94900000,27.20800000,88.56500000
2021-01-09,27.19400000,27.32700000,27.00000000,27.10500000,382.47200000
2021-01-09,27.21700000,27.45500000,27.00000000,27.35700000,481.86000000
2021-01-09,27.40500000,27.48000000,27.00000000,27.00600000,710.87200000
2021-01-09,27.00800000,27.47900000,27.00500000,27.29100000,429.56800000
2021-01-09,27.40700000,27.43400000,27.14700000,27.14700000,919.48000000
2021-01-09,27.29000000,27.94800000,27.25300000,27.49800000,1232.03800000
2021-01-09,27.46000000,27.89900000,27.29700000,27.52100000,565.10400000
2021-01-10,27.45800000,27.68000000,27.00000000,27.33200000,1989.52200000
2021-01-10,27.34300000,27.75000000,27.26700000,27.50300000,1212.04500000
2021-01-10,27.58900000,27.77700000,27.23100000,27.53300000,1306.42400000
2021-01-10,27.53300000,28.29900000,27.36000000,28.29900000,2502.82800000
2021-01-10,28.19700000,29.00000000,27.59900000,28.29500000,3892.00900000
2021-01-10,28.22300000,28.49000000,28.05200000,28.33000000,954.34100000
2021-01-10,28.25300000,28.33500000,27.91300000,28.04900000,529.73900000
2021-01-10,28.08000000,28.28300000,27.67900000,28.15600000,3430.37900000
2021-01-10,28.15600000,28.38300000,27.80000000,28.30700000,2313.91400000
2021-01-10,28.30700000,30.13900000,28.22000000,30.13900000,7087.84600000
2021-01-10,30.18000000,30.89500000,29.12100000,30.00000000,7340.57500000
2021-01-10,30.00200000,31.11700000,28.31600000,28.69000000,10314.77100000
2021-01-10,28.69000000,29.10900000,28.24700000,28.91600000,2213.16700000
2021-01-10,28.92400000,30.65500000,28.77400000,30.23400000,5361.88000000
2021-01-10,30.33200000,30.33200000,29.46000000,29.69700000,2598.36500000
2021-01-10,29.69800000,29.86300000,29.25500000,29.29000000,2145.28100000
2021-01-10,29.30800000,29.55300000,29.00000000,29.05900000,2095.28700000
2021-01-10,29.05900000,29.50000000,29.05100000,29.22000000,1087.20700000
2021-01-10,29.21900000,29.21900000,28.00000000,28.60000000,1473.02700000
2021-01-10,28.50700000,28.50700000,28.00000000,28.00000000,1204.88100000
2021-01-10,28.00100000,28.04900000,27.50000000,27.95500000,1582.55900000
2021-01-10,27.83300000,28.18000000,27.68700000,28.17900000,630.46400000
2021-01-10,28.09400000,28.17600000,27.71500000,27.82400000,795.35200000
2021-01-10,27.81100000,28.57900000,27.60000000,28.35000000,336.46000000
2021-01-11,28.39700000,28.72000000,28.13200000,28.20600000,1905.75400000
2021-01-11,28.20600000,28.31600000,27.19000000,27.40000000,1399.91000000
2021-01-11,27.41800000,28.36800000,27.41800000,27.74200000,579.58400000
2021-01-11,27.67600000,28.05500000,27.24500000,27.71600000,583.18000000
2021-01-11,27.72600000,28.23400000,27.01600000,27.78200000,1590.41200000
2021-01-11,27.77700000,27.87700000,27.47100000,27.66400000,385.18600000
2021-01-11,27.66400000,28.08100000,27.56100000,27.56200000,585.82000000
2021-01-11,27.67500000,28.00000000,27.53400000,27.56600000,619.19700000
2021-01-11,27.59900000,27.64700000,27.00000000,27.05000000,828.42800000
2021-01-11,27.00000000,27.31700000,27.00000000,27.31700000,324.05300000
2021-01-11,27.15900000,27.88800000,26.70800000,27.15700000,2253.76600000
2021-01-11,27.05300000,27.51200000,25.58400000,26.01700000,3634.34800000
2021-01-11,25.98400000,26.31100000,25.63400000,25.99800000,870.63700000
2021-01-11,25.96800000,26.64700000,25.82600000,25.95100000,723.74400000
2021-01-11,26.05400000,26.74000000,25.53300000,26.20100000,3452.86900000
2021-01-11,26.20000000,26.80800000,25.03800000,25.34900000,1831.96500000
2021-01-11,25.47400000,26.40200000,25.36400000,25.56000000,1409.53200000
2021-01-11,25.64400000,26.17000000,25.42800000,26.16800000,2003.70800000
2021-01-11,26.14800000,26.65100000,25.51900000,25.56100000,1660.50800000
2021-01-11,25.58100000,26.14800000,25.20800000,25.56600000,2807.49200000
2021-01-11,25.61300000,26.13400000,25.10700000,25.85700000,2095.15700000
2021-01-11,25.75900000,26.46900000,25.29900000,25.69400000,1593.98500000
2021-01-11,25.73100000,26.60400000,25.23500000,26.21200000,5889.35700000
2021-01-11,26.19100000,26.38500000,25.68800000,26.06400000,1462.64800000
2021-01-12,26.04200000,26.06700000,24.95000000,25.05900000,4353.48000000
2021-01-12,25.15700000,25.54300000,24.71400000,25.05200000,3306.45200000
2021-01-12,25.07700000,25.22100000,24.93200000,25.09000000,659.29800000
2021-01-12,25.15600000,25.21700000,24.95000000,25.14100000,907.09100000
2021-01-12,25.03700000,25.31100000,24.80300000,25.19300000,1094.08700000
2021-01-12,25.34200000,26.12700000,25.17100000,25.59000000,1832.49100000
2021-01-12,25.67200000,26.25500000,25.39900000,26.23100000,929.38100000
2021-01-12,26.13600000,26.74000000,25.88500000,26.46400000,485.29700000
2021-01-12,26.52300000,27.49800000,26.44000000,27.49800000,628.34000000
2021-01-12,27.49800000,33.32700000,27.49800000,33.26200000,20377.61100000
2021-01-12,33.26200000,37.59800000,31.60000000,33.27500000,40822.04300000
2021-01-12,33.29600000,34.38000000,30.11000000,30.43300000,19832.69100000
2021-01-12,30.43100000,34.89000000,30.32900000,33.69800000,16940.72500000
2021-01-12,33.84900000,33.91900000,31.76600000,31.81600000,8831.19300000
2021-01-12,31.86100000,32.76800000,31.10000000,31.79000000,7642.89200000
2021-01-12,31.67400000,32.28700000,30.35900000,30.77200000,9919.20000000
2021-01-12,30.79500000,31.20900000,30.00100000,30.03000000,4626.22700000
2021-01-12,30.08800000,30.68600000,30.00000000,30.16600000,2803.09100000
2021-01-12,30.12900000,30.21600000,28.50000000,28.60600000,4601.96500000
2021-01-12,28.71500000,30.13200000,28.42700000,28.61400000,6257.13200000
2021-01-12,28.46700000,29.57300000,28.45000000,28.70100000,3354.72800000
2021-01-12,28.63000000,29.39300000,27.44400000,27.85800000,3935.44600000
2021-01-12,27.75400000,27.82100000,26.64500000,27.08500000,4220.89800000
2021-01-12,27.19100000,28.29000000,27.16500000,28.23400000,2770.51800000
2021-01-13,28.23400000,29.36500000,28.15400000,28.87800000,2515.39900000
2021-01-13,28.87800000,29.16000000,28.27200000,28.49400000,2306.10300000
2021-01-13,28.56600000,29.29900000,28.38300000,29.03600000,1879.57200000
2021-01-13,29.15300000,29.17200000,27.80000000,27.80000000,1672.92600000
2021-01-13,27.79500000,27.97900000,26.51900000,27.43500000,3907.66600000
2021-01-13,27.35000000,27.76300000,26.89100000,27.53900000,1957.24600000
2021-01-13,27.53100000,28.11300000,26.93000000,27.17400000,2051.55500000
2021-01-13,27.12700000,27.40800000,26.52600000,27.09500000,1721.82900000
2021-01-13,27.11600000,27.37800000,26.00000000,26.48700000,2155.60200000
2021-01-13,26.04300000,28.67300000,26.04200000,28.65400000,1899.23100000
2021-01-13,28.46300000,29.12400000,27.93700000,28.89700000,2911.18000000
2021-01-13,28.78400000,30.08900000,28.30000000,28.45700000,2138.11100000
2021-01-13,28.45800000,28.57800000,27.91900000,28.28800000,1469.80800000
2021-01-13,28.24800000,28.59500000,27.37000000,27.55000000,959.38000000
2021-01-13,27.52400000,28.37000000,27.52400000,27.99900000,614.05100000
2021-01-13,27.89000000,28.47800000,27.66600000,28.44100000,652.74800000
2021-01-13,28.35700000,28.35800000,28.00000000,28.22000000,603.44600000
2021-01-13,28.17000000,28.68500000,28.17000000,28.50000000,1009.32000000
2021-01-13,28.50800000,28.82600000,28.16000000,28.57100000,864.47300000
2021-01-13,28.60800000,28.60800000,28.09100000,28.17700000,996.85000000
2021-01-13,28.17700000,29.19800000,28.00400000,28.21400000,2372.16500000
2021-01-13,28.21400000,28.53900000,27.76500000,27.76500000,1278.01800000
2021-01-13,27.76500000,28.40000000,27.73800000,27.86600000,1580.98200000
2021-01-13,27.90800000,28.39900000,27.72800000,27.87000000,2079.91100000
2021-01-14,27.86400000,28.56000000,27.64700000,28.35100000,568.48200000
2021-01-14,28.26300000,28.83800000,27.91300000,28.30700000,794.84300000
2021-01-14,28.28700000,28.51300000,28.00000000,28.47500000,671.55100000
2021-01-14,28.41100000,28.83800000,28.25200000,28.63000000,859.02400000
2021-01-14,28.63000000,28.63000000,28.10000000,28.27700000,502.06900000
2021-01-14,28.26000000,29.33700000,27.84200000,28.05500000,2341.22300000
2021-01-14,28.05800000,28.84200000,27.88400000,28.00200000,2306.22500000
2021-01-14,28.00200000,28.52500000,27.75800000,28.20100000,663.62300000
2021-01-14,28.20200000,28.53300000,27.55800000,27.65000000,1427.82400000
2021-01-14,27.71500000,28.15300000,27.65200000,28.00500000,723.56800000
2021-01-14,28.00500000,28.90000000,27.55800000,27.78000000,895.62300000
2021-01-14,27.75200000,28.37500000,27.75200000,28.07700000,239.36700000
2021-01-14,28.09400000,28.79400000,27.71000000,28.59800000,1821.72000000
2021-01-14,28.51500000,28.52400000,27.80100000,28.02700000,495.68800000
2021-01-14,28.02700000,28.48600000,27.80200000,27.91600000,512.72300000
2021-01-14,27.97300000,28.58300000,27.79500000,28.52000000,669.33900000
2021-01-14,28.59500000,29.13100000,28.16200000,28.42000000,538.27400000
2021-01-14,28.47600000,28.51700000,27.82900000,27.82900000,461.11600000
2021-01-14,28.12500000,28.35700000,28.05400000,28.27000000,176.01500000
2021-01-14,28.26800000,28.50000000,28.06900000,28.46700000,989.18200000
2021-01-14,28.44500000,29.00800000,28.28100000,28.99300000,770.02500000
2021-01-14,28.99300000,29.68300000,28.26800000,28.72900000,1951.69200000
2021-01-14,28.72900000,28.81800000,28.35800000,28.60100000,637.76000000
2021-01-14,28.54500000,29.00400000,28.34900000,28.77100000,778.91800000
2021-01-15,28.88600000,29.06800000,28.56300000,28.64800000,914.29400000
2021-01-15,28.61500000,29.86600000,28.59000000,29.47000000,2237.92400000
2021-01-15,29.45100000,29.74600000,28.56500000,28.72300000,1327.32800000
2021-01-15,28.72400000,28.83100000,28.48500000,28.68800000,355.30000000
2021-01-15,28.65400000,29.02700000,28.48600000,28.83600000,814.62800000
2021-01-15,28.77600000,28.86500000,27.06800000,27.38100000,3178.85800000
2021-01-15,27.33700000,27.86400000,27.13900000,27.80000000,2765.68300000
2021-01-15,27.79900000,27.90300000,27.21400000,27.70300000,1925.31700000
2021-01-15,27.76600000,28.30900000,27.64100000,28.07000000,1749.27200000
2021-01-15,28.05900000,28.34800000,27.89800000,28.04300000,112.48600000
2021-01-15,27.98400000,28.65000000,27.89800000,28.22800000,473.38100000
2021-01-15,28.19400000,28.22200000,27.85200000,28.01800000,336.57300000
2021-01-15,28.07200000,28.28500000,27.62900000,27.93500000,338.39900000
2021-01-15,28.07200000,28.29200000,27.58000000,27.62300000,280.51900000
2021-01-15,27.53100000,28.02300000,27.10100000,27.32600000,941.90200000
2021-01-15,27.30600000,27.85800000,27.29900000,27.74800000,589.66900000
2021-01-15,27.77500000,28.76100000,27.70400000,27.93100000,544.24000000
2021-01-15,28.00000000,28.96400000,27.98600000,28.41000000,1135.73400000
2021-01-15,28.41400000,28.62500000,28.00000000,28.25800000,881.49700000
2021-01-15,28.17300000,28.21700000,27.95900000,27.95900000,612.02000000
2021-01-15,27.91500000,27.99000000,27.24200000,27.57800000,1508.03700000
2021-01-15,27.52400000,27.96600000,27.41000000,27.67100000,862.43600000
2021-01-15,27.67000000,28.00500000,27.44000000,27.46600000,610.69500000
2021-01-15,27.44000000,27.68000000,27.01000000,27.17200000,1995.06500000
2021-01-16,27.17200000,27.19800000,26.35400000,26.93700000,2361.27500000
2021-01-16,26.99100000,27.27900000,26.76700000,26.78000000,569.18800000
2021-01-16,26.86400000,27.44000000,26.81700000,26.96100000,423.79200000
2021-01-16,27.01400000,27.32400000,26.78100000,27.16900000,373.07200000
2021-01-16,27.25700000,27.25700000,26.71000000,26.99900000,167.32500000
2021-01-16,26.99900000,27.79700000,26.99900000,27.65400000,1057.00800000
2021-01-16,27.65100000,28.00000000,27.04500000,27.14200000,1854.14200000
2021-01-16,27.04500000,27.53500000,26.75800000,27.15800000,1022.11500000
2021-01-16,27.19000000,27.43900000,27.00700000,27.34500000,889.51500000
2021-01-16,27.23800000,27.53600000,27.01900000,27.17900000,208.04800000
2021-01-16,27.11500000,27.69700000,27.00200000,27.17000000,2644.76100000
2021-01-16,27.36000000,27.36400000,27.00600000,27.28200000,741.52700000
2021-01-16,27.33400000,27.50400000,27.05300000,27.47500000,241.44300000
2021-01-16,27.29000000,27.47500000,27.14600000,27.14600000,426.29200000
2021-01-16,27.14600000,27.36500000,27.05500000,27.11000000,383.55100000
2021-01-16,27.22100000,27.53400000,27.15500000,27.33000000,810.91000000
2021-01-16,27.39200000,27.74600000,27.33600000,27.73300000,650.14600000
2021-01-16,27.74400000,27.81300000,27.51100000,27.81300000,759.22600000
2021-01-16,27.82000000,27.93800000,27.70800000,27.84100000,1034.83300000
2021-01-16,27.83600000,28.27600000,27.50300000,28.19100000,842.15200000
2021-01-16,28.19100000,28.49900000,27.51400000,27.69100000,1047.00800000
2021-01-16,27.94500000,28.44000000,27.70000000,28.19600000,742.37500000
2021-01-16,28.00100000,28.28100000,28.00100000,28.00100000,497.26300000
2021-01-16,28.05700000,28.50000000,28.00000000,28.43400000,1205.90000000
2021-01-17,28.43400000,29.08600000,28.16500000,29.02600000,2434.10600000
2021-01-17,29.00100000,29.14500000,28.44000000,28.56900000,2871.70000000
2021-01-17,28.50600000,29.11000000,28.31400000,28.83600000,1559.36300000
2021-01-17,28.76100000,29.51500000,28.30800000,28.39900000,4595.20800000
2021-01-17,28.40100000,28.64300000,28.04600000,28.41700000,1800.96900000
2021-01-17,28.41600000,28.56200000,27.50000000,27.54200000,1253.57600000
2021-01-17,27.50000000,28.06000000,27.20000000,27.95200000,1016.35000000
2021-01-17,27.95200000,28.71600000,27.54600000,28.12400000,1196.99100000
2021-01-17,28.09900000,28.11100000,27.00000000,27.91500000,1444.69000000
2021-01-17,27.91200000,28.07600000,27.21900000,28.03600000,1474.94000000
2021-01-17,28.06200000,28.27400000,27.54600000,27.54600000,869.59500000
2021-01-17,27.54600000,27.71900000,27.05300000,27.47600000,1351.16300000
2021-01-17,27.56300000,27.61500000,27.02700000,27.20000000,850.47800000
2021-01-17,27.20800000,27.26900000,26.88800000,26.95700000,353.51500000
2021-01-17,26.94100000,27.33600000,26.73700000,27.11600000,760.20600000
2021-01-17,27.11600000,27.22200000,26.66100000,27.01600000,753.40700000
2021-01-17,27.01500000,27.12700000,26.55000000,26.95400000,438.45500000
2021-01-17,26.90400000,27.15500000,26.50000000,26.64100000,1134.07400000
2021-01-17,26.79300000,27.18400000,26.35300000,26.93700000,1241.23000000
2021-01-17,26.83800000,27.25300000,26.71100000,27.07400000,393.39900000
2021-01-17,27.06800000,27.52400000,26.75200000,26.75200000,1125.12200000
2021-01-17,26.89700000,27.30700000,26.65800000,27.06900000,1759.60100000
2021-01-17,27.06800000,27.39500000,26.89700000,27.11100000,903.36500000
2021-01-17,27.11100000,27.76000000,27.02800000,27.74100000,629.03700000
2021-01-18,27.67400000,27.96900000,27.33800000,27.75600000,458.07400000
2021-01-18,27.83900000,28.20700000,27.58000000,28.14100000,1278.18300000
2021-01-18,28.16900000,28.19800000,27.87800000,28.00700000,632.32200000
2021-01-18,28.07200000,28.80000000,27.82300000,27.83000000,1039.61000000
2021-01-18,27.98000000,28.52800000,27.97900000,28.34600000,656.74000000
2021-01-18,28.46200000,28.99000000,27.82800000,28.20300000,1591.68700000
2021-01-18,28.22600000,28.73700000,27.82600000,27.98300000,1790.62400000
2021-01-18,27.98400000,28.23300000,27.58700000,27.75000000,1365.87000000
2021-01-18,27.82200000,28.52600000,27.73500000,28.34900000,327.28200000
2021-01-18,28.31400000,29.14600000,28.13000000,29.07200000,3644.36000000
2021-01-18,28.95700000,29.09200000,28.13000000,28.28000000,1582.29100000
2021-01-18,28.27900000,28.83900000,27.17300000,28.17400000,2864.71000000
2021-01-18,28.06000000,28.87000000,27.78800000,28.57700000,977.07300000
2021-01-18,28.44500000,28.49900000,28.00000000,28.41500000,485.10800000
2021-01-18,28.41400000,29.49900000,28.23700000,29.34800000,3565.24700000
2021-01-18,29.47700000,30.65000000,28.86800000,28.93600000,5135.80000000
2021-01-18,28.93600000,31.00000000,28.84900000,30.67200000,3137.30200000
2021-01-18,30.65900000,30.65900000,29.96600000,30.58800000,1683.22200000
2021-01-18,30.56000000,31.00000000,29.91600000,30.09900000,1795.76700000
2021-01-18,30.06300000,30.15400000,29.50000000,29.59500000,1219.38300000
2021-01-18,29.57100000,29.90600000,29.33100000,29.51800000,2278.58200000
2021-01-18,29.45900000,30.30000000,29.17100000,30.02300000,2122.77100000
2021-01-18,30.02300000,30.03500000,29.33100000,29.49500000,804.45000000
2021-01-18,29.47000000,29.83100000,29.33900000,29.83100000,746.84500000
2021-01-19,29.84500000,30.20400000,29.66400000,29.66400000,735.26300000
2021-01-19,29.68900000,30.25700000,29.15500000,30.06200000,1709.59300000
2021-01-19,29.94700000,30.09200000,29.43600000,29.48700000,497.96800000
2021-01-19,29.57600000,29.90400000,29.43900000,29.61000000,275.80900000
2021-01-19,29.60700000,30.20700000,29.51300000,29.77800000,687.32000000
2021-01-19,29.87900000,30.12900000,29.73500000,29.96700000,450.02100000
2021-01-19,29.98100000,30.03000000,29.50200000,29.62500000,643.79500000
2021-01-19,29.72700000,30.21200000,29.70700000,30.09600000,733.36800000
2021-01-19,30.13600000,31.12500000,30.09500000,30.92100000,2559.37000000
2021-01-19,30.89800000,31.00200000,29.59800000,29.82700000,1225.01800000
2021-01-19,29.82700000,30.01300000,29.32900000,29.47900000,1278.66800000
2021-01-19,29.46600000,30.30800000,29.30000000,30.22700000,803.24400000
2021-01-19,30.25600000,30.38200000,30.02700000,30.02700000,590.06800000
2021-01-19,30.12100000,30.29600000,29.73200000,29.73900000,558.10900000
2021-01-19,29.83400000,29.90900000,29.38700000,29.72400000,411.48300000
2021-01-19,29.72200000,29.72700000,29.42100000,29.55000000,545.73300000
2021-01-19,29.46900000,29.76300000,29.42000000,29.58600000,658.30800000
2021-01-19,29.59700000,30.04500000,29.43100000,29.80100000,373.18900000
2021-01-19,29.89200000,30.30800000,29.80300000,30.20700000,519.43200000
2021-01-19,30.10300000,30.34000000,29.71400000,29.80500000,781.87200000
2021-01-19,29.80500000,29.96200000,29.47500000,29.62900000,601.76300000
2021-01-19,29.63100000,29.98000000,29.62800000,29.78300000,692.94200000
2021-01-19,29.93900000,30.38300000,29.69700000,30.07700000,780.54400000
2021-01-19,30.23700000,30.68200000,30.00000000,30.31500000,1110.72100000
2021-01-20,30.20100000,30.68200000,29.51900000,29.65800000,1494.92100000
2021-01-20,29.62800000,29.97300000,29.45700000,29.71500000,866.60500000
2021-01-20,29.74100000,29.84100000,29.30000000,29.30800000,1182.97100000
2021-01-20,29.41700000,29.55000000,28.12400000,29.02700000,2821.77900000
2021-01-20,28.99900000,29.49400000,28.56000000,29.27900000,1568.88900000
2021-01-20,29.24300000,29.45700000,29.06100000,29.20500000,272.95700000
2021-01-20,29.14100000,29.70600000,29.14100000,29.37300000,395.80700000
2021-01-20,29.33600000,29.37300000,28.22000000,28.26500000,575.68300000
2021-01-20,28.22000000,28.88000000,28.20000000,28.50600000,743.48700000
2021-01-20,28.50600000,28.50600000,28.08600000,28.16600000,957.12700000
2021-01-20,28.21300000,28.64900000,28.00000000,28.54100000,1110.41400000
2021-01-20,28.64000000,29.44800000,28.04900000,28.14900000,1295.28100000
2021-01-20,28.08200000,28.47400000,28.00000000,28.10100000,610.61900000
2021-01-20,28.20000000,28.62100000,28.10000000,28.28200000,496.88300000
2021-01-20,28.16600000,29.13100000,28.00000000,28.45700000,846.43200000
2021-01-20,28.30600000,29.13100000,28.30000000,28.73200000,278.39400000
2021-01-20,28.57200000,28.62300000,28.00000000,28.26200000,549.47000000
2021-01-20,28.30100000,28.69900000,27.97400000,28.05400000,919.52800000
2021-01-20,28.01700000,28.18900000,28.00000000,28.00500000,467.62500000
2021-01-20,28.10300000,28.11000000,27.82100000,27.94600000,505.11100000
2021-01-20,27.94600000,27.99200000,27.39700000,27.67900000,560.92900000
2021-01-20,27.66300000,28.38000000,27.59400000,27.87800000,459.00900000
2021-01-20,27.88000000,28.16300000,27.63500000,27.63500000,353.35600000
2021-01-20,27.76500000,28.23600000,27.00100000,27.75000000,1325.67000000
2021-01-21,27.54800000,28.22400000,27.00000000,28.07300000,970.96300000
2021-01-21,28.02800000,28.20200000,27.85100000,28.15400000,188.25200000
2021-01-21,28.22200000,29.10700000,28.15400000,28.96200000,1050.94100000
2021-01-21,28.83500000,29.09500000,28.56000000,28.64700000,349.78900000
2021-01-21,28.72800000,28.72900000,28.56300000,28.60000000,239.77000000
2021-01-21,28.60000000,28.72800000,28.28900000,28.71100000,442.99800000
2021-01-21,28.50000000,28.97300000,28.40900000,28.82300000,200.83500000
2021-01-21,28.44000000,28.88600000,28.00200000,28.62000000,783.23300000
2021-01-21,28.64800000,28.77400000,28.19300000,28.19500000,546.67700000
2021-01-21,28.32700000,28.42900000,27.66000000,27.66000000,580.36800000
2021-01-21,27.73000000,28.29300000,27.72900000,27.73400000,284.73000000
2021-01-21,27.88400000,27.88600000,27.50000000,27.63900000,176.53700000
2021-01-21,27.63900000,28.17800000,27.52400000,27.52400000,212.94700000
2021-01-21,27.52400000,27.86300000,27.39200000,27.82200000,467.91500000
2021-01-21,27.75800000,28.14400000,27.70800000,28.03200000,109.21900000
2021-01-21,28.03600000,28.41800000,28.03200000,28.13000000,455.39600000
2021-01-21,28.12500000,28.12500000,27.18600000,27.26500000,392.11500000
2021-01-21,27.26500000,27.72800000,27.00000000,27.62800000,682.49000000
2021-01-21,27.62800000,28.06600000,27.10200000,27.40000000,1020.74700000
2021-01-21,27.40100000,27.84100000,27.00000000,27.12800000,730.68700000
2021-01-21,27.10300000,28.11500000,27.00000000,27.34600000,1127.31800000
2021-01-21,27.43700000,27.45200000,27.00600000,27.12100000,516.99200000
2021-01-21,27.09800000,27.34400000,26.50000000,26.58400000,1130.64700000
2021-01-21,26.50100000,28.23700000,26.45000000,27.39900000,1838.37900000
2021-01-22,27.39900000,28.30000000,26.92500000,26.93400000,982.32000000
2021-01-22,26.93000000,27.47100000,26.48000000,26.99900000,856.03100000
2021-01-22,26.91700000,27.16600000,26.46500000,26.63600000,756.28400000
2021-01-22,26.63600000,27.53600000,26.58300000,27.15400000,637.62800000
2021-01-22,27.11700000,27.53100000,26.82000000,27.02000000,672.86400000
2021-01-22,27.14300000,27.51500000,26.87800000,26.87800000,279.03500000
2021-01-22,26.87800000,26.97400000,26.00000000,26.70500000,892.01300000
2021-01-22,26.70900000,27.18600000,26.00000000,26.21600000,1102.84200000
2021-01-22,26.17800000,26.64900000,26.00000000,26.09700000,1123.71100000
2021-01-22,26.09700000,26.77200000,25.31900000,26.07700000,1368.96600000
2021-01-22,26.20300000,26.51000000,25.56000000,25.86000000,1197.87000000
2021-01-22,25.86000000,26.78200000,25.79900000,26.78200000,709.79700000
2021-01-22,26.81000000,26.90500000,26.30300000,26.66800000,1066.34900000
2021-01-22,26.73000000,26.99700000,26.50000000,26.73900000,743.52800000
2021-01-22,26.73900000,27.08400000,26.57400000,26.83600000,623.68200000
2021-01-22,26.88500000,26.96600000,26.49800000,26.69200000,448.09900000
2021-01-22,26.62900000,26.78300000,26.07300000,26.59700000,1323.51600000
2021-01-22,26.56000000,26.82100000,26.30500000,26.53300000,1250.10100000
2021-01-22,26.46700000,26.69900000,26.30000000,26.63300000,815.30900000
2021-01-22,26.59900000,27.11100000,26.56800000,26.93700000,1647.07500000
2021-01-22,26.93700000,27.20000000,26.68500000,26.85200000,1098.73800000
2021-01-22,26.91700000,27.33800000,26.82500000,27.26000000,667.54300000
2021-01-22,27.28000000,27.47000000,27.03900000,27.44100000,1062.29300000
2021-01-22,27.44100000,27.55300000,27.09700000,27.49200000,737.66500000
2021-01-23,27.45100000,27.58400000,27.07700000,27.20400000,1874.92300000
2021-01-23,27.20400000,27.50700000,26.98600000,27.32500000,795.42300000
2021-01-23,27.34800000,27.53400000,27.08600000,27.41600000,725.58000000
2021-01-23,27.36300000,27.66700000,27.21300000,27.60100000,586.19600000
2021-01-23,27.60100000,27.66900000,27.20100000,27.40000000,612.04900000
2021-01-23,27.46800000,27.56100000,26.66300000,27.00600000,1143.13000000
2021-01-23,26.93000000,27.19500000,26.62700000,26.63200000,516.61100000
2021-01-23,26.62300000,27.07600000,26.59200000,26.87500000,258.12800000
2021-01-23,26.95100000,26.98800000,26.69700000,26.71000000,179.49500000
2021-01-23,26.83400000,27.28100000,26.60000000,27.16100000,566.73100000
2021-01-23,27.15200000,27.19800000,26.70100000,27.04100000,83.74100000
2021-01-23,27.02200000,27.68900000,26.56000000,27.66000000,458.19300000
2021-01-23,27.58700000,27.98500000,27.38900000,27.41900000,256.28500000
2021-01-23,27.43400000,27.81200000,27.16400000,27.79200000,371.64400000
2021-01-23,27.78200000,27.88900000,27.43700000,27.48800000,563.74500000
2021-01-23,27.44300000,27.69200000,27.43700000,27.60000000,165.15000000
2021-01-23,27.60000000,27.84100000,27.57900000,27.75000000,186.53700000
2021-01-23,27.75000000,27.96900000,27.50500000,27.52900000,681.18600000
2021-01-23,27.53000000,27.62200000,27.40000000,27.53000000,78.65800000
2021-01-23,27.56700000,27.57200000,26.73200000,26.82800000,509.52400000
2021-01-23,26.79100000,27.39200000,26.67000000,27.11600000,840.34800000
2021-01-23,27.16600000,27.21100000,26.72200000,27.11400000,368.48500000
2021-01-23,27.11400000,27.17100000,26.81100000,27.05900000,665.95200000
2021-01-23,26.96800000,27.39000000,26.77000000,27.15900000,1234.30900000
2021-01-24,27.15900000,27.54000000,27.11200000,27.49300000,607.93900000
2021-01-24,27.47800000,27.73800000,27.28500000,27.56900000,1439.29100000
2021-01-24,27.49400000,28.85500000,27.45300000,28.68500000,1651.95900000
2021-01-24,28.68500000,28.95200000,27.75000000,28.07700000,3017.34800000
2021-01-24,28.07600000,28.72000000,28.03800000,28.64000000,1269.18100000
2021-01-24,28.63400000,28.71600000,28.31900000,28.31900000,1143.37200000
2021-01-24,28.40700000,28.55900000,27.86600000,28.31100000,1051.87300000
2021-01-24,28.31100000,28.72200000,27.86600000,28.01200000,882.24500000
2021-01-24,28.09100000,28.37100000,27.67700000,27.75400000,1186.90600000
2021-01-24,27.72700000,28.17100000,27.35000000,27.35000000,1799.84600000
2021-01-24,27.35200000,28.03000000,27.20400000,27.76300000,1299.84700000
2021-01-24,27.78000000,28.10400000,27.53300000,28.04500000,585.96600000
2021-01-24,28.04400000,28.41600000,27.94500000,28.41600000,953.78900000
2021-01-24,28.30900000,28.71100000,27.97300000,28.33400000,984.95600000
2021-01-24,28.44600000,28.55900000,28.18500000,28.36400000,339.11900000
2021-01-24,28.47500000,28.51700000,28.27600000,28.44100000,206.96700000
2021-01-24,28.43800000,28.50700000,28.30000000,28.40600000,412.09300000
2021-01-24,28.44200000,28.68700000,28.00000000,28.65400000,796.50400000
2021-01-24,28.65500000,28.76500000,28.36900000,28.44900000,364.40000000
2021-01-24,28.41200000,29.89000000,28.41000000,28.82800000,3110.17300000
2021-01-24,28.76000000,28.83100000,27.76700000,28.08400000,1099.72100000
2021-01-24,27.99500000,28.45700000,27.77400000,28.07200000,722.80400000
2021-01-24,28.11200000,28.39000000,27.77300000,28.05200000,704.95900000
2021-01-24,28.12300000,28.15600000,27.81200000,28.05500000,573.96000000
2021-01-25,27.98600000,28.18300000,27.53100000,27.77300000,1827.76100000
2021-01-25,27.77100000,28.40100000,27.60900000,27.70200000,1351.93500000
2021-01-25,27.70200000,27.74500000,27.54100000,27.57900000,604.49300000
2021-01-25,27.57900000,27.62100000,27.30000000,27.37800000,933.36000000
2021-01-25,27.36100000,27.52000000,27.24100000,27.48100000,1175.48000000
2021-01-25,27.45500000,27.62400000,27.40200000,27.48900000,406.36000000
2021-01-25,27.55800000,27.77900000,27.01200000,27.55000000,596.03200000
2021-01-25,27.54800000,27.65800000,27.40100000,27.42800000,569.07400000
2021-01-25,27.54300000,27.86000000,27.39600000,27.50000000,2116.96800000
2021-01-25,27.50000000,27.67700000,27.50000000,27.51900000,838.72900000
2021-01-25,27.52100000,27.69300000,27.11700000,27.11700000,1146.19200000
2021-01-25,27.16300000,27.64100000,27.07100000,27.54100000,1189.34000000
2021-01-25,27.53900000,27.63300000,27.33700000,27.43800000,282.28200000
2021-01-25,27.43800000,27.56400000,27.36100000,27.44200000,174.47900000
2021-01-25,27.50000000,27.68500000,27.39300000,27.65900000,319.57300000
2021-01-25,27.66000000,27.69200000,27.40800000,27.62700000,1207.45900000
2021-01-25,27.54600000,27.67500000,27.42700000,27.60500000,503.97500000
2021-01-25,27.60500000,27.69800000,27.36700000,27.45900000,724.08300000
2021-01-25,27.45500000,27.69400000,27.45000000,27.52000000,617.87200000
2021-01-25,27.56900000,27.70000000,27.50000000,27.61400000,473.79700000
2021-01-25,27.64300000,27.98500000,27.50000000,27.60900000,3268.27000000
2021-01-25,27.60300000,27.98500000,27.50000000,27.57300000,1546.62600000
2021-01-25,27.57300000,27.69000000,27.44800000,27.59600000,779.81800000
2021-01-25,27.56300000,27.66300000,27.43000000,27.66100000,327.37700000
2021-01-26,27.66100000,27.73600000,27.52600000,27.66000000,344.69500000
2021-01-26,27.57000000,27.68200000,27.55500000,27.56100000,326.35700000
2021-01-26,27.61500000,27.61600000,27.10000000,27.52100000,1308.86800000
2021-01-26,27.43200000,27.52800000,27.33700000,27.35000000,215.13000000
2021-01-26,27.35000000,27.75300000,27.24900000,27.70800000,517.68100000
2021-01-26,27.70800000,27.70800000,26.91900000,27.16500000,1267.53200000
2021-01-26,27.10600000,27.10600000,26.52900000,26.89300000,2398.97500000
2021-01-26,26.89400000,27.29900000,26.55000000,26.83100000,551.32600000
2021-01-26,26.83500000,27.06700000,26.55000000,26.76000000,526.32200000
2021-01-26,26.71300000,27.33400000,26.50000000,26.89700000,555.79900000
2021-01-26,26.94800000,27.27600000,26.67800000,26.67900000,344.48400000
2021-01-26,26.64100000,26.94300000,26.40900000,26.55900000,1032.88000000
2021-01-26,26.50600000,26.64700000,26.37200000,26.56200000,1118.97000000
2021-01-26,26.56200000,26.68400000,26.30100000,26.44900000,427.16700000
2021-01-26,26.44900000,26.66600000,26.00000000,26.00600000,1461.69200000
2021-01-26,26.03900000,26.35500000,25.96800000,26.16200000,1100.34000000
2021-01-26,26.21000000,26.32100000,26.00000000,26.18300000,521.25900000
2021-01-26,26.27300000,26.28500000,26.00000000,26.05600000,528.07700000
2021-01-26,26.23000000,26.31800000,26.01600000,26.18600000,229.98900000
2021-01-26,26.27200000,26.46000000,26.00100000,26.06600000,319.20900000
2021-01-26,26.03100000,26.76600000,26.00000000,26.00000000,804.44800000
2021-01-26,26.03600000,26.28200000,25.50000000,26.06100000,2198.59700000
2021-01-26,26.06700000,26.15400000,25.40600000,25.74400000,1227.45600000
2021-01-26,25.70100000,26.10000000,25.50600000,25.75300000,978.35000000
2021-01-27,25.74200000,26.71000000,25.50500000,26.54800000,1296.93700000
2021-01-27,26.57800000,26.80400000,26.43300000,26.51900000,523.71600000
2021-01-27,26.53300000,26.76600000,26.36600000,26.58700000,354.83500000
2021-01-27,26.58800000,26.69200000,26.54400000,26.60000000,77.57000000
2021-01-27,26.70000000,26.81400000,26.22000000,26.33500000,215.69600000
2021-01-27,26.23200000,26.62900000,26.22600000,26.51500000,292.25600000
2021-01-27,26.52400000,26.84900000,26.37800000,26.84900000,107.05000000
2021-01-27,26.84900000,27.00000000,26.75100000,27.00000000,275.85400000
2021-01-27,26.99900000,27.19300000,26.42900000,26.42900000,314.64600000
2021-01-27,26.56300000,26.63100000,26.20300000,26.40900000,143.70200000
2021-01-27,26.38700000,26.71600000,26.38700000,26.49400000,339.31600000
2021-01-27,26.45800000,26.48300000,26.17100000,26.17100000,256.35600000
2021-01-27,26.17100000,26.22600000,25.93800000,26.01200000,82.44300000
2021-01-27,26.01300000,26.05100000,25.80800000,25.86800000,106.32600000
2021-01-27,25.80100000,26.14700000,25.50000000,26.00700000,483.45000000
2021-01-27,26.00700000,26.10900000,26.00700000,26.00800000,73.64900000
2021-01-27,26.00800000,26.00800000,25.58800000,25.58800000,795.03200000
2021-01-27,25.56400000,25.94800000,25.32000000,25.94800000,576.04900000
2021-01-27,25.78700000,25.85300000,25.67500000,25.68100000,116.63100000
2021-01-27,25.75600000,26.00500000,25.25200000,25.25200000,205.48900000
2021-01-27,25.31600000,25.72500000,25.25200000,25.68900000,458.74500000
2021-01-27,25.61600000,25.88500000,25.16400000,25.36500000,487.30900000
2021-01-27,25.35900000,25.91500000,25.01100000,25.10100000,1065.44200000
2021-01-27,25.11300000,25.68000000,25.11300000,25.55600000,649.60500000
2021-01-28,25.55600000,25.71500000,25.34600000,25.37000000,814.00400000
2021-01-28,25.37000000,25.66300000,25.33800000,25.45400000,640.24400000
2021-01-28,25.39900000,25.47500000,25.14500000,25.38900000,373.65600000
2021-01-28,25.42700000,25.81100000,25.17800000,25.29500000,1156.20000000
2021-01-28,25.33400000,26.15300000,25.33400000,25.73000000,878.70500000
2021-01-28,25.77900000,26.80300000,25.35000000,25.46800000,985.27400000
2021-01-28,25.48000000,25.54500000,25.30000000,25.46800000,304.47600000
2021-01-28,25.54200000,25.54500000,25.30000000,25.54500000,593.88600000
2021-01-28,25.54500000,25.54500000,25.00000000,25.31600000,440.95300000
2021-01-28,25.26000000,25.34500000,25.00000000,25.33500000,393.76100000
2021-01-28,25.33500000,25.46500000,25.00000000,25.46500000,208.04500000
2021-01-28,25.40400000,25.68100000,25.40400000,25.68100000,188.63500000
2021-01-28,25.67900000,25.67900000,25.46200000,25.58700000,122.31900000
2021-01-28,25.50100000,25.83500000,25.50100000,25.78900000,230.99400000
2021-01-28,25.78900000,25.87800000,25.59000000,25.66500000,564.64300000
2021-01-28,25.72600000,25.72800000,25.40800000,25.57500000,699.75200000
2021-01-28,25.58900000,25.63300000,25.43000000,25.43000000,551.94700000
2021-01-28,25.43700000,25.75900000,25.24900000,25.75900000,316.06900000
2021-01-28,25.65600000,25.69400000,25.43400000,25.62800000,247.15300000
2021-01-28,25.62800000,25.93000000,25.43300000,25.65200000,1397.24600000
2021-01-28,25.72500000,25.92800000,25.50600000,25.70100000,1738.47700000
2021-01-28,25.74700000,26.51800000,25.67500000,26.46600000,650.61400000
2021-01-28,26.46500000,27.39000000,26.02400000,26.27800000,3746.81600000
2021-01-28,26.32300000,26.40000000,25.90600000,26.01300000,1041.42700000
2021-01-29,25.99800000,26.62100000,25.67100000,26.17400000,2117.59100000
2021-01-29,26.22300000,26.49000000,26.09800000,26.29500000,675.49900000
2021-01-29,26.21300000,26.50000000,26.00000000,26.15300000,491.06800000
2021-01-29,26.24000000,26.41400000,26.18100000,26.18800000,409.11000000
2021-01-29,26.26200000,26.51900000,26.05700000,26.45200000,821.45000000
2021-01-29,26.41500000,26.58200000,26.23200000,26.40000000,377.93000000
2021-01-29,26.38600000,26.61500000,26.30000000,26.61500000,719.72300000
2021-01-29,26.57800000,26.63200000,26.10500000,26.39600000,1095.07100000
2021-01-29,26.33000000,26.51600000,26.19400000,26.26900000,618.69200000
2021-01-29,26.26900000,26.43900000,26.06800000,26.22600000,477.94700000
2021-01-29,26.23300000,26.46900000,26.09700000,26.17200000,909.65200000
2021-01-29,26.23900000,26.55900000,26.10000000,26.16400000,695.34100000
2021-01-29,26.13000000,26.29200000,26.05000000,26.25800000,414.69200000
2021-01-29,26.12900000,26.60100000,26.06300000,26.48400000,952.01500000
2021-01-29,26.48400000,26.48400000,26.00500000,26.10000000,382.03800000
2021-01-29,26.06200000,26.17300000,25.82300000,25.82300000,662.05100000
2021-01-29,25.85400000,27.21200000,25.80000000,26.69000000,1179.90600000
2021-01-29,26.67600000,26.90400000,25.93200000,26.34300000,2262.77400000
2021-01-29,26.36700000,26.80800000,26.09500000,26.44500000,1076.74600000
2021-01-29,26.46100000,26.74400000,26.24100000,26.53200000,1469.52400000
2021-01-29,26.62000000,26.99800000,26.36800000,26.52500000,997.32000000
2021-01-29,26.54800000,26.78200000,26.52500000,26.58800000,264.02600000
2021-01-29,26.57000000,26.71400000,26.50000000,26.50000000,1074.71500000
2021-01-29,26.58100000,26.69200000,26.19000000,26.39600000,690.47800000
2021-01-30,26.39400000,26.67000000,26.08800000,26.15000000,784.15700000
2021-01-30,26.12200000,26.60500000,25.80000000,25.88000000,1504.41200000
2021-01-30,26.00200000,26.29700000,25.80000000,26.29700000,1002.54900000
2021-01-30,26.31000000,26.35500000,25.95200000,26.19600000,459.70700000
2021-01-30,26.05500000,26.35500000,25.82800000,25.95600000,401.39100000
2021-01-30,25.95700000,26.15200000,25.80100000,25.93500000,331.46100000
2021-01-30,26.00300000,26.24600000,25.93300000,26.00000000,521.37300000
2021-01-30,25.96200000,26.21500000,25.82600000,26.17500000,501.67300000
2021-01-30,26.20900000,26.31700000,25.98700000,25.98700000,385.07200000
2021-01-30,25.98700000,26.35300000,25.98700000,26.32200000,332.25400000
2021-01-30,26.34700000,26.44700000,26.19000000,26.19300000,248.32800000
2021-01-30,26.19300000,26.26000000,25.78600000,25.90000000,219.45800000
2021-01-30,25.85400000,26.32100000,25.74600000,26.19000000,231.37200000
2021-01-30,26.19000000,26.26000000,25.88100000,26.03500000,188.55100000
2021-01-30,25.99100000,26.50700000,25.91600000,26.33100000,507.81200000
2021-01-30,26.33100000,26.39800000,26.00400000,26.13200000,438.90700000
2021-01-30,26.12400000,26.37700000,26.03600000,26.17600000,183.00000000
2021-01-30,26.18100000,26.60000000,26.14100000,26.37800000,455.59100000
2021-01-30,26.33900000,26.60000000,26.06700000,26.33400000,447.37900000
2021-01-30,26.35600000,26.35600000,25.96100000,25.98900000,406.73200000
2021-01-30,25.98900000,26.16800000,25.84000000,26.05800000,423.36700000
2021-01-30,26.05900000,26.39900000,26.00900000,26.04200000,517.05700000
2021-01-30,26.03500000,26.18600000,26.03200000,26.17400000,491.04300000
2021-01-30,26.17400000,26.39500000,26.15100000,26.25500000,298.12900000
2021-01-31,26.24500000,26.41500000,25.85600000,26.33700000,822.33800000
2021-01-31,26.37400000,26.37600000,26.00400000,26.37600000,914.20800000
2021-01-31,26.37600000,26.96500000,26.27000000,26.95300000,761.19300000
2021-01-31,26.90300000,26.98000000,26.67200000,26.68400000,521.64500000
2021-01-31,26.75900000,26.93900000,26.55300000,26.56600000,530.04200000
2021-01-31,26.62900000,26.62900000,26.46300000,26.55400000,383.80200000
2021-01-31,26.55400000,26.60600000,26.35300000,26.60600000,522.76000000
2021-01-31,26.60500000,26.88600000,26.41200000,26.41200000,481.30700000
2021-01-31,26.44900000,26.59600000,26.20000000,26.59600000,873.72300000
2021-01-31,26.51200000,26.78800000,26.51100000,26.77000000,316.17900000
2021-01-31,26.77000000,27.06700000,26.28800000,26.30000000,858.90800000
2021-01-31,26.30000000,26.77200000,26.23800000,26.57800000,1476.73100000
2021-01-31,26.58200000,27.15400000,26.53200000,26.84800000,2691.19500000
2021-01-31,26.91500000,27.50000000,26.23600000,27.11300000,3182.73700000
2021-01-31,27.07400000,28.19000000,26.41300000,26.65900000,9958.51400000
2021-01-31,26.65300000,26.99900000,26.41200000,26.57200000,1676.98600000
2021-01-31,26.54400000,27.06800000,26.38600000,26.65000000,2045.90900000
2021-01-31,26.67000000,28.14400000,26.61900000,27.47300000,6682.89900000
2021-01-31,27.47200000,27.96600000,26.99800000,27.45200000,2921.75600000
2021-01-31,27.45300000,28.02100000,27.26600000,28.02100000,1499.60100000
2021-01-31,27.95900000,28.13700000,27.37900000,27.40000000,1456.43600000
2021-01-31,27.50000000,27.62300000,27.45400000,27.54800000,771.79700000
2021-01-31,27.54800000,27.99900000,27.22200000,27.33200000,2603.38700000
2021-01-31,27.33100000,27.39700000,26.55000000,26.84000000,3333.75200000
2021-02-01,26.83000000,27.09000000,26.60600000,26.88400000,1181.29600000
2021-02-01,26.85600000,27.23000000,26.53000000,26.83400000,859.68900000
2021-02-01,26.83300000,26.92000000,26.57700000,26.91800000,667.48800000
2021-02-01,26.83200000,27.33400000,26.83200000,27.32900000,660.54100000
2021-02-01,27.21100000,27.32900000,26.60200000,26.85000000,896.24400000
2021-02-01,26.94000000,27.02300000,26.76500000,26.95200000,477.83300000
2021-02-01,26.90100000,27.12200000,26.87500000,27.06000000,176.12900000
2021-02-01,27.10000000,27.10000000,26.54000000,26.93300000,994.69400000
2021-02-01,26.99600000,26.99600000,26.40400000,26.40400000,1136.26400000
2021-02-01,26.42600000,27.34800000,26.30600000,26.75000000,2520.31400000
2021-02-01,26.76500000,26.88700000,26.44100000,26.64100000,667.39700000
2021-02-01,26.53900000,26.69000000,26.30700000,26.69000000,1265.04500000
2021-02-01,26.66400000,26.77100000,26.33400000,26.51400000,463.41600000
2021-02-01,26.49100000,27.33200000,26.49100000,27.31300000,860.50500000
2021-02-01,27.31100000,27.31200000,26.52700000,26.73100000,1003.71500000
2021-02-01,26.65800000,27.20000000,26.65700000,27.20000000,941.02600000
2021-02-01,27.19300000,27.20000000,26.84200000,27.09000000,1031.75800000
2021-02-01,27.18400000,27.20000000,26.91700000,27.19000000,982.45000000
2021-02-01,27.09800000,27.19900000,26.65700000,27.19500000,531.13800000
2021-02-01,27.19500000,27.49200000,27.12400000,27.12400000,1382.61300000
2021-02-01,27.19400000,27.50000000,26.96000000,27.47900000,1327.47900000
2021-02-01,27.47900000,28.00000000,27.33000000,27.77400000,2534.95100000
2021-02-01,27.77400000,27.77400000,27.05800000,27.51200000,1829.42600000
2021-02-01,27.51200000,27.51200000,27.13000000,27.28500000,733.81600000
2021-02-02,27.28500000,27.50000000,27.12300000,27.26300000,860.52800000
2021-02-02,27.26400000,27.70700000,27.07100000,27.39000000,1327.38000000
2021-02-02,27.39000000,27.62900000,27.38100000,27.48000000,1113.58800000
2021-02-02,27.48000000,27.96600000,27.43900000,27.75400000,2437.44900000
2021-02-02,27.75900000,28.15100000,27.75500000,28.07100000,2311.67600000
2021-02-02,28.07500000,28.15900000,27.80100000,27.94200000,1900.20000000
2021-02-02,27.89700000,28.21800000,27.81500000,28.00800000,1161.49300000
2021-02-02,28.12000000,28.15900000,27.84500000,27.98900000,724.67200000
2021-02-02,27.95800000,28.22900000,27.80000000,27.90400000,1337.39400000
2021-02-02,27.85800000,28.05800000,27.00100000,27.03100000,3829.11900000
2021-02-02,27.07100000,27.49100000,26.88000000,27.28200000,2732.07800000
2021-02-02,27.26300000,27.50000000,27.11300000,27.49100000,414.74400000
2021-02-02,27.49100000,27.49100000,27.09900000,27.20300000,1036.57900000
2021-02-02,27.24200000,27.33300000,26.97300000,27.09200000,958.63100000
2021-02-02,27.09200000,27.21100000,26.76500000,26.89600000,2574.57400000
2021-02-02,26.86200000,27.10100000,26.80300000,26.88000000,1941.79200000
2021-02-02,27.00100000,27.29500000,26.89200000,27.04800000,2546.57100000
2021-02-02,27.12900000,27.35000000,26.84700000,27.12100000,2225.36400000
2021-02-02,27.12000000,27.38900000,26.95000000,26.95200000,707.11700000
2021-02-02,27.03500000,27.13000000,26.84000000,26.93700000,1228.81100000
2021-02-02,26.90900000,27.09800000,26.84000000,26.91000000,946.97700000
2021-02-02,26.99700000,27.14700000,26.84800000,27.14700000,1516.13200000
2021-02-02,27.16600000,27.29500000,26.85300000,27.17900000,2018.29200000
2021-02-02,27.18600000,27.31400000,26.91300000,27.06800000,1672.24300000
2021-02-03,27.07200000,27.23400000,26.86000000,27.00000000,2744.11100000
2021-02-03,27.03500000,27.06000000,26.80300000,26.94800000,1090.95900000
2021-02-03,26.94800000,27.26300000,26.94800000,27.26200000,825.33700000
2021-02-03,27.26100000,27.26100000,26.83000000,27.10300000,706.75000000
2021-02-03,27.16000000,27.69300000,26.98700000,27.11000000,1758.32200000
2021-02-03,27.07900000,27.70400000,27.06200000,27.59400000,1727.27400000
2021-02-03,27.57100000,27.77500000,27.40200000,27.77500000,807.86400000
2021-02-03,27.77500000,27.77700000,27.33100000,27.52300000,582.57800000
2021-02-03,27.56000000,27.90800000,26.98000000,27.60900000,2253.27500000
2021-02-03,27.60900000,27.90800000,27.35000000,27.62000000,1198.73200000
2021-02-03,27.62100000,27.88900000,27.55300000,27.65300000,337.07600000
2021-02-03,27.65300000,27.92100000,27.53600000,27.81500000,785.91300000
2021-02-03,27.85200000,27.91300000,27.34400000,27.43800000,522.58800000
2021-02-03,27.54100000,27.95000000,27.20000000,27.44000000,1387.04600000
2021-02-03,27.45800000,27.63000000,27.33100000,27.52200000,1368.50900000
2021-02-03,27.55500000,27.80000000,27.26100000,27.76500000,1270.37400000
2021-02-03,27.76400000,27.76400000,27.29300000,27.35400000,866.68400000
2021-02-03,27.33200000,27.50300000,27.07600000,27.50300000,1125.71700000
2021-02-03,27.49600000,27.79800000,27.36800000,27.72600000,799.67400000
2021-02-03,27.73000000,27.76600000,27.36900000,27.45800000,811.81200000
2021-02-03,27.46000000,27.64500000,27.28600000,27.41600000,1134.35500000
2021-02-03,27.46000000,27.75000000,27.46000000,27.60800000,831.57700000
2021-02-03,27.60800000,27.93500000,27.55100000,27.77800000,2647.44700000
2021-02-03,27.77800000,28.19800000,27.70000000,27.93200000,3296.41100000
2021-02-04,27.96900000,28.39700000,27.93500000,28.22100000,4433.26200000
2021-02-04,28.22100000,28.98400000,28.16200000,28.90000000,5223.39600000
2021-02-04,28.91700000,28.95800000,28.50000000,28.56700000,4401.05600000
2021-02-04,28.56700000,29.00000000,28.17500000,28.22300000,3399.23000000
2021-02-04,28.22300000,29.19000000,28.11100000,29.02200000,5440.90900000
2021-02-04,28.94600000,29.56300000,28.94500000,29.25000000,4384.96400000
2021-02-04,29.24900000,29.53800000,28.96600000,29.50800000,1921.29500000
2021-02-04,29.43700000,30.00000000,29.33100000,29.86200000,5358.04800000
2021-02-04,29.70700000,30.11000000,29.34600000,29.34700000,4085.88800000
2021-02-04,29.34700000,29.65800000,29.09300000,29.29300000,2240.10300000
2021-02-04,29.29200000,29.56000000,29.00000000,29.09700000,5685.74400000
2021-02-04,29.12200000,29.35100000,28.64900000,28.65000000,2022.47800000
2021-02-04,28.64800000,29.17100000,28.54900000,29.09300000,1869.62000000
2021-02-04,29.17500000,30.30300000,29.14300000,30.18800000,7926.39400000
2021-02-04,30.18700000,31.79900000,29.90900000,30.71800000,15135.42000000
2021-02-04,30.80500000,32.54300000,30.60000000,31.61700000,10317.91500000
2021-02-04,31.62500000,31.74800000,30.28900000,30.37900000,12569.52300000
2021-02-04,30.27300000,30.63100000,29.50000000,30.01000000,9571.59500000
2021-02-04,30.00000000,31.72900000,29.81700000,30.92500000,5530.28600000
2021-02-04,30.94500000,31.87300000,30.88000000,30.91300000,3629.45200000
2021-02-04,30.97100000,33.36500000,30.91000000,33.00000000,13256.99300000
2021-02-04,33.00000000,38.00000000,32.43600000,36.31000000,50168.11500000
2021-02-04,36.37000000,37.05300000,33.55000000,34.68800000,20332.85600000
2021-02-04,34.69000000,34.69000000,32.50000000,34.18200000,12426.05500000
2021-02-05,34.09500000,34.64000000,32.58500000,33.41200000,12670.12100000
2021-02-05,33.34200000,34.28400000,33.19700000,33.74800000,6235.44600000
2021-02-05,33.67900000,35.65200000,33.67900000,34.28200000,9750.56300000
2021-02-05,34.29400000,37.50000000,34.12000000,36.90200000,7179.15100000
2021-02-05,37.09200000,37.33300000,34.96100000,35.71100000,6597.64700000
2021-02-05,35.71000000,36.43900000,34.20100000,34.24100000,3999.64000000
2021-02-05,34.30100000,34.59200000,32.24600000,32.36100000,15314.73000000
2021-02-05,32.39700000,33.40900000,32.25100000,32.49900000,7252.07000000
2021-02-05,32.54200000,33.61000000,32.54200000,32.98300000,3921.75700000
2021-02-05,32.98300000,33.75800000,32.87900000,32.87900000,3955.87900000
2021-02-05,32.87900000,33.71500000,32.63500000,33.70000000,4444.18300000
2021-02-05,33.61900000,33.99900000,33.01100000,33.33100000,3699.18600000
2021-02-05,33.33400000,33.62900000,32.90200000,33.50000000,3757.05200000
2021-02-05,33.58800000,34.20700000,33.33000000,33.61600000,2869.09900000
2021-02-05,33.54000000,34.11000000,33.25800000,34.09000000,5026.47100000
2021-02-05,33.96500000,34.00000000,32.93000000,33.21000000,3453.20400000
2021-02-05,33.33700000,33.34100000,32.25600000,32.36600000,5630.78600000
2021-02-05,32.41800000,32.98400000,32.36000000,32.76000000,3954.14600000
2021-02-05,32.76000000,32.99400000,32.53900000,32.80800000,3677.85000000
2021-02-05,32.80800000,32.98400000,32.50500000,32.57400000,2495.58200000
2021-02-05,32.63700000,33.97200000,32.57500000,33.46900000,6010.46100000
2021-02-05,33.46900000,35.73900000,33.33900000,35.22800000,15924.65400000
2021-02-05,35.52400000,35.52400000,34.05100000,34.80600000,7505.91800000
2021-02-05,34.80300000,35.47700000,34.40000000,35.09900000,6525.06100000
2021-02-06,35.09900000,36.00100000,34.50000000,35.11800000,6693.33300000
2021-02-06,35.11800000,36.38200000,34.00500000,35.40000000,8777.61100000
2021-02-06,35.40000000,35.97900000,34.63600000,34.63600000,3671.44400000
2021-02-06,34.76100000,36.23600000,34.58400000,36.01200000,1897.64100000
2021-02-06,36.01200000,36.01200000,34.79700000,34.98900000,2085.21700000
2021-02-06,34.98700000,35.02900000,34.35000000,34.53300000,3320.87400000
2021-02-06,34.53400000,35.51600000,34.47700000,34.54100000,1511.36600000
2021-02-06,34.54100000,35.64200000,34.10000000,34.86300000,4749.23400000
2021-02-06,34.86200000,35.94400000,34.27000000,34.52300000,5497.71900000
2021-02-06,34.52300000,34.94900000,32.32100000,32.84900000,7818.58600000
2021-02-06,32.85100000,34.10000000,32.83700000,33.90000000,5125.98400000
2021-02-06,33.99400000,33.99500000,32.91200000,33.53800000,2239.40700000
2021-02-06,33.53800000,33.80400000,32.95700000,33.30100000,915.79500000
2021-02-06,33.30700000,33.75600000,32.80000000,33.17900000,1417.95500000
2021-02-06,33.07200000,33.26600000,32.89300000,33.04100000,2144.54100000
2021-02-06,33.02600000,33.67800000,32.83500000,33.58700000,1387.74200000
2021-02-06,33.54700000,34.31000000,33.11400000,33.12100000,6494.65800000
2021-02-06,33.12000000,33.81500000,33.07000000,33.20100000,2729.28800000
2021-02-06,33.39000000,33.39000000,32.66000000,32.77800000,2674.56000000
2021-02-06,32.85200000,32.85200000,32.00000000,32.10000000,6207.21900000
2021-02-06,32.13600000,32.31600000,31.67700000,31.93900000,2667.38700000
2021-02-06,31.94500000,32.45200000,31.61700000,31.84800000,2779.76700000
2021-02-06,31.88400000,32.47500000,31.41300000,32.09300000,3527.10400000
2021-02-06,32.09300000,32.47600000,31.97300000,32.20800000,2128.72800000
2021-02-07,32.20800000,32.60300000,31.70800000,32.50300000,1713.79800000
2021-02-07,32.50300000,32.73000000,32.31100000,32.59000000,1304.96500000
2021-02-07,32.66100000,33.80300000,32.59300000,32.91300000,3668.10100000
2021-02-07,33.04900000,33.66400000,32.93100000,33.54400000,1462.21000000
2021-02-07,33.54500000,34.44000000,33.42800000,34.30000000,2075.77800000
2021-02-07,34.30000000,34.99300000,34.16300000,34.27300000,1781.36100000
2021-02-07,34.19900000,34.26600000,33.54300000,33.59900000,893.51300000
2021-02-07,33.60000000,33.69200000,32.73400000,32.85200000,2027.22300000
2021-02-07,32.78600000,33.50700000,32.63500000,33.43500000,1950.12600000
2021-02-07,33.43900000,34.86700000,33.30000000,33.87200000,5572.83000000
2021-02-07,33.86700000,33.90000000,33.19800000,33.32000000,2231.53300000
2021-02-07,33.32000000,33.95400000,32.93600000,33.20100000,2599.94700000
2021-02-07,33.09600000,34.57100000,33.09600000,33.93500000,2801.19800000
2021-02-07,33.93500000,34.96900000,33.80000000,34.96900000,4234.71200000
2021-02-07,34.90000000,40.18300000,34.90000000,38.16100000,29062.21600000
2021-02-07,38.16100000,38.39600000,36.05400000,36.55600000,12406.71900000
2021-02-07,36.53400000,37.33900000,36.24200000,36.75800000,5161.53900000
2021-02-07,36.76000000,37.05000000,36.24100000,36.58400000,4070.48800000
2021-02-07,36.58400000,37.31100000,36.21000000,37.07300000,2878.74300000
2021-02-07,37.04100000,37.10000000,36.22000000,36.47700000,1712.02700000
2021-02-07,36.59900000,37.36800000,36.49400000,36.80800000,2995.18000000
2021-02-07,36.80800000,37.69100000,36.22000000,36.49400000,4119.82100000
2021-02-07,36.29600000,36.48900000,35.20000000,35.95100000,5852.27900000
2021-02-07,35.95000000,36.10000000,34.25000000,34.25000000,5108.54100000
2021-02-08,34.25000000,34.43900000,33.61700000,34.00300000,5900.79000000
2021-02-08,34.00300000,34.05100000,33.50000000,33.72000000,2405.84500000
2021-02-08,33.71700000,34.34400000,33.61800000,33.83500000,1195.72400000
2021-02-08,33.82000000,34.45200000,33.82000000,34.23300000,1444.51700000
2021-02-08,34.27400000,34.35900000,33.48400000,33.50600000,1928.90200000
2021-02-08,33.58600000,34.24100000,33.50600000,33.96000000,786.01200000
2021-02-08,33.86000000,33.98700000,33.41800000,33.59800000,1198.09600000
2021-02-08,33.59900000,34.61100000,33.59900000,34.44200000,3798.24000000
2021-02-08,34.52000000,35.51300000,34.48200000,35.27400000,4767.30400000
2021-02-08,35.27400000,35.67700000,34.86500000,34.96200000,2093.20200000
2021-02-08,34.96400000,35.11300000,34.04000000,34.27900000,1667.82900000
2021-02-08,34.21600000,34.75600000,33.95400000,34.30000000,2110.60900000
2021-02-08,34.30000000,35.23900000,34.16300000,35.05700000,2030.73600000
2021-02-08,35.14600000,35.44700000,34.87000000,35.41900000,2576.65200000
2021-02-08,35.41900000,36.48900000,35.29500000,36.33900000,3897.09400000
2021-02-08,36.33900000,36.80100000,36.12500000,36.64500000,1646.37800000
2021-02-08,36.61900000,36.79600000,35.68300000,36.13800000,3158.11000000
2021-02-08,36.13800000,36.99000000,35.10500000,35.34900000,4468.00100000
2021-02-08,35.47100000,36.21300000,35.16100000,36.20000000,3393.48800000
2021-02-08,36.14500000,37.24300000,36.06800000,37.10900000,5203.84800000
2021-02-08,37.19600000,37.28100000,36.31200000,36.61000000,2112.87500000
2021-02-08,36.37800000,36.67200000,34.61900000,35.08400000,4111.56000000
2021-02-08,35.08200000,36.17800000,34.97100000,35.79300000,4408.75700000
2021-02-08,35.67900000,36.36000000,35.30700000,35.80000000,4049.87500000
2021-02-09,35.79800000,36.25000000,35.55300000,35.77500000,2999.80400000
2021-02-09,35.76300000,35.87600000,35.55500000,35.67300000,1278.00900000
2021-02-09,35.69700000,35.70000000,35.02700000,35.12200000,2043.58500000
2021-02-09,35.12000000,36.14900000,35.07300000,35.94000000,4823.88200000
2021-02-09,35.90900000,35.96000000,34.97300000,35.32400000,3557.46600000
2021-02-09,35.27800000,35.49800000,34.94800000,35.13000000,2932.96700000
2021-02-09,35.05900000,35.50000000,34.80200000,35.16100000,3452.87900000
2021-02-09,35.25300000,35.83500000,34.78700000,35.21600000,3664.14200000
2021-02-09,35.22600000,35.75200000,35.04000000,35.40100000,2134.67200000
2021-02-09,35.51800000,35.61600000,35.29300000,35.58600000,1403.98500000
2021-02-09,35.61400000,36.13400000,35.30000000,35.85300000,2218.85200000
2021-02-09,35.85300000,36.13500000,35.31100000,35.60900000,3286.70700000
2021-02-09,35.57600000,36.32900000,35.44100000,36.08900000,2888.31500000
2021-02-09,36.04900000,36.56100000,35.91100000,36.51300000,3471.17000000
2021-02-09,36.51600000,37.49900000,36.05500000,37.39900000,3712.76600000
2021-02-09,37.49700000,37.50000000,36.09100000,36.15100000,3454.72100000
2021-02-09,36.15100000,36.38500000,35.88000000,36.08100000,3218.16800000
2021-02-09,36.01400000,36.67600000,35.91000000,35.98900000,3013.53000000
2021-02-09,36.09700000,36.38000000,35.63300000,35.63300000,2315.65000000
2021-02-09,35.64000000,37.90000000,35.48800000,37.25700000,10428.17700000
2021-02-09,37.25900000,37.84800000,36.32200000,36.41300000,5578.40000000
2021-02-09,36.41300000,36.85200000,36.21200000,36.58200000,2728.06200000
2021-02-09,36.43800000,36.90000000,36.17800000,36.79200000,3079.05200000
2021-02-09,36.77500000,37.01800000,36.41800000,36.76200000,2363.16700000
2021-02-10,36.76200000,37.35300000,36.40000000,37.31200000,3219.65300000
2021-02-10,37.35900000,39.00000000,37.19500000,37.75100000,12039.42900000
2021-02-10,37.72500000,38.88000000,37.42400000,38.65900000,8763.26500000
2021-02-10,38.60000000,38.70200000,37.97500000,38.05600000,2197.11400000
2021-02-10,38.12000000,38.71700000,37.93200000,38.39700000,2658.06900000
2021-02-10,38.39400000,38.99000000,38.03000000,38.62200000,3450.66300000
2021-02-10,38.60700000,38.80000000,37.44300000,38.21900000,5321.03500000
2021-02-10,38.21900000,38.62400000,37.75900000,37.97900000,2315.61600000
2021-02-10,37.99600000,38.27700000,37.27000000,37.27000000,3088.29700000
2021-02-10,37.27100000,37.64400000,36.74000000,37.50900000,5982.58500000
2021-02-10,37.59300000,38.93000000,37.40000000,37.84700000,6689.64900000
2021-02-10,37.83900000,38.35500000,37.38700000,37.90500000,5922.79600000
2021-02-10,37.87700000,37.87800000,36.78900000,37.20900000,4689.72900000
2021-02-10,37.10400000,37.34000000,36.97700000,37.04200000,3462.05900000
2021-02-10,37.14800000,38.54800000,37.04200000,38.30400000,3930.37700000
2021-02-10,38.27300000,38.48100000,37.75000000,38.23900000,2570.56400000
2021-02-10,38.23800000,38.49300000,37.27800000,37.64100000,4472.44500000
2021-02-10,37.58100000,38.03900000,37.24800000,37.48000000,3705.41600000
2021-02-10,37.57700000,37.97900000,37.22900000,37.60900000,2821.03800000
2021-02-10,37.65200000,37.95900000,37.16900000,37.35500000,4277.57400000
2021-02-10,37.35500000,37.41000000,35.00000000,35.94400000,11293.28400000
2021-02-10,35.94400000,37.00000000,35.79800000,36.69600000,3137.04900000
2021-02-10,36.71800000,36.76000000,35.05000000,35.41700000,4094.88000000
2021-02-10,35.41700000,36.12400000,34.00000000,34.30500000,11144.97500000
2021-02-11,34.43700000,35.71500000,34.11400000,35.63900000,2733.92800000
2021-02-11,35.63400000,49.50000000,34.77700000,43.51100000,103797.94700000
2021-02-11,43.37500000,47.78500000,42.40000000,43.48900000,72478.39300000
2021-02-11,43.60500000,44.92800000,41.73500000,44.73700000,14530.99300000
2021-02-11,44.73700000,45.49000000,40.38300000,41.65200000,24218.73700000
2021-02-11,41.76300000,42.53700000,41.00000000,41.93300000,6800.12400000
2021-02-11,41.80400000,44.44300000,41.36600000,43.19200000,7178.12000000
2021-02-11,43.27100000,44.44400000,41.73100000,42.20100000,5442.46800000
2021-02-11,42.27200000,42.57700000,40.38800000,41.08200000,5716.48500000
2021-02-11,41.12600000,41.85000000,40.26700000,41.33800000,5932.75000000
2021-02-11,41.22000000,41.95500000,41.18900000,41.87200000,652.05500000
2021-02-11,41.87200000,41.87200000,41.87200000,41.87200000,0.00000000
2021-02-11,41.87200000,41.87300000,40.82600000,41.23100000,7245.39800000
2021-02-11,41.42200000,41.42200000,39.97100000,40.41300000,7138.39900000
2021-02-11,40.53100000,43.06800000,40.48200000,42.34500000,11302.09900000
2021-02-11,42.34300000,42.93900000,41.68600000,42.66900000,4914.84300000
2021-02-11,42.81700000,43.38100000,42.13500000,42.23400000,5328.35300000
2021-02-11,42.40600000,43.60000000,42.00000000,43.00000000,3423.45100000
2021-02-11,43.00100000,45.50000000,42.35900000,45.28000000,5995.31800000
2021-02-11,45.48900000,46.14500000,43.66300000,43.74600000,8287.53500000
2021-02-11,43.72700000,46.35100000,42.00000000,43.39300000,9488.15200000
2021-02-11,43.40500000,44.33300000,42.87000000,43.57400000,5212.68700000
2021-02-11,43.70300000,43.83500000,42.78800000,43.60000000,2529.87600000
2021-02-12,43.60700000,43.83500000,42.01100000,42.44000000,4729.11700000
2021-02-12,42.56600000,44.07800000,41.90000000,43.87100000,6477.43600000
2021-02-12,43.87200000,44.46100000,43.06800000,43.83500000,3585.19700000
2021-02-12,43.96300000,44.16600000,42.62700000,42.71400000,2747.52500000
2021-02-12,42.71400000,43.80000000,41.84000000,41.84700000,3499.80300000
2021-02-12,41.84700000,42.57600000,41.22100000,42.03200000,2519.93800000
2021-02-12,42.03200000,42.30000000,41.20000000,42.16000000,1804.63900000
2021-02-12,42.24100000,45.06800000,42.16200000,42.61200000,6141.51200000
2021-02-12,42.61300000,43.29000000,41.36400000,41.88600000,5188.83900000
2021-02-12,41.80900000,43.52300000,41.74600000,42.98800000,4984.97800000
2021-02-12,42.98100000,43.26300000,41.74900000,42.40000000,3038.73700000
2021-02-12,42.40300000,43.10400000,41.70000000,41.87000000,3260.86100000
2021-02-12,41.86300000,42.00000000,40.67200000,41.80600000,5261.69400000
2021-02-12,41.71200000,42.48000000,41.63700000,41.99400000,2866.89600000
2021-02-12,41.99300000,42.02000000,40.60100000,41.50900000,2280.42100000
2021-02-12,41.50900000,42.38300000,41.21000000,42.38200000,2203.23100000
2021-02-12,42.38300000,43.37200000,42.00700000,42.74700000,2606.45600000
2021-02-12,42.74000000,43.45000000,41.95300000,42.19900000,2718.90600000
2021-02-12,42.31700000,43.32700000,41.93800000,42.55600000,2301.27000000
2021-02-12,42.55600000,43.33600000,41.36500000,43.11300000,3795.52800000
2021-02-12,43.11300000,43.36200000,42.50000000,42.50000000,3236.66400000
2021-02-12,42.49300000,43.71700000,42.09700000,43.55000000,4637.77000000
2021-02-12,43.40000000,43.73500000,41.63500000,42.32000000,4165.34800000
2021-02-12,42.32100000,43.19100000,42.32100000,43.19100000,2061.52900000
2021-02-13,43.15400000,44.15200000,42.60000000,43.33600000,6647.21000000
2021-02-13,43.49200000,45.00000000,43.14800000,44.65000000,4727.27200000
2021-02-13,44.42800000,45.15000000,43.30000000,43.92400000,3190.26900000
2021-02-13,44.01000000,45.41200000,43.50100000,44.65000000,4475.02800000
2021-02-13,44.65000000,45.63300000,44.18800000,44.88000000,3047.36700000
2021-02-13,44.91800000,45.68000000,43.60000000,44.19400000,3453.86500000
2021-02-13,43.90300000,44.93300000,43.53200000,43.58700000,2203.02800000
2021-02-13,43.56200000,44.24800000,43.38500000,43.46200000,1634.28700000
2021-02-13,43.44900000,44.10100000,43.27100000,43.61500000,2259.40300000
2021-02-13,43.61500000,44.44800000,43.27300000,43.82100000,4203.80700000
2021-02-13,43.82200000,44.95000000,43.30600000,44.40000000,9728.53000000
2021-02-13,44.40000000,47.99400000,44.40000000,45.64600000,12363.21800000
2021-02-13,45.79500000,48.10200000,44.18000000,46.14600000,10065.75400000
2021-02-13,46.14600000,46.96000000,45.52800000,46.53800000,3389.18000000
2021-02-13,46.53800000,46.67100000,45.79800000,45.97500000,2421.31200000
2021-02-13,45.97200000,45.97700000,44.36400000,44.36400000,3942.09000000
2021-02-13,44.36200000,44.81600000,43.40000000,44.13200000,4152.28600000
2021-02-13,44.22400000,47.50000000,43.86900000,46.10000000,8577.19100000
2021-02-13,46.10000000,46.32500000,43.83500000,45.03300000,7124.02300000
2021-02-13,44.83500000,46.00000000,43.57400000,43.73000000,6242.06000000
2021-02-13,43.60400000,45.04000000,43.27100000,44.28600000,4425.08000000
2021-02-13,44.19000000,45.50000000,43.56100000,45.49500000,3740.83400000
2021-02-13,45.49500000,45.91100000,44.50000000,45.81300000,3516.53400000
2021-02-13,45.81300000,46.45000000,45.17200000,45.31000000,2871.17100000
2021-02-14,45.25100000,45.96700000,44.50000000,44.98900000,4048.74700000
2021-02-14,44.89100000,46.40000000,44.63600000,45.19600000,4677.73100000
2021-02-14,45.17300000,46.99000000,45.17300000,45.91800000,3156.05300000
2021-02-14,45.91800000,49.00000000,45.69200000,48.72200000,8856.36100000
2021-02-14,48.60700000,54.10000000,48.42600000,51.33900000,28740.31300000
2021-02-14,51.34100000,53.50000000,50.24600000,51.07400000,47070.32700000
2021-02-14,51.12200000,52.80000000,47.55200000,48.93500000,34270.95900000
2021-02-14,48.93500000,50.25000000,48.59100000,48.71600000,9247.71100000
2021-02-14,48.77400000,48.89200000,47.01500000,47.49900000,5859.29900000
2021-02-14,47.49900000,49.30600000,47.04900000,47.38300000,5672.66400000
2021-02-14,47.42000000,48.13600000,47.18200000,47.27100000,2214.90800000
2021-02-14,47.45100000,50.36500000,47.45100000,48.58300000,5666.42000000
2021-02-14,48.58500000,48.66600000,46.80000000,47.61500000,4584.02000000
2021-02-14,47.60500000,47.84700000,45.83200000,45.92800000,4486.87000000
2021-02-14,45.92900000,46.95900000,45.11000000,46.84100000,6702.47400000
2021-02-14,46.91400000,46.95000000,45.63300000,45.91600000,1410.33700000
2021-02-14,45.91800000,46.83400000,45.64800000,46.81100000,2992.14800000
2021-02-14,45.91800000,46.83400000,45.64800000,46.81100000,2992.14800000
2021-02-14,46.66100000,47.02200000,46.47600000,46.70000000,3002.49100000
2021-02-14,46.70300000,48.77100000,46.70100000,48.77100000,2767.39600000
2021-02-14,48.77100000,48.84100000,46.99100000,47.18000000,3094.59600000
2021-02-14,47.20300000,47.39100000,46.02100000,46.25200000,2502.06100000
2021-02-14,46.36500000,46.74200000,43.71500000,44.38200000,6430.29900000
2021-02-14,44.38200000,45.21200000,43.00000000,43.39000000,6311.73600000
2021-02-14,43.39900000,43.85200000,41.23000000,42.08300000,8516.59900000
2021-02-15,42.21700000,44.45000000,42.00000000,44.38300000,5158.21500000
2021-02-15,44.38300000,44.49000000,42.73600000,42.96200000,3269.14600000
2021-02-15,42.86200000,43.29400000,42.46800000,43.06500000,2338.93300000
2021-02-15,43.03500000,44.00000000,42.76100000,43.69400000,2128.10800000
2021-02-15,43.69400000,46.09300000,43.40500000,45.00000000,7040.18700000
2021-02-15,45.10700000,46.20000000,44.77000000,45.80500000,2077.25000000
2021-02-15,45.94300000,46.13800000,44.20300000,44.46000000,1596.98300000
2021-02-15,44.42100000,45.71600000,44.05100000,44.07900000,2169.96300000
2021-02-15,44.05100000,44.28700000,43.41100000,43.71000000,2566.47700000
2021-02-15,43.71000000,43.75900000,40.88000000,40.88000000,7279.22800000
2021-02-15,40.88000000,43.67700000,35.43900000,39.00100000,17262.45900000
2021-02-15,38.93400000,44.12000000,36.77900000,43.10600000,14416.69900000
2021-02-15,43.07700000,43.07700000,39.16100000,40.58600000,5680.01200000
2021-02-15,40.64100000,41.41800000,39.61700000,40.63700000,3026.36500000
2021-02-15,40.49300000,41.91300000,40.49300000,40.94400000,1881.25900000
2021-02-15,40.97400000,42.17200000,40.71700000,40.97700000,3886.86800000
2021-02-15,40.97700000,42.26000000,40.71700000,41.77400000,2617.89700000
2021-02-15,41.77400000,42.37800000,40.45200000,40.67400000,9326.74000000
2021-02-15,40.64500000,41.53500000,40.49600000,41.44500000,1919.13700000
2021-02-15,41.44400000,42.22500000,41.13200000,41.87600000,1729.65300000
2021-02-15,41.85600000,42.42500000,41.50600000,42.21200000,1579.98700000
2021-02-15,42.21200000,43.19600000,42.12000000,42.84100000,2395.40900000
2021-02-15,42.68200000,45.96400000,41.72900000,41.85600000,5255.22400000
2021-02-15,41.75500000,42.29800000,40.73000000,41.97000000,3570.38300000
2021-02-16,42.09200000,43.24200000,41.96000000,43.10700000,1539.91900000
2021-02-16,43.14600000,43.69300000,42.77200000,43.12700000,1714.47900000
2021-02-16,43.37400000,44.11600000,42.78800000,43.08100000,2098.99400000
2021-02-16,43.19200000,44.91800000,43.08100000,44.60300000,2639.07400000
2021-02-16,44.56300000,44.90500000,43.71800000,44.87200000,1349.99300000
2021-02-16,44.87400000,45.49900000,41.08600000,41.08600000,3126.02400000
2021-02-16,41.09300000,42.59400000,39.70000000,42.34600000,4427.18900000
2021-02-16,42.26200000,43.19300000,41.22000000,41.22000000,2269.68500000
2021-02-16,41.21000000,42.00800000,40.08100000,41.78700000,1823.07000000
2021-02-16,41.78800000,41.92000000,41.06700000,41.28800000,1533.32600000
2021-02-16,41.28800000,52.99000000,41.20200000,48.97300000,56767.17700000
2021-02-16,49.01800000,50.45500000,46.63000000,46.87100000,24945.12600000
2021-02-16,46.81900000,47.77700000,45.96700000,47.25100000,15622.02200000
2021-02-16,47.25100000,49.50000000,46.44900000,46.48300000,13019.90900000
2021-02-16,46.54700000,47.27500000,43.90300000,46.46700000,25253.20600000
2021-02-16,46.41900000,46.47000000,44.73800000,45.16000000,6852.44200000
2021-02-16,45.22600000,46.50000000,44.10900000,45.92000000,11922.22800000
2021-02-16,45.95500000,46.44300000,44.54300000,45.10400000,18236.02200000
2021-02-16,45.00200000,45.29800000,44.19700000,44.74300000,6138.19400000
2021-02-16,44.74400000,45.00000000,44.16100000,44.72100000,4579.13200000
2021-02-16,44.73300000,45.63600000,42.85400000,42.88000000,13619.21200000
2021-02-16,42.88100000,43.76500000,42.85200000,43.12700000,5580.59400000
2021-02-16,43.00500000,43.58700000,42.30000000,42.77600000,5388.53600000
2021-02-16,42.93800000,43.88300000,42.89900000,43.57100000,2665.55900000
2021-02-17,43.57100000,43.88200000,42.00000000,42.00000000,2822.30400000
2021-02-17,42.04900000,42.46800000,42.00000000,42.00000000,2216.80500000
2021-02-17,42.00200000,42.20000000,41.47300000,41.93900000,3741.43200000
2021-02-17,41.85600000,42.00200000,41.46900000,41.74100000,2761.71400000
2021-02-17,41.74000000,42.79700000,41.50000000,41.76300000,3109.01200000
2021-02-17,41.76400000,42.41600000,41.21500000,42.41600000,1970.34800000
2021-02-17,42.42500000,43.12700000,41.40000000,43.12500000,2464.66200000
2021-02-17,43.12700000,43.12700000,42.26500000,42.91000000,1369.82100000
2021-02-17,43.06300000,43.17200000,41.96900000,42.26600000,1865.97100000
2021-02-17,42.21400000,42.96800000,42.00000000,42.56900000,2390.02100000
2021-02-17,42.48500000,43.13200000,41.56700000,41.86700000,2853.61400000
2021-02-17,41.99800000,42.69900000,41.35000000,42.17200000,2115.99500000
2021-02-17,42.17200000,42.18300000,40.00900000,40.27600000,3014.96400000
2021-02-17,40.10500000,41.68100000,40.00000000,41.48000000,2719.74500000
2021-02-17,41.45800000,42.13500000,40.84000000,40.84000000,1509.64600000
2021-02-17,40.84000000,42.50000000,40.84000000,42.27700000,1315.56400000
2021-02-17,42.20400000,42.72500000,42.08600000,42.26600000,1628.68800000
2021-02-17,42.26500000,42.72700000,41.86800000,42.25400000,1946.31000000
2021-02-17,42.25300000,42.81000000,42.02300000,42.45300000,2392.35600000
2021-02-17,42.30600000,42.90000000,42.00000000,42.30000000,2839.45900000
2021-02-17,42.30000000,42.65600000,41.77100000,42.04200000,2236.30500000
2021-02-17,42.04000000,42.19100000,41.71600000,41.88700000,1528.93800000
2021-02-17,41.90100000,42.60000000,41.70900000,42.42100000,2782.64200000
2021-02-17,42.56600000,42.80000000,42.00000000,42.03400000,2048.86700000
2021-02-18,42.09600000,42.48700000,41.43200000,41.90100000,2535.23100000
2021-02-18,41.90200000,42.50500000,41.60600000,42.34900000,2888.91000000
2021-02-18,42.39000000,42.79500000,42.39000000,42.74000000,1473.77800000
2021-02-18,42.71400000,43.35000000,42.08800000,42.34300000,3183.25600000
2021-02-18,42.34000000,42.52900000,42.08200000,42.13100000,2413.49500000
2021-02-18,42.15300000,42.97900000,42.00100000,42.57500000,1760.38100000
2021-02-18,42.57500000,42.57900000,42.00000000,42.24700000,1245.85700000
2021-02-18,42.08200000,43.40500000,42.03100000,42.62200000,3704.60300000
2021-02-18,42.66800000,43.06800000,42.39900000,42.40000000,1926.53000000
2021-02-18,42.48700000,43.27000000,42.21300000,43.26900000,2250.87700000
2021-02-18,43.29300000,43.70500000,43.00400000,43.10600000,3599.71900000
2021-02-18,43.14600000,43.32200000,42.60000000,42.75000000,2251.03400000
2021-02-18,42.76000000,43.14800000,42.50000000,43.00400000,1127.29400000
2021-02-18,42.99900000,43.89200000,42.89800000,43.20600000,4536.56900000
2021-02-18,43.10300000,45.00000000,43.10200000,44.37600000,5412.60900000
2021-02-18,44.30400000,44.51300000,42.90200000,43.63100000,6086.41600000
2021-02-18,43.50100000,43.63000000,42.47000000,42.66700000,2644.40400000
2021-02-18,42.64100000,43.29800000,42.50900000,43.20400000,2319.36300000
2021-02-18,43.10100000,43.29500000,42.75000000,42.96300000,1557.05500000
2021-02-18,42.96300000,44.62500000,42.50000000,42.87100000,3764.37400000
2021-02-18,42.93300000,43.03700000,42.22100000,42.39800000,2270.90700000
2021-02-18,42.39700000,42.73000000,42.30800000,42.55000000,1697.60600000
2021-02-18,42.55000000,43.60400000,42.33600000,43.49400000,2406.14200000
2021-02-18,43.37000000,43.53400000,42.10000000,42.59000000,3186.76500000
2021-02-19,42.46200000,42.80000000,42.16900000,42.55400000,3602.92100000
2021-02-19,42.52400000,42.78200000,41.79800000,41.93900000,2899.38200000
2021-02-19,41.97600000,42.29300000,41.65600000,41.84500000,3377.67000000
2021-02-19,41.85100000,42.53600000,41.65800000,41.76800000,4669.04000000
2021-02-19,41.67800000,42.16800000,41.51900000,41.95600000,2025.81000000
2021-02-19,41.91800000,42.48800000,41.84400000,42.33400000,2299.06100000
2021-02-19,42.30700000,42.75600000,42.21300000,42.23700000,1065.77000000
2021-02-19,42.24700000,42.55400000,41.67400000,41.80500000,1386.01600000
2021-02-19,41.91300000,42.57500000,41.67300000,41.70000000,2448.88100000
2021-02-19,41.70100000,42.48900000,41.30000000,41.45900000,2796.63100000
2021-02-19,41.45900000,41.45900000,40.56200000,41.06000000,2392.56900000
2021-02-19,41.06100000,41.46100000,40.87800000,41.19400000,1452.21100000
2021-02-19,41.30400000,41.49200000,40.71700000,40.90700000,1502.71400000
2021-02-19,40.89100000,41.14600000,40.40000000,40.78200000,1971.23200000
2021-02-19,40.64500000,41.99900000,40.44800000,41.98000000,6307.14400000
2021-02-19,41.97600000,42.62500000,40.90000000,41.51200000,8608.63800000
2021-02-19,41.51700000,42.40700000,41.24500000,41.70100000,3574.47000000
2021-02-19,41.78600000,42.35000000,41.56800000,41.92100000,2793.37700000
2021-02-19,41.82100000,42.42600000,41.57700000,41.99900000,2082.21800000
2021-02-19,41.99800000,42.37100000,41.86000000,42.15800000,1313.96000000
2021-02-19,42.15800000,42.78000000,41.95500000,42.65000000,4437.53300000
2021-02-19,42.66400000,42.79600000,41.39200000,42.26000000,4901.68800000
2021-02-19,42.27900000,42.56400000,41.56000000,41.85300000,2687.69400000
2021-02-19,42.09400000,42.09400000,41.50200000,41.96000000,1553.77500000
2021-02-20,42.03900000,42.09400000,40.90000000,41.23200000,2764.82300000
2021-02-20,41.40800000,41.88600000,41.29800000,41.74000000,922.41700000
2021-02-20,41.74000000,41.74900000,41.12200000,41.37200000,937.65000000
2021-02-20,41.53200000,41.65700000,41.00000000,41.08300000,2058.91600000
2021-02-20,41.08300000,41.74900000,41.00000000,41.54700000,1535.81000000
2021-02-20,41.54700000,41.68100000,40.60000000,40.72200000,2384.88100000
2021-02-20,40.61600000,40.87200000,40.42100000,40.53100000,848.53800000
2021-02-20,40.52800000,41.66400000,40.52700000,41.52900000,1407.30700000
2021-02-20,41.58100000,41.93000000,40.55700000,41.13200000,3471.86700000
2021-02-20,41.28800000,41.90200000,40.49000000,41.02100000,2916.23500000
2021-02-20,41.02300000,42.15000000,40.99500000,42.12300000,1493.75200000
2021-02-20,42.07100000,42.12300000,41.60600000,41.91000000,1266.74400000
2021-02-20,41.91000000,42.50000000,41.26400000,42.39100000,2509.57000000
2021-02-20,42.39100000,42.39100000,41.57400000,42.00000000,1352.59800000
2021-02-20,41.99600000,42.42400000,41.92100000,42.18500000,1194.98400000
2021-02-20,42.23900000,42.24000000,41.15000000,41.38000000,2903.76700000
2021-02-20,41.27800000,41.99900000,40.93000000,41.61900000,2287.25200000
2021-02-20,41.67500000,42.12500000,41.61400000,42.00700000,2177.96600000
2021-02-20,42.12000000,43.00000000,42.11500000,42.87300000,3982.73700000
2021-02-20,42.85400000,43.20400000,42.53200000,42.72000000,2513.66500000
2021-02-20,42.72000000,42.93800000,42.03800000,42.60100000,3650.96600000
2021-02-20,42.68000000,43.18400000,42.56900000,42.86800000,2945.62100000
2021-02-20,42.75800000,43.63300000,42.24600000,42.33800000,3121.64200000
2021-02-20,42.33600000,42.93700000,40.78900000,41.96100000,7244.75500000
2021-02-21,42.01300000,42.29100000,41.79300000,42.06500000,848.34300000
2021-02-21,42.06600000,42.58800000,41.79000000,41.97100000,1686.99300000
2021-02-21,41.97100000,42.25100000,41.57600000,41.91600000,1171.21500000
2021-02-21,41.76900000,42.51600000,41.76800000,41.96900000,2689.27700000
2021-02-21,41.82000000,42.29700000,41.51000000,41.83500000,1573.58300000
2021-02-21,41.88000000,43.00000000,41.79700000,42.38100000,3091.91500000
2021-02-21,42.24500000,42.37700000,35.80000000,39.92300000,9293.28800000
2021-02-21,39.80200000,40.80100000,39.61800000,39.99600000,2421.69500000
2021-02-21,39.99600000,40.63100000,39.32500000,40.30200000,1641.11700000
2021-02-21,40.43100000,41.33700000,39.87900000,40.38000000,3463.14300000
2021-02-21,40.38200000,41.54200000,40.26100000,41.12300000,2407.74600000
2021-02-21,41.16600000,41.17000000,39.85300000,39.85400000,1342.41600000
2021-02-21,39.93100000,40.16900000,39.42700000,39.89500000,1359.98500000
2021-02-21,39.89500000,40.01300000,39.39800000,39.89700000,797.61300000
2021-02-21,39.87800000,39.99900000,39.33500000,39.50400000,1456.94100000
2021-02-21,39.50400000,39.69700000,38.54900000,39.14400000,2506.36400000
2021-02-21,39.21000000,40.19100000,39.14900000,40.00500000,1362.72800000
2021-02-21,40.03100000,40.53800000,39.56400000,40.50500000,2066.99200000
2021-02-21,40.50500000,41.10200000,40.47500000,40.47500000,2223.91100000
2021-02-21,40.63900000,41.23500000,40.12600000,40.78500000,1134.85700000
2021-02-21,41.01800000,41.03000000,40.32700000,40.50000000,749.65700000
2021-02-21,40.63200000,40.75100000,40.06800000,40.18000000,2052.81500000
2021-02-21,40.21100000,40.41900000,40.00000000,40.36100000,1963.35600000
2021-02-21,40.34700000,40.41900000,40.10000000,40.29900000,873.17300000
2021-02-22,40.35800000,40.41900000,39.80000000,40.18700000,951.37400000
2021-02-22,40.10100000,41.15900000,40.00000000,40.74800000,1617.73400000
2021-02-22,40.76700000,41.08000000,40.48800000,40.60100000,1236.85100000
2021-02-22,40.71100000,40.83700000,40.42400000,40.81500000,2320.96800000
2021-02-22,40.81800000,40.92300000,40.11600000,40.63600000,1507.66800000
2021-02-22,40.61000000,40.79600000,40.04400000,40.32100000,1130.44000000
2021-02-22,40.32100000,40.79700000,40.14200000,40.49800000,1964.26100000
2021-02-22,40.54000000,40.79700000,40.44200000,40.64800000,689.36400000
2021-02-22,40.65000000,41.68000000,39.98600000,40.78200000,2834.33300000
2021-02-22,40.75500000,40.95200000,40.05900000,40.05900000,1383.77800000
2021-02-22,40.05100000,40.43300000,39.67800000,40.04300000,1784.81100000
2021-02-22,39.99000000,40.18400000,39.50000000,39.55100000,1146.25400000
2021-02-22,39.55200000,39.86300000,38.06600000,38.77700000,4189.62900000
2021-02-22,38.94600000,39.10900000,38.00000000,38.06300000,6537.28600000
2021-02-22,38.19300000,40.45000000,38.00000000,39.89900000,4266.22800000
2021-02-22,39.90300000,40.19200000,39.15000000,40.10200000,1215.92400000
2021-02-22,40.10200000,40.39200000,39.72900000,39.72900000,1377.94100000
2021-02-22,39.67000000,39.70000000,38.31300000,38.79400000,1542.80400000
2021-02-22,38.55600000,38.92900000,38.00000000,38.69200000,2919.27100000
2021-02-22,38.62000000,38.87300000,37.61300000,37.95900000,3012.57000000
2021-02-22,37.95600000,37.95600000,36.00000000,36.97700000,5541.13500000
2021-02-22,37.05500000,37.37400000,36.00000000,36.01400000,3646.63400000
2021-02-22,36.06600000,36.44200000,33.37000000,36.21200000,9792.28000000
2021-02-22,36.36600000,36.71700000,34.68600000,36.09800000,5731.40500000
2021-02-23,35.87100000,40.94200000,35.41900000,40.94000000,8456.58500000
2021-02-23,40.94000000,47.25300000,38.08000000,46.99100000,44722.20000000
2021-02-23,46.76100000,51.89000000,44.19000000,45.68000000,69258.87700000
2021-02-23,45.67700000,46.30000000,42.50000000,45.09200000,30495.18600000
2021-02-23,45.09100000,49.00000000,44.63600000,47.38800000,14908.97700000
2021-02-23,47.59900000,48.28000000,45.29400000,45.58400000,10911.56100000
2021-02-23,45.35000000,45.58300000,43.01800000,44.75700000,7505.44600000
2021-02-23,44.78100000,45.09400000,43.05000000,44.30100000,3683.64900000
2021-02-23,44.49400000,46.09400000,42.50000000,42.50000000,9631.20200000
2021-02-23,42.62600000,43.17100000,40.10000000,41.22000000,9855.50000000
2021-02-23,41.22000000,43.55400000,39.81900000,40.23200000,10109.48800000
2021-02-23,40.15300000,41.50700000,40.00100000,40.18000000,5031.26100000
2021-02-23,40.15100000,40.67500000,36.81200000,38.05100000,12956.02100000
2021-02-23,38.07100000,38.88100000,35.56000000,38.00000000,12031.79400000
2021-02-23,38.00000000,39.49700000,36.00700000,36.19800000,8212.33900000
2021-02-23,36.00700000,37.50900000,35.42300000,35.65000000,5890.88600000
2021-02-23,35.75900000,35.80400000,32.35000000,32.71100000,13184.69100000
2021-02-23,32.81900000,33.62300000,31.80000000,33.50000000,8302.83400000
2021-02-23,33.50100000,34.93700000,33.00000000,33.13500000,6681.23000000
2021-02-23,33.24300000,34.41700000,32.30000000,32.83600000,9096.44800000
2021-02-23,32.64500000,34.69800000,32.00000000,34.06000000,4759.00700000
2021-02-23,34.07000000,43.00000000,33.68700000,41.34000000,31263.73300000
2021-02-23,41.61600000,41.61600000,36.42500000,36.73800000,15514.50600000
2021-02-23,36.64800000,39.47700000,36.42400000,37.88600000,7403.75400000
2021-02-24,37.88700000,38.78100000,36.00000000,36.00700000,6047.90000000
2021-02-24,36.00900000,38.13900000,36.00000000,37.05600000,3549.32600000
2021-02-24,36.96500000,37.96000000,36.33200000,36.54400000,1821.88500000
2021-02-24,36.37700000,36.54100000,34.06000000,34.06000000,3922.64700000
2021-02-24,34.12600000,36.55700000,33.85200000,36.55700000,3818.66200000
2021-02-24,36.55700000,36.81400000,35.33100000,35.80100000,3464.66400000
2021-02-24,36.02300000,36.99900000,35.79600000,36.99500000,1572.16700000
2021-02-24,36.99200000,37.97000000,36.36900000,36.94100000,2673.45400000
2021-02-24,36.94300000,37.50700000,36.00000000,37.04100000,5076.77900000
2021-02-24,37.07400000,38.19000000,37.07400000,38.19000000,1490.44300000
2021-02-24,38.23700000,38.60500000,37.37400000,37.63600000,3294.38800000
2021-02-24,37.56400000,38.50400000,37.36200000,38.29600000,2533.88600000
2021-02-24,38.21300000,38.65800000,37.56700000,38.05300000,3652.22100000
2021-02-24,38.07600000,38.35300000,37.53100000,37.77200000,1372.29200000
2021-02-24,37.85600000,38.04600000,36.95800000,37.22400000,1423.94700000
2021-02-24,37.33000000,37.93700000,36.87200000,37.66000000,1904.66600000
2021-02-24,37.80600000,39.23300000,37.66000000,39.01000000,4047.56400000
2021-02-24,39.18200000,39.80400000,38.51600000,39.22300000,2152.52400000
2021-02-24,39.22500000,39.23800000,37.82800000,37.91400000,2418.05100000
2021-02-24,37.83200000,38.90000000,37.77000000,38.57800000,1534.10400000
2021-02-24,38.63800000,38.80400000,38.11200000,38.11200000,2785.27600000
2021-02-24,38.11200000,38.27500000,36.95000000,37.39600000,4116.27800000
2021-02-24,37.53600000,37.84600000,36.38900000,36.96800000,3297.00800000
2021-02-24,36.96700000,37.67100000,36.28400000,37.31900000,1005.35200000
2021-02-25,37.31900000,37.99300000,37.18900000,37.31900000,1468.70700000
2021-02-25,37.36400000,37.95800000,37.23600000,37.61300000,922.45000000
2021-02-25,37.64400000,38.40300000,37.49300000,38.21900000,1464.57000000
2021-02-25,38.34100000,40.30500000,38.18700000,39.06500000,5170.44300000
2021-02-25,39.03100000,41.00000000,38.71500000,39.30000000,4176.38000000
2021-02-25,39.29900000,39.29900000,37.30000000,38.91900000,3908.10100000
2021-02-25,38.69300000,39.71100000,38.54900000,39.03700000,1336.09000000
2021-02-25,38.92400000,39.23600000,38.20100000,38.35300000,1975.12100000
2021-02-25,38.35700000,39.78000000,38.00000000,39.63200000,1403.77800000
2021-02-25,39.57900000,39.57900000,38.28400000,38.52800000,1336.93900000
2021-02-25,38.52400000,38.57800000,38.21300000,38.39900000,800.50700000
2021-02-25,38.38100000,38.38100000,37.92000000,37.97500000,1604.17400000
2021-02-25,37.91500000,38.08200000,37.45700000,37.66200000,505.09800000
2021-02-25,37.63900000,38.16700000,37.00000000,38.00200000,751.25900000
2021-02-25,38.00400000,38.13000000,37.58600000,37.79800000,844.73100000
2021-02-25,37.92600000,38.19000000,37.67400000,37.79500000,750.12100000
2021-02-25,37.79500000,38.11800000,37.34100000,37.34100000,773.93200000
2021-02-25,37.34900000,37.49400000,36.80000000,36.99500000,1272.70300000
2021-02-25,36.99900000,37.70000000,36.99900000,37.67900000,344.48200000
2021-02-25,37.70200000,38.12800000,37.66500000,38.09100000,798.97400000
2021-02-25,38.09100000,38.53200000,37.57300000,38.41800000,1083.66600000
2021-02-25,38.41900000,38.78200000,37.88800000,38.22600000,1329.26900000
2021-02-25,38.36600000,38.90900000,38.00200000,38.09200000,1522.49600000
2021-02-25,38.08900000,38.45600000,37.70400000,37.88600000,941.54500000
2021-02-26,37.97800000,38.74400000,37.70400000,37.92600000,1799.79000000
2021-02-26,37.93100000,38.37400000,37.11100000,37.50100000,2165.76400000
2021-02-26,37.50000000,37.92500000,36.69900000,37.12100000,975.37900000
2021-02-26,37.12000000,37.87500000,36.70000000,37.15200000,4062.89900000
2021-02-26,37.01100000,37.16600000,36.10400000,36.55300000,2310.03300000
2021-02-26,36.55800000,37.40800000,36.00000000,36.00000000,2499.34900000
2021-02-26,36.00700000,36.31800000,35.11500000,35.72300000,4097.05000000
2021-02-26,35.50600000,37.30000000,34.64300000,36.57100000,4341.31800000
2021-02-26,36.51600000,37.00000000,34.00000000,35.60200000,8989.48700000
2021-02-26,35.50600000,35.67000000,34.56300000,34.61300000,1771.64900000
2021-02-26,34.85800000,36.33700000,34.52400000,36.33300000,1998.96600000
2021-02-26,36.11200000,36.36600000,35.65600000,35.89900000,505.34000000
2021-02-26,35.96100000,36.25300000,35.18500000,35.18500000,538.77600000
2021-02-26,35.19100000,35.29700000,34.00000000,34.00100000,2400.59200000
2021-02-26,34.00000000,34.24800000,33.55300000,33.60800000,1324.48200000
2021-02-26,33.71400000,33.74600000,32.10000000,32.64500000,4045.32800000
2021-02-26,32.82300000,34.00000000,32.73300000,33.55100000,2202.19000000
2021-02-26,33.67700000,34.90300000,33.28400000,34.82400000,1818.90800000
2021-02-26,34.84300000,35.49900000,34.60000000,35.17200000,728.52600000
2021-02-26,35.18300000,35.60000000,34.40000000,34.95700000,2160.17900000
2021-02-26,35.02600000,35.34600000,34.71800000,35.19900000,720.73300000
2021-02-26,35.19900000,35.19900000,34.20100000,34.20100000,739.98100000
2021-02-26,34.20100000,36.70000000,34.16800000,36.00200000,3674.28200000
2021-02-26,36.00600000,36.89200000,35.30300000,35.99700000,2474.17800000
2021-02-27,35.99900000,36.94700000,35.86800000,36.57300000,1430.03100000
2021-02-27,36.63700000,37.09900000,36.22700000,36.69800000,863.69500000
2021-02-27,36.70000000,37.22700000,35.89700000,35.99500000,1477.81200000
2021-02-27,35.99500000,41.92000000,35.37200000,38.13700000,38817.57700000
2021-02-27,38.13500000,38.38600000,36.60000000,36.77400000,10554.98100000
2021-02-27,36.80300000,38.13700000,36.51500000,36.75300000,2613.85300000
2021-02-27,36.75300000,37.61800000,35.33100000,37.24900000,2122.06600000
2021-02-27,37.32400000,42.59200000,37.30200000,39.61200000,38614.81500000
2021-02-27,39.60900000,40.00000000,38.62100000,39.65200000,6851.11700000
2021-02-27,39.72200000,40.74900000,39.21400000,40.35300000,5676.23200000
2021-02-27,40.37300000,40.54800000,38.76000000,38.83600000,2962.36100000
2021-02-27,38.76200000,38.93500000,38.11600000,38.81100000,2121.36300000
2021-02-27,38.80800000,39.92400000,38.39700000,39.79700000,1532.08400000
2021-02-27,39.89900000,39.89900000,38.74800000,39.16800000,1776.69500000
2021-02-27,39.16800000,39.82000000,39.05600000,39.56800000,2417.01700000
2021-02-27,39.24300000,40.75000000,38.94400000,40.70700000,3542.69800000
2021-02-27,40.70500000,41.16000000,38.81300000,39.74700000,5963.07400000
2021-02-27,39.74500000,39.74700000,38.82900000,39.04600000,2990.78500000
2021-02-27,39.17000000,41.89700000,38.82100000,39.40700000,3869.57800000
2021-02-27,39.51300000,41.04800000,39.25900000,39.26000000,3040.48600000
2021-02-27,39.26100000,39.90000000,38.96300000,39.66200000,1461.13700000
2021-02-27,39.66700000,40.27600000,39.17900000,39.68800000,2110.81400000
2021-02-27,39.63900000,40.90500000,39.62600000,40.67200000,2308.96400000
2021-02-27,40.72200000,44.00000000,40.72200000,42.53000000,16271.68900000
2021-02-28,42.40000000,47.92300000,41.60700000,43.43400000,48096.00100000
2021-02-28,43.43300000,45.47700000,42.91300000,44.45300000,13756.00200000
2021-02-28,44.45200000,44.53600000,42.64500000,42.73800000,4338.52100000
2021-02-28,42.64500000,42.75300000,41.79200000,41.96200000,3759.46100000
2021-02-28,41.90100000,42.86000000,41.78000000,42.42000000,3124.49400000
2021-02-28,42.59500000,42.79900000,40.87800000,41.07700000,5530.00100000
2021-02-28,41.21900000,41.44800000,40.36000000,40.83900000,3414.65200000
2021-02-28,40.87000000,41.10000000,38.99600000,40.44200000,5397.94700000
2021-02-28,40.32900000,42.99900000,39.60700000,41.97100000,6529.53300000
2021-02-28,41.97100000,42.84000000,41.32900000,41.83500000,1914.61700000
2021-02-28,41.78800000,42.00000000,39.64000000,39.69500000,1511.16100000
2021-02-28,39.69500000,40.34200000,38.12400000,38.29100000,4553.34800000
2021-02-28,38.28900000,39.38000000,38.00000000,39.13300000,2677.26300000
2021-02-28,39.12900000,39.46600000,38.11800000,38.11800000,2626.40700000
2021-02-28,38.23100000,38.40300000,38.00000000,38.14300000,2861.72700000
2021-02-28,38.00400000,38.99900000,37.30000000,38.39000000,1391.80800000
2021-02-28,38.41900000,40.02100000,38.27400000,39.72600000,1766.07300000
2021-02-28,39.71900000,39.71900000,38.99400000,39.12500000,1222.27200000
2021-02-28,39.30500000,39.51600000,38.55300000,39.10200000,1127.95000000
2021-02-28,39.14100000,39.58800000,39.02100000,39.49100000,596.19500000
2021-02-28,39.49200000,40.32000000,38.93400000,38.93400000,1239.86900000
2021-02-28,38.94900000,39.17700000,38.30000000,38.30000000,1237.53300000
2021-02-28,38.31300000,38.73900000,37.47100000,38.69000000,1800.06500000
2021-02-28,38.74100000,39.74900000,36.60100000,38.92400000,4863.86500000
2021-03-01,38.90500000,38.90500000,37.19300000,37.34800000,2161.90700000
2021-03-01,37.28200000,37.89700000,36.83100000,37.37700000,1092.74400000
2021-03-01,37.37700000,38.86200000,37.36900000,38.77800000,2026.42400000
2021-03-01,38.80400000,39.33000000,38.18700000,39.18600000,1993.31900000
2021-03-01,39.00600000,39.54000000,38.65700000,39.32600000,1966.89500000
2021-03-01,39.47200000,40.27900000,38.79400000,39.32700000,3641.66300000
2021-03-01,39.49800000,39.87000000,38.97900000,38.98000000,864.63700000
2021-03-01,39.15300000,40.65100000,39.01500000,39.47300000,1492.27500000
2021-03-01,39.40000000,40.88800000,39.17800000,40.79500000,1296.44700000
2021-03-01,40.71600000,40.97700000,39.45000000,40.01000000,5135.88500000
2021-03-01,40.19100000,40.84500000,40.00700000,40.74300000,1870.65300000
2021-03-01,40.77600000,41.16600000,40.26500000,40.98500000,1643.57600000
2021-03-01,40.96800000,41.14700000,40.34000000,40.90000000,506.33800000
2021-03-01,40.90000000,42.50000000,40.59700000,42.22600000,3093.66200000
2021-03-01,42.22000000,43.03900000,41.30200000,43.03900000,4449.62400000
2021-03-01,43.03900000,44.20000000,42.26100000,42.72700000,6259.43900000
2021-03-01,42.40300000,43.30500000,42.04600000,42.34400000,4573.40900000
2021-03-01,42.17500000,42.47100000,41.69600000,41.81300000,2270.30800000
2021-03-01,42.11300000,42.77000000,41.69600000,42.58500000,1128.56100000
2021-03-01,42.64200000,42.99900000,41.73000000,42.24900000,1871.91100000
2021-03-01,42.10200000,42.43100000,41.92200000,42.16900000,1152.53100000
2021-03-01,42.34300000,42.79600000,41.90400000,42.02900000,924.79500000
2021-03-01,42.01600000,42.63300000,41.38300000,41.54000000,2318.93800000
2021-03-01,41.65100000,42.30300000,41.41400000,42.09300000,1264.34800000
2021-03-02,42.27100000,42.71200000,41.19800000,41.68900000,2597.00000000
2021-03-02,41.50500000,41.50500000,40.49000000,40.49000000,2484.47700000
2021-03-02,40.57000000,41.00100000,40.27000000,40.48800000,1918.49000000
2021-03-02,40.31300000,42.21300000,40.31200000,40.86400000,3717.78800000
2021-03-02,40.70000000,41.24700000,40.08900000,40.73600000,1336.59400000
2021-03-02,40.59500000,42.09600000,40.37500000,42.03100000,2428.38200000
2021-03-02,41.79400000,42.02800000,41.44900000,42.02800000,701.55700000
2021-03-02,41.66900000,41.87500000,41.39200000,41.78600000,578.78600000
2021-03-02,41.82100000,42.66500000,41.02900000,41.31800000,2945.84200000
2021-03-02,41.29800000,41.53500000,40.67900000,41.53400000,387.97900000
2021-03-02,41.53200000,41.65800000,40.26100000,40.26100000,4305.18900000
2021-03-02,40.28700000,41.01200000,40.22100000,40.61300000,2849.00800000
2021-03-02,40.69500000,41.53600000,40.64400000,41.51900000,1596.59400000
2021-03-02,41.52600000,41.69900000,40.50000000,40.64100000,1181.59400000
2021-03-02,40.61800000,41.25300000,40.32300000,40.62800000,1886.66800000
2021-03-02,40.57200000,40.61500000,40.17300000,40.40000000,1354.66300000
2021-03-02,40.29500000,41.30200000,40.17300000,40.93300000,1187.64700000
2021-03-02,40.95800000,41.30000000,40.64600000,41.17500000,995.69300000
2021-03-02,41.17500000,42.42600000,39.84900000,40.51400000,7983.67700000
2021-03-02,40.50000000,40.99000000,40.15900000,40.71200000,457.52800000
2021-03-02,40.71200000,41.10500000,40.61700000,40.89400000,1067.04600000
2021-03-02,40.97000000,41.86400000,40.96100000,41.19800000,2853.51700000
2021-03-02,41.25400000,42.00000000,41.02100000,41.20600000,2686.39600000
2021-03-02,41.19000000,41.33000000,40.40300000,40.69700000,1597.74300000
2021-03-03,40.76100000,40.98700000,39.81900000,40.00000000,3082.23500000
2021-03-03,40.00000000,40.78700000,39.63500000,39.92000000,2338.37000000
2021-03-03,39.95000000,40.16900000,39.52300000,39.72600000,1271.20100000
2021-03-03,39.72700000,39.80900000,39.02000000,39.02000000,1451.60000000
2021-03-03,39.02000000,41.00600000,38.64500000,41.00500000,2353.46600000
2021-03-03,40.89000000,41.31300000,39.79800000,40.54600000,2641.60100000
2021-03-03,40.53600000,40.61800000,39.72700000,40.28100000,1477.88700000
2021-03-03,40.29400000,40.99700000,40.23000000,40.41600000,443.37200000
2021-03-03,40.58200000,41.26300000,40.38700000,40.59500000,772.94200000
2021-03-03,40.71200000,41.42100000,40.71200000,40.97400000,595.72100000
2021-03-03,40.93100000,41.36800000,40.60500000,40.76500000,634.54000000
2021-03-03,40.74100000,40.89700000,40.21700000,40.70800000,800.74300000
2021-03-03,40.74900000,42.97000000,40.47700000,42.00000000,11058.45500000
2021-03-03,42.00100000,42.44000000,41.37600000,42.13600000,5108.83300000
2021-03-03,42.19600000,42.48200000,41.60200000,41.60200000,1291.07300000
2021-03-03,41.62300000,45.00000000,41.36300000,42.71600000,21285.80700000
2021-03-03,42.71600000,43.45000000,42.43600000,42.73200000,5181.32400000
2021-03-03,42.73100000,43.04200000,42.35500000,42.83700000,3333.56700000
2021-03-03,42.89300000,43.17200000,42.58300000,43.02700000,2198.08400000
2021-03-03,43.02600000,44.34900000,42.95800000,44.00000000,19557.51100000
2021-03-03,44.00000000,44.00600000,42.92100000,43.25700000,4136.56000000
2021-03-03,43.25700000,43.27000000,41.45500000,41.96200000,6186.38700000
2021-03-03,42.03700000,42.03700000,41.40000000,41.86500000,3227.76900000
2021-03-03,41.81900000,42.14300000,41.18300000,41.51800000,1914.29500000
2021-03-04,41.57700000,42.89900000,41.51600000,42.64700000,2490.48400000
2021-03-04,42.69500000,43.11500000,42.11800000,42.60000000,1519.29800000
2021-03-04,42.68200000,42.82400000,41.73100000,42.30600000,2164.21300000
2021-03-04,42.16800000,43.11600000,41.73600000,43.00700000,1846.87100000
2021-03-04,43.00000000,43.41200000,41.94300000,42.10000000,1856.47400000
2021-03-04,42.19900000,42.92200000,42.04300000,42.58900000,690.32200000
2021-03-04,42.53100000,43.29600000,42.37300000,42.61600000,1330.13400000
2021-03-04,42.43500000,43.26000000,42.12800000,42.64300000,1152.09700000
2021-03-04,42.93500000,43.09200000,42.19100000,43.00000000,1138.21500000
2021-03-04,43.00000000,43.25100000,42.64300000,42.74600000,1738.27800000
2021-03-04,42.88200000,43.64000000,42.54900000,42.55000000,1805.51400000
2021-03-04,42.55500000,42.73700000,41.68800000,41.68800000,1238.09800000
2021-03-04,41.72900000,41.94300000,40.79300000,40.80100000,2736.88100000
2021-03-04,40.80100000,41.54000000,40.80000000,41.41000000,500.74100000
2021-03-04,41.46400000,41.71300000,40.92600000,40.94200000,792.74900000
2021-03-04,41.08200000,41.38000000,41.00000000,41.19100000,902.28800000
2021-03-04,41.27400000,41.96300000,41.27400000,41.87500000,933.23500000
2021-03-04,41.84800000,41.87900000,40.51200000,41.21100000,1002.35500000
2021-03-04,41.21200000,41.54600000,39.88000000,40.35600000,18457.28200000
2021-03-04,40.35600000,41.03400000,40.19500000,40.75900000,3613.46400000
2021-03-04,40.75900000,41.95400000,40.75900000,41.22900000,1991.17500000
2021-03-04,41.22900000,41.34000000,40.32800000,40.85100000,1333.15900000
2021-03-04,40.85100000,41.68900000,40.44000000,40.88400000,1992.32200000
2021-03-04,40.61100000,41.16400000,40.37600000,40.85800000,1079.49200000
2021-03-05,40.70500000,40.94400000,40.27000000,40.74300000,1480.10000000
2021-03-05,40.81000000,41.25600000,40.00000000,40.06400000,1643.53100000
2021-03-05,40.00000000,40.00000000,38.50100000,38.50100000,2011.48800000
2021-03-05,38.62000000,39.47300000,38.50000000,39.23000000,771.27300000
2021-03-05,39.16200000,39.82200000,38.65100000,39.25300000,809.58500000
2021-03-05,39.26100000,39.55100000,38.85600000,39.05200000,398.08800000
2021-03-05,39.02300000,39.57000000,38.81600000,39.46700000,265.98400000
2021-03-05,39.40100000,39.69600000,38.67200000,39.04900000,1038.68200000
2021-03-05,39.10000000,39.10000000,37.34300000,37.74900000,4151.55900000
2021-03-05,37.61800000,39.34200000,37.61500000,38.54100000,2275.70500000
2021-03-05,38.93100000,38.93100000,37.72600000,37.86000000,1499.17100000
2021-03-05,38.05500000,38.17300000,37.81900000,37.87200000,561.95400000
2021-03-05,38.12800000,38.33400000,37.53400000,37.83800000,1504.10100000
2021-03-05,37.82300000,38.51500000,37.82300000,38.40700000,743.95900000
2021-03-05,38.40800000,38.86000000,38.25900000,38.46500000,239.12900000
2021-03-05,38.74400000,38.99800000,38.56400000,38.79400000,344.67900000
2021-03-05,38.79400000,38.89300000,38.01600000,38.31500000,262.99100000
2021-03-05,38.43800000,38.95400000,38.12500000,38.83700000,334.47200000
2021-03-05,38.83700000,38.96900000,38.38100000,38.77900000,361.24600000
2021-03-05,38.83200000,39.25000000,38.54200000,38.91800000,727.10300000
2021-03-05,38.92300000,39.76900000,38.69800000,39.13800000,999.88500000
2021-03-05,39.15200000,39.66600000,38.68200000,39.32500000,1164.79900000
2021-03-05,39.33200000,39.64700000,39.06500000,39.26800000,817.14100000
2021-03-05,39.43100000,39.99700000,38.80000000,38.97300000,908.42300000
2021-03-06,38.82300000,39.21400000,38.37900000,38.83500000,806.61900000
2021-03-06,38.83500000,39.27500000,38.49500000,39.06100000,416.02200000
2021-03-06,39.17800000,40.00000000,38.92600000,39.61400000,958.63000000
2021-03-06,39.61400000,39.94700000,39.23100000,39.82700000,844.71200000
2021-03-06,39.83800000,40.00300000,39.62300000,39.69200000,945.74100000
2021-03-06,39.91800000,40.01700000,39.60700000,40.01300000,355.99000000
2021-03-06,40.01300000,40.21000000,39.43500000,40.02900000,852.20100000
2021-03-06,39.97000000,40.01300000,39.07400000,39.60600000,1366.75800000
2021-03-06,39.45400000,39.75100000,39.28400000,39.44000000,410.69300000
2021-03-06,39.44000000,39.80200000,39.14100000,39.14300000,814.54700000
2021-03-06,39.38300000,39.48500000,38.94100000,39.27300000,279.02300000
2021-03-06,39.27300000,39.64900000,39.08100000,39.33500000,994.73100000
2021-03-06,39.33200000,39.65000000,39.17200000,39.53500000,354.71100000
2021-03-06,39.58100000,39.75100000,39.36100000,39.45900000,605.58600000
2021-03-06,39.55400000,39.96300000,39.48100000,39.65600000,825.63300000
2021-03-06,39.64900000,39.97000000,39.42000000,39.64100000,703.63900000
2021-03-06,39.67500000,39.76500000,39.34400000,39.44300000,483.54500000
2021-03-06,39.56300000,39.74600000,39.34600000,39.60600000,220.94600000
2021-03-06,39.58900000,39.88900000,39.30000000,39.57200000,339.93900000
2021-03-06,39.63600000,39.63900000,37.73000000,38.84600000,1596.39900000
2021-03-06,38.75700000,38.82100000,38.27000000,38.47000000,1094.82300000
2021-03-06,38.47000000,39.07800000,38.46000000,38.82700000,871.09900000
2021-03-06,38.84200000,38.99700000,38.70700000,38.70800000,77.75100000
2021-03-07,38.75000000,39.53200000,38.51400000,39.05800000,675.05300000
2021-03-07,39.13100000,40.00000000,39.13100000,39.51400000,1014.13900000
2021-03-07,39.46000000,39.91400000,39.28000000,39.63000000,745.06300000
2021-03-07,39.63000000,39.70400000,39.13900000,39.14700000,660.54300000
2021-03-07,39.18200000,39.88600000,39.18200000,39.43100000,1159.09200000
2021-03-07,39.40900000,39.42600000,38.95300000,38.95300000,1213.75900000
2021-03-07,39.01600000,39.60800000,38.87000000,39.17800000,945.96400000
2021-03-07,39.31900000,39.33000000,38.98800000,39.07700000,489.53000000
2021-03-07,39.19800000,39.50600000,39.13200000,39.31400000,807.13800000
2021-03-07,39.46100000,39.55400000,39.28300000,39.49700000,470.84700000
2021-03-07,39.44600000,40.14800000,39.28100000,39.56200000,1992.85100000
2021-03-07,39.50000000,39.50000000,39.10200000,39.37300000,436.28100000
2021-03-07,39.37300000,39.66600000,39.31800000,39.64900000,523.50300000
2021-03-07,39.53700000,40.00000000,39.24000000,39.82000000,1171.15900000
2021-03-07,39.69100000,39.71000000,39.31500000,39.50600000,301.09700000
2021-03-07,39.53700000,39.99800000,39.38300000,39.98500000,795.65300000
2021-03-07,39.99800000,40.32500000,39.60200000,39.60200000,4190.08900000
2021-03-07,39.69500000,40.14800000,39.69500000,39.94800000,1315.87500000
2021-03-07,39.94900000,40.32600000,39.73800000,40.13500000,905.31900000
2021-03-07,40.13700000,40.43000000,39.98400000,40.27700000,1048.21000000
2021-03-07,40.26900000,40.34200000,39.78800000,40.13600000,1517.99900000
2021-03-07,40.13600000,41.32700000,39.88300000,40.32000000,1457.85900000
2021-03-07,40.32000000,40.54300000,39.51300000,39.74600000,1134.32700000
2021-03-07,39.74600000,40.54300000,39.50300000,39.91400000,1065.26100000
2021-03-08,39.91400000,40.36900000,39.81800000,40.36900000,1047.35200000
2021-03-08,40.23700000,40.36900000,39.68400000,39.80200000,662.41600000
2021-03-08,39.80200000,40.53200000,39.58000000,39.65100000,950.10600000
2021-03-08,39.63300000,39.92500000,39.55000000,39.67900000,728.16500000
2021-03-08,39.68100000,39.76900000,38.96300000,39.39900000,695.79600000
2021-03-08,39.39000000,39.39900000,39.03900000,39.17200000,247.69700000
2021-03-08,39.17200000,40.12300000,39.15600000,39.88200000,758.66600000
2021-03-08,39.88400000,40.16900000,39.39900000,39.42000000,1767.72600000
2021-03-08,39.59100000,40.30000000,39.30700000,39.82700000,1885.45300000
2021-03-08,39.74600000,40.34300000,39.74500000,40.20400000,1560.54800000
2021-03-08,40.20400000,40.21300000,39.35700000,39.36900000,990.44000000
2021-03-08,39.38800000,39.97400000,39.36200000,39.83000000,316.18900000
2021-03-08,39.90600000,39.90700000,39.32600000,39.34000000,902.90100000
2021-03-08,39.48600000,39.91400000,39.40300000,39.70400000,993.97000000
2021-03-08,39.79700000,39.87600000,39.49500000,39.57600000,1041.96200000
2021-03-08,39.49700000,39.60700000,38.52200000,39.30100000,1578.31600000
2021-03-08,39.30000000,39.47500000,38.95100000,39.18600000,930.10300000
2021-03-08,39.22700000,39.61500000,38.91300000,39.56000000,852.97600000
2021-03-08,39.47800000,39.89900000,39.05400000,39.32500000,1682.12900000
2021-03-08,39.34600000,39.78000000,39.02300000,39.48100000,1326.15400000
2021-03-08,39.53900000,39.54000000,38.99300000,39.28000000,976.74900000
2021-03-08,39.36000000,39.77300000,39.02300000,39.44900000,1175.55800000
2021-03-08,39.36300000,39.71400000,39.09600000,39.50500000,3531.92100000
2021-03-08,39.50600000,39.87100000,39.19200000,39.40900000,1674.39000000
2021-03-09,39.46900000,39.59400000,39.26000000,39.42700000,656.82600000
2021-03-09,39.45700000,40.34300000,39.34900000,39.99700000,1412.39900000
2021-03-09,40.09300000,40.56200000,39.74900000,39.74900000,1900.39600000
2021-03-09,39.81900000,42.11700000,39.71200000,41.14100000,9758.51900000
2021-03-09,41.08600000,41.89300000,40.33500000,41.61300000,6647.25700000
2021-03-09,41.71900000,42.04800000,41.30000000,41.63400000,3481.86800000
2021-03-09,41.68900000,41.81200000,41.11000000,41.22800000,1318.31000000
2021-03-09,41.23100000,41.57100000,41.12400000,41.33300000,861.19400000
2021-03-09,41.41200000,41.58300000,40.21200000,40.38200000,3094.02300000
2021-03-09,40.31100000,41.85000000,40.31100000,40.50300000,5009.11000000
2021-03-09,40.50300000,41.29600000,40.46200000,41.04800000,2305.67400000
2021-03-09,41.08600000,41.08600000,40.54800000,40.67800000,1858.13100000
2021-03-09,40.61100000,40.86800000,40.32600000,40.45000000,1604.59000000
2021-03-09,40.45000000,40.92600000,40.41000000,40.79400000,2074.78800000
2021-03-09,40.71100000,40.99600000,40.57200000,40.57600000,1908.79100000
2021-03-09,40.57700000,41.54300000,40.57700000,41.14700000,3378.33300000
2021-03-09,41.22600000,42.09400000,41.03100000,41.98800000,3265.59100000
2021-03-09,42.08900000,42.49900000,41.73100000,42.10200000,4005.71800000
2021-03-09,42.19800000,43.09600000,42.04700000,42.65200000,3165.84400000
2021-03-09,42.65100000,42.70300000,41.85200000,41.95500000,2029.80300000
2021-03-09,41.89500000,41.95600000,41.18900000,41.59700000,2368.65700000
2021-03-09,41.48900000,42.50000000,41.36500000,42.41700000,2740.84200000
2021-03-09,42.41800000,42.41800000,41.91700000,41.95400000,1959.23800000
2021-03-09,41.99700000,42.11300000,41.86300000,42.05000000,1425.81700000
2021-03-10,42.01100000,42.06100000,41.58000000,41.82000000,1547.02800000
2021-03-10,41.82600000,42.04400000,41.81500000,41.81600000,767.34700000
2021-03-10,41.81600000,41.88000000,41.11000000,41.32800000,2261.78100000
2021-03-10,41.25600000,41.42400000,41.05700000,41.29100000,1812.40700000
2021-03-10,41.25900000,41.66100000,41.22000000,41.30300000,2502.68000000
2021-03-10,41.35300000,42.50000000,41.19300000,41.46100000,4033.53800000
2021-03-10,41.45600000,41.75800000,41.28500000,41.47200000,1778.73500000
2021-03-10,41.47100000,41.94900000,41.18500000,41.75900000,1883.18100000
2021-03-10,41.75900000,42.09100000,41.37500000,41.45300000,1901.37400000
2021-03-10,41.37600000,41.66800000,40.64900000,40.95200000,2378.82300000
2021-03-10,40.85200000,40.85200000,40.18800000,40.18800000,2298.35500000
2021-03-10,40.24900000,40.36700000,39.77700000,39.87200000,2310.87400000
2021-03-10,39.78400000,40.29400000,39.64900000,39.83100000,1901.22000000
2021-03-10,39.83200000,40.10000000,39.48100000,39.99200000,1400.72700000
2021-03-10,39.99200000,40.23900000,39.62900000,40.14200000,1678.66900000
2021-03-10,40.14300000,40.97400000,40.09300000,40.50800000,1883.61800000
2021-03-10,40.50800000,41.69400000,40.27000000,41.64200000,3504.76400000
2021-03-10,41.64200000,41.72600000,41.12700000,41.36700000,3041.96400000
2021-03-10,41.38500000,41.85400000,41.32100000,41.64700000,2154.02500000
2021-03-10,41.69300000,41.71200000,41.33400000,41.51700000,2104.13400000
2021-03-10,41.51600000,41.78200000,41.45000000,41.45000000,1811.90200000
2021-03-10,41.44700000,42.00900000,41.33100000,41.90100000,2971.34800000
2021-03-10,41.90100000,41.95000000,41.37600000,41.60800000,1949.61700000
2021-03-10,41.60100000,41.60100000,41.18600000,41.37300000,806.67300000
2021-03-11,41.37300000,41.87600000,41.19000000,41.83900000,1557.05300000
2021-03-11,41.83900000,42.19300000,41.46700000,41.83700000,3345.67900000
2021-03-11,41.95200000,43.33000000,41.86700000,42.10400000,12258.46900000
2021-03-11,42.10400000,44.79800000,42.09300000,43.66700000,21528.71300000
2021-03-11,43.69200000,43.82500000,42.02000000,42.30000000,8649.25200000
2021-03-11,42.31000000,42.31000000,40.64300000,42.19800000,5179.53100000
2021-03-11,42.15600000,42.80300000,42.15600000,42.16000000,2783.51100000
2021-03-11,42.24100000,42.26200000,40.27700000,40.43400000,4949.37100000
2021-03-11,40.42600000,40.90800000,39.64800000,39.77600000,3956.64100000
2021-03-11,39.72100000,40.12000000,39.56800000,40.10000000,1308.81600000
2021-03-11,40.10000000,41.04500000,39.88700000,40.94000000,3196.49200000
2021-03-11,40.88500000,41.42400000,40.61900000,41.34000000,2969.61400000
2021-03-11,41.41700000,42.33100000,41.39000000,42.06100000,4193.91200000
2021-03-11,42.08900000,42.08900000,40.79500000,40.83900000,3467.53000000
2021-03-11,40.84500000,41.40300000,40.83800000,41.40300000,1405.72600000
2021-03-11,41.40300000,43.99800000,40.94300000,43.34300000,14589.76500000
2021-03-11,43.35000000,44.88800000,42.14200000,43.08000000,16338.39100000
2021-03-11,43.08000000,44.20800000,42.00100000,42.46400000,6397.34500000
2021-03-11,42.37900000,44.24700000,42.00000000,43.05000000,9896.32600000
2021-03-11,43.00000000,44.39000000,43.00000000,43.85800000,5368.20500000
2021-03-11,43.85700000,45.98100000,43.00000000,45.94500000,17584.15100000
2021-03-11,45.94400000,46.60300000,44.63700000,45.56500000,16580.04100000
2021-03-11,45.64500000,45.64800000,43.85000000,44.05000000,9036.74500000
2021-03-11,44.05000000,44.21800000,43.10500000,43.77500000,6918.19000000
2021-03-12,43.77600000,45.68000000,43.77500000,45.11900000,7139.30000000
2021-03-12,45.11500000,45.82900000,43.59100000,43.87800000,6825.89900000
2021-03-12,43.98700000,45.94200000,43.49900000,44.86000000,5463.02300000
2021-03-12,44.89600000,46.00000000,44.83600000,45.03500000,5145.71500000
2021-03-12,45.32700000,46.19800000,44.86700000,45.59000000,3080.68200000
2021-03-12,45.67300000,46.60000000,45.40000000,45.54300000,5426.74400000
2021-03-12,45.47900000,45.90400000,44.23400000,44.23400000,4616.45300000
2021-03-12,44.22300000,44.63400000,43.84100000,44.09000000,2385.83300000
2021-03-12,44.09100000,44.68000000,43.12600000,43.17200000,4060.49600000
2021-03-12,43.17200000,43.53800000,43.07200000,43.26600000,1847.68700000
2021-03-12,43.15300000,43.36500000,43.00000000,43.16200000,1952.71700000
2021-03-12,43.16200000,43.16300000,42.30000000,42.49100000,5542.55700000
2021-03-12,42.49100000,42.73000000,42.00000000,42.05500000,4416.94300000
2021-03-12,42.11400000,43.25200000,42.11400000,43.24900000,3320.20400000
2021-03-12,43.25000000,43.38400000,42.46100000,42.53300000,2823.21200000
2021-03-12,42.53300000,43.34700000,41.78800000,42.23000000,4496.19800000
2021-03-12,42.13500000,42.36800000,41.47300000,42.04100000,3727.36100000
2021-03-12,41.92100000,42.14000000,41.50100000,41.79500000,3478.66100000
2021-03-12,41.74800000,41.74900000,41.22500000,41.63900000,3011.26200000
2021-03-12,41.59700000,41.83200000,41.00000000,41.64500000,4605.64600000
2021-03-12,41.66700000,42.16700000,41.19700000,41.39500000,3302.00600000
2021-03-12,41.30700000,41.39100000,39.40300000,40.65400000,11549.15200000
2021-03-12,40.59300000,41.43600000,40.25400000,41.38700000,3883.69500000
2021-03-12,41.25800000,41.74000000,41.01400000,41.54000000,2292.79900000
2021-03-13,41.64600000,43.26000000,41.50100000,42.45400000,6501.64800000
2021-03-13,42.41700000,42.42100000,41.50500000,41.68100000,1510.82200000
2021-03-13,41.68300000,42.31400000,41.55600000,42.31100000,1273.91500000
2021-03-13,42.31200000,42.53900000,41.20200000,41.38600000,1936.81600000
2021-03-13,41.27100000,41.76100000,40.00000000,40.69000000,3346.30100000
2021-03-13,40.70600000,41.97000000,40.40000000,41.58300000,1824.88300000
2021-03-13,41.59100000,42.23600000,41.42700000,42.05000000,1341.35900000
2021-03-13,42.05000000,42.18200000,40.92800000,41.07600000,1445.46700000
2021-03-13,40.95700000,41.28700000,40.22100000,41.28700000,1520.83500000
2021-03-13,41.28000000,42.95400000,40.12000000,42.50300000,4402.27400000
2021-03-13,42.58700000,43.12200000,42.00000000,42.00000000,2296.87000000
2021-03-13,42.00100000,42.34200000,41.62600000,41.83600000,1131.90500000
2021-03-13,41.75700000,41.81900000,41.44900000,41.81900000,579.45200000
2021-03-13,41.81800000,42.48700000,41.56400000,41.79900000,2068.32800000
2021-03-13,41.80600000,41.92000000,41.59400000,41.67200000,796.10500000
2021-03-13,41.77900000,41.96500000,41.00000000,41.70500000,2694.99800000
2021-03-13,41.70500000,42.49600000,41.69300000,41.84300000,1765.91900000
2021-03-13,41.86400000,42.94200000,41.69100000,42.26000000,2923.01700000
2021-03-13,42.39000000,43.03400000,41.65000000,42.28600000,3961.24000000
2021-03-13,42.30300000,43.12100000,42.29500000,42.90000000,3488.02700000
2021-03-13,42.93700000,43.54300000,42.64600000,43.14500000,2569.85100000
2021-03-13,43.12900000,43.24100000,42.59900000,43.15800000,2428.63100000
2021-03-13,43.13400000,43.27300000,42.89300000,43.08800000,1298.61700000
2021-03-13,43.19300000,45.00000000,43.08900000,43.46100000,10272.93800000
2021-03-14,43.46100000,43.70600000,43.20000000,43.21400000,2820.31000000
2021-03-14,43.24400000,43.40000000,43.08800000,43.32000000,2569.28100000
2021-03-14,43.32000000,43.55000000,43.26600000,43.50000000,3305.83300000
2021-03-14,43.50000000,44.71700000,43.38500000,43.62800000,4107.66600000
2021-03-14,43.52100000,43.76200000,42.50000000,43.06600000,7175.32700000
2021-03-14,43.08000000,43.18200000,42.08200000,42.36500000,3077.14500000
2021-03-14,42.34600000,42.97000000,42.14600000,42.78500000,2547.06400000
2021-03-14,42.78500000,43.37600000,42.76300000,42.83800000,956.12500000
2021-03-14,42.83800000,43.69600000,42.34400000,43.24100000,2962.15900000
2021-03-14,43.25100000,43.52800000,42.40000000,42.49500000,1971.52300000
2021-03-14,42.49500000,42.88200000,42.45400000,42.88200000,826.96900000
2021-03-14,42.81700000,44.71800000,42.72200000,44.04000000,4886.47500000
2021-03-14,44.10100000,44.71300000,43.55300000,43.66700000,4853.34200000
2021-03-14,43.81100000,44.11300000,43.37200000,43.75600000,1765.67600000
2021-03-14,43.82500000,44.02200000,42.93100000,43.15500000,2095.91300000
2021-03-14,43.13400000,43.76700000,43.00400000,43.24200000,2694.83800000
2021-03-14,43.24200000,43.96200000,43.24100000,43.81300000,3136.31800000
2021-03-14,43.81300000,44.55500000,43.68500000,43.92400000,2141.27100000
2021-03-14,43.81000000,44.05800000,43.28500000,43.62200000,3548.85100000
2021-03-14,43.53100000,43.53100000,42.48600000,42.96700000,3311.03600000
2021-03-14,42.91500000,43.42300000,42.02300000,42.54700000,4390.13100000
2021-03-14,42.54600000,43.33800000,42.10100000,42.99100000,5565.13300000
2021-03-14,42.99200000,44.00000000,42.95700000,43.18700000,2608.97600000
2021-03-14,43.19300000,43.23200000,42.24000000,42.24000000,1926.63900000
2021-03-15,42.22000000,42.66800000,41.72000000,41.81600000,3085.70800000
2021-03-15,41.90000000,42.30200000,41.60200000,41.75100000,2687.54700000
2021-03-15,41.75100000,42.25500000,41.54000000,41.90100000,2119.43100000
2021-03-15,41.90900000,42.46500000,41.68000000,41.97900000,2025.53400000
2021-03-15,41.97900000,42.76400000,41.56400000,42.66300000,1563.43400000
2021-03-15,42.70500000,42.77000000,41.65400000,41.81500000,2104.55800000
2021-03-15,41.81800000,42.00000000,41.60000000,41.60100000,729.94400000
2021-03-15,41.74800000,42.31500000,41.51800000,41.65300000,1707.49100000
2021-03-15,41.55500000,42.08600000,41.45000000,41.90700000,1383.07800000
2021-03-15,41.90500000,42.36400000,40.40000000,41.80800000,4833.48600000
2021-03-15,41.92000000,42.13200000,41.80200000,41.86100000,577.23300000
2021-03-15,41.86400000,41.96800000,41.00800000,41.31000000,4536.35000000
2021-03-15,41.23800000,41.81200000,41.15000000,41.20000000,2034.52900000
2021-03-15,41.20000000,41.28200000,40.80000000,40.91700000,2429.15800000
2021-03-15,40.83400000,41.20800000,40.50000000,40.89900000,1992.89100000
2021-03-15,40.77300000,41.00000000,40.00000000,40.74200000,4052.66600000
2021-03-15,40.78200000,40.99800000,40.36900000,40.67000000,1246.36200000
2021-03-15,40.67000000,40.95900000,39.80000000,40.01500000,2640.00800000
2021-03-15,39.96500000,40.60200000,39.93900000,40.36900000,1028.33100000
2021-03-15,40.39200000,40.84300000,40.27800000,40.65000000,1701.36800000
2021-03-15,40.74100000,40.84600000,40.04300000,40.59700000,1516.48000000
2021-03-15,40.55300000,45.04700000,40.38500000,41.58800000,16417.91000000
2021-03-15,41.59800000,42.21100000,41.46500000,41.68300000,2777.20600000
2021-03-15,41.68300000,42.66000000,41.33300000,41.90300000,1904.64100000
2021-03-16,41.78500000,42.23400000,41.37500000,42.00500000,1040.14200000
2021-03-16,42.00500000,43.26300000,41.44600000,42.02800000,7162.39700000
2021-03-16,42.04300000,43.00200000,41.97100000,42.34300000,2893.27400000
2021-03-16,42.34400000,44.28500000,42.34300000,43.80000000,4019.25100000
2021-03-16,43.80000000,46.00000000,43.33600000,45.05200000,14151.18100000
2021-03-16,45.11000000,46.00000000,44.94100000,46.00000000,4167.92100000
2021-03-16,45.90000000,46.82100000,45.13700000,45.65000000,6960.47500000
2021-03-16,45.65000000,45.80000000,43.40800000,43.61300000,5972.47500000
2021-03-16,43.43300000,43.88600000,41.36600000,42.14400000,6948.86700000
2021-03-16,42.14400000,44.36500000,41.99700000,42.86400000,8366.58200000
2021-03-16,42.98400000,43.42100000,42.25100000,42.59500000,2651.29000000
2021-03-16,42.80000000,43.03500000,41.95900000,42.94500000,3741.26100000
2021-03-16,42.93700000,43.88500000,42.83000000,43.53300000,2027.57600000
2021-03-16,43.43300000,46.90000000,43.33100000,46.23700000,9024.73300000
2021-03-16,46.23100000,48.10400000,45.18700000,46.04100000,18767.20900000
2021-03-16,46.05100000,46.59600000,45.47600000,46.11400000,4438.11600000
2021-03-16,46.08200000,47.39900000,45.82900000,47.21200000,5961.71500000
2021-03-16,47.06400000,47.98200000,46.40000000,47.32700000,4128.00700000
2021-03-16,47.38200000,48.89800000,47.30000000,48.89800000,8776.70500000
2021-03-16,48.77500000,49.74200000,47.41900000,47.70900000,9571.59500000
2021-03-16,47.71000000,51.00000000,47.40100000,49.71800000,11589.94500000
2021-03-16,49.71300000,50.99200000,46.86500000,47.15200000,16254.62000000
2021-03-16,47.09300000,48.77500000,47.06000000,48.34800000,6033.85800000
2021-03-16,48.25300000,48.25300000,46.00000000,46.33300000,9125.00100000
2021-03-17,46.31100000,46.47500000,45.23000000,45.87100000,7387.48700000
2021-03-17,46.01200000,46.84900000,44.62800000,45.17100000,7331.37800000
2021-03-17,45.00200000,45.34600000,44.53200000,44.90000000,1922.54300000
2021-03-17,44.85500000,46.21600000,44.53700000,45.97600000,1335.86800000
2021-03-17,46.00200000,46.21600000,44.76800000,45.05000000,1949.07200000
2021-03-17,45.05000000,45.07900000,44.57200000,44.90000000,1897.36000000
2021-03-17,44.90800000,45.43700000,44.65500000,45.01900000,1573.03700000
2021-03-17,45.02600000,45.62800000,44.50000000,44.97000000,3506.09600000
2021-03-17,44.96800000,45.01200000,44.00000000,44.59900000,2276.69500000
2021-03-17,44.52800000,44.52800000,44.08600000,44.48800000,1554.99300000
2021-03-17,44.48800000,45.31300000,44.27800000,44.64100000,1462.97600000
2021-03-17,44.67700000,48.00000000,44.54300000,46.17400000,10643.67500000
2021-03-17,46.00200000,47.75700000,45.62800000,46.61100000,4250.45700000
2021-03-17,46.70500000,49.00000000,46.47400000,47.33200000,7571.67300000
2021-03-17,47.30700000,49.00000000,47.08000000,48.82200000,2635.52000000
2021-03-17,48.85900000,50.00000000,47.85700000,48.45900000,5309.90300000
2021-03-17,48.45900000,48.60600000,46.82600000,47.45300000,4018.68100000
2021-03-17,47.45300000,47.59700000,45.32300000,46.09900000,3927.50700000
2021-03-17,45.99700000,47.02100000,45.95500000,46.62400000,1990.13500000
2021-03-17,46.62500000,47.33400000,46.19200000,47.01000000,2613.42900000
2021-03-17,47.02800000,47.26100000,46.02600000,46.88900000,2828.82800000
2021-03-17,46.88900000,47.30000000,46.05100000,46.76300000,2330.70900000
2021-03-17,46.73400000,46.86700000,45.19300000,45.33500000,3791.25800000
2021-03-17,45.32700000,45.94400000,45.25000000,45.73900000,2439.53000000
2021-03-18,45.88800000,46.33300000,45.23700000,45.78600000,3650.50700000
2021-03-18,45.54100000,46.09600000,45.54100000,45.97900000,1809.77600000
2021-03-18,45.97900000,47.35900000,45.95100000,47.26800000,3242.92300000
2021-03-18,47.31300000,47.55600000,46.68600000,47.03600000,3058.33600000
2021-03-18,47.04200000,47.72200000,46.89100000,47.47800000,3410.24000000
2021-03-18,47.47800000,49.00000000,47.40000000,48.24900000,3249.37700000
2021-03-18,48.24900000,49.70000000,47.96000000,48.44300000,5728.49600000
2021-03-18,48.44200000,48.60100000,47.46300000,47.82500000,7422.03300000
2021-03-18,47.76200000,51.27400000,47.76200000,51.19600000,18515.61400000
2021-03-18,51.19500000,54.80000000,50.98300000,53.03100000,21547.87600000
2021-03-18,53.11200000,54.09300000,51.31300000,51.91300000,8153.48000000
2021-03-18,51.78100000,51.98300000,50.58100000,50.58100000,5038.86300000
2021-03-18,50.74200000,51.07700000,50.23500000,50.32300000,2323.73500000
2021-03-18,50.44800000,50.75000000,50.18800000,50.43300000,1300.75400000
2021-03-18,50.62200000,52.24700000,50.46700000,51.20400000,2849.98600000
2021-03-18,51.27600000,54.00000000,51.07500000,53.67400000,6400.23800000
2021-03-18,53.80000000,54.07000000,52.31600000,53.23900000,4673.06100000
2021-03-18,53.23500000,55.45000000,52.62700000,54.89900000,9635.26800000
2021-03-18,54.86600000,55.66900000,53.20400000,53.47200000,7717.77700000
2021-03-18,53.50000000,55.99000000,53.47200000,55.02500000,5920.33800000
2021-03-18,55.02500000,56.29900000,53.64900000,55.66900000,9607.32100000
2021-03-18,55.57800000,55.87200000,54.53300000,54.66400000,4753.06600000
2021-03-18,54.60000000,56.12000000,54.30000000,54.98900000,6235.74800000
2021-03-18,54.99800000,58.64000000,54.96800000,56.74900000,11179.40400000
2021-03-19,56.99600000,58.00000000,53.95600000,54.55000000,23800.33200000
2021-03-19,54.60500000,55.97900000,54.23100000,55.75000000,6754.48100000
2021-03-19,55.74900000,58.43900000,55.32900000,58.14100000,16019.51700000
2021-03-19,58.14100000,67.47900000,57.88900000,59.87900000,142734.18400000
2021-03-19,59.96900000,60.24700000,55.30100000,56.54900000,43140.56500000
2021-03-19,56.33400000,60.50000000,56.30100000,60.33100000,26533.57700000
2021-03-19,60.33100000,60.33100000,58.68400000,59.24400000,8713.25100000
2021-03-19,59.29300000,64.48500000,58.85500000,59.30000000,34837.72400000
2021-03-19,59.25900000,59.72300000,56.20600000,56.43200000,16589.57800000
2021-03-19,56.21200000,57.22300000,54.56300000,55.92000000,11688.88200000
2021-03-19,55.89400000,55.89400000,53.30000000,53.80100000,8418.41700000
2021-03-19,53.89000000,54.84800000,53.33900000,54.20600000,5443.41300000
2021-03-19,54.08400000,54.42400000,53.51300000,54.00100000,2699.53600000
2021-03-19,54.00300000,54.14700000,52.27800000,52.40500000,12165.07700000
2021-03-19,52.38800000,53.00000000,51.34100000,51.98800000,9647.48200000
2021-03-19,52.04100000,52.80300000,50.60200000,50.60200000,12845.80000000
2021-03-19,50.60200000,51.83000000,50.58500000,51.55600000,6479.35100000
2021-03-19,51.55600000,52.09900000,51.12300000,51.12300000,5496.73900000
2021-03-19,51.32200000,52.50000000,50.85500000,52.49600000,4686.75300000
2021-03-19,52.36100000,53.52500000,51.80100000,52.70300000,6464.39800000
2021-03-19,52.59600000,53.71900000,52.21300000,52.79700000,6871.06300000
2021-03-19,52.79800000,52.97200000,51.13600000,51.31600000,6296.03300000
2021-03-19,51.31600000,52.87400000,51.00000000,52.22200000,3827.52300000
2021-03-19,52.22200000,53.41300000,52.09000000,53.41200000,3404.96000000
2021-03-20,53.41200000,53.91700000,52.44900000,52.93300000,4266.60000000
2021-03-20,53.15400000,54.70500000,52.92700000,54.69600000,6032.50600000
2021-03-20,54.52100000,55.11000000,53.66900000,54.90600000,2450.97600000
2021-03-20,55.09500000,57.02700000,54.40900000,56.22600000,8067.16300000
2021-03-20,56.22700000,56.35400000,53.33900000,53.73400000,4804.66400000
2021-03-20,53.58300000,53.91500000,52.90800000,53.18100000,3481.02500000
2021-03-20,53.37800000,55.61300000,53.18100000,54.33100000,5597.58200000
2021-03-20,54.33100000,54.45900000,53.32600000,54.21900000,4053.01800000
2021-03-20,54.21600000,55.11700000,53.31800000,54.24900000,4054.53200000
2021-03-20,54.18200000,54.43300000,52.81500000,53.18500000,3720.10900000
2021-03-20,53.05300000,53.41100000,52.20000000,52.35800000,3732.59500000
2021-03-20,52.35700000,52.72400000,51.79900000,52.16600000,1978.28300000
2021-03-20,51.99600000,52.17600000,51.73600000,52.13100000,1134.86900000
2021-03-20,52.07900000,52.51700000,51.96800000,52.32300000,1732.84900000
2021-03-20,52.32500000,52.80500000,51.94800000,52.68500000,3801.27700000
2021-03-20,52.68500000,52.88400000,52.24500000,52.59000000,2588.90000000
2021-03-20,52.65800000,52.98600000,51.98800000,52.65900000,2179.65300000
2021-03-20,52.65900000,53.05500000,52.59200000,52.79100000,1805.90200000
2021-03-20,52.97100000,54.60500000,52.79100000,54.10000000,6577.82400000
2021-03-20,54.10000000,54.57300000,53.07500000,53.14700000,1873.15500000
2021-03-20,53.36300000,53.62700000,52.29500000,52.72700000,5984.06000000
2021-03-20,52.76300000,52.95200000,51.90000000,51.91900000,4873.23300000
2021-03-20,52.01900000,52.37700000,51.69200000,52.33000000,2289.81400000
2021-03-20,52.36500000,53.50000000,52.16800000,52.63400000,5697.48000000
2021-03-21,52.45500000,53.50000000,52.14300000,53.18900000,2963.24200000
2021-03-21,53.19000000,53.59300000,53.07700000,53.33000000,2185.95300000
2021-03-21,53.38900000,53.70200000,53.20700000,53.49700000,1127.08500000
2021-03-21,53.38800000,55.99900000,53.30000000,54.30000000,9133.61800000
2021-03-21,54.27200000,54.63000000,52.53000000,52.74700000,1869.94600000
2021-03-21,52.80800000,53.69400000,52.34500000,52.89400000,1916.72200000
2021-03-21,52.66100000,53.38100000,52.45400000,52.45400000,632.85000000
2021-03-21,52.45300000,52.56900000,51.40100000,51.40100000,1984.21400000
2021-03-21,51.64000000,52.49700000,50.76000000,51.03800000,2219.18900000
2021-03-21,51.13100000,52.87600000,51.03800000,52.37700000,1034.68300000
2021-03-21,52.36300000,52.50300000,50.12200000,50.56700000,2423.71900000
2021-03-21,50.43500000,51.68200000,50.22700000,51.43400000,779.10200000
2021-03-21,51.50100000,52.13200000,50.65300000,50.92800000,977.30400000
2021-03-21,51.04900000,51.33600000,50.14400000,50.80500000,2397.38700000
2021-03-21,50.80500000,51.28600000,50.46900000,50.70800000,935.66500000
2021-03-21,50.67100000,51.37600000,50.47000000,50.66300000,1879.53200000
2021-03-21,50.94600000,51.40100000,50.60000000,51.38500000,1030.34800000
2021-03-21,51.22800000,51.66500000,50.20000000,50.64200000,1234.14800000
2021-03-21,50.53500000,51.10100000,50.37300000,50.56200000,913.35400000
2021-03-21,50.47600000,50.47600000,49.98100000,50.00000000,1421.80000000
2021-03-21,50.00000000,50.14700000,48.25600000,48.89900000,4393.84800000
2021-03-21,48.90300000,51.31500000,48.90300000,50.58500000,3731.83000000
2021-03-21,50.74800000,51.51000000,50.64500000,50.80600000,1541.47100000
2021-03-21,50.98900000,51.16300000,50.47000000,50.64500000,815.36700000
2021-03-22,50.64400000,51.30500000,49.82200000,50.40300000,3048.56700000
2021-03-22,50.44000000,50.68600000,49.97800000,50.47700000,897.63400000
2021-03-22,50.67400000,51.21300000,50.47700000,50.89300000,536.03500000
2021-03-22,50.89300000,51.53800000,50.57900000,51.27100000,1651.64600000
2021-03-22,51.27000000,51.59000000,50.66000000,51.31500000,1718.64700000
2021-03-22,51.31600000,51.31600000,50.04300000,50.95500000,3302.24200000
2021-03-22,50.86400000,50.95500000,49.94800000,50.03500000,568.12200000
2021-03-22,50.03400000,51.32900000,49.40000000,50.06800000,3655.91800000
2021-03-22,49.97600000,50.05600000,49.07500000,49.15000000,1352.31400000
2021-03-22,49.23700000,50.27700000,49.23700000,50.00000000,1633.54400000
2021-03-22,50.23800000,51.70900000,50.23700000,51.25200000,1817.13500000
2021-03-22,51.29000000,51.85100000,51.12800000,51.58400000,1032.94700000
2021-03-22,51.54000000,51.58400000,50.86500000,51.38600000,1430.24900000
2021-03-22,51.33300000,51.56000000,50.87000000,51.36100000,393.78200000
2021-03-22,51.30400000,51.43800000,50.84900000,50.97300000,518.45900000
2021-03-22,50.97100000,52.10100000,50.92300000,51.74100000,1460.59200000
2021-03-22,51.73600000,51.73800000,51.02000000,51.03700000,785.88700000
2021-03-22,51.13800000,51.53300000,50.77000000,51.53200000,1439.43800000
2021-03-22,51.25800000,52.08400000,50.88600000,51.83800000,1190.82700000
2021-03-22,51.83800000,52.21300000,51.40900000,51.70000000,2824.10200000
2021-03-22,51.78100000,51.78100000,50.88600000,51.12800000,1039.16300000
2021-03-22,51.21700000,51.76000000,51.00000000,51.48200000,2431.33800000
2021-03-22,51.30500000,51.61600000,50.96000000,51.16000000,909.97300000
2021-03-22,50.99200000,51.17600000,50.56000000,50.62700000,1199.69100000
2021-03-23,50.77200000,50.79600000,49.50900000,50.50000000,3720.44900000
2021-03-23,50.49800000,50.55500000,49.76000000,50.11600000,1846.66600000
2021-03-23,50.21900000,50.40700000,49.37500000,49.41600000,1058.55800000
2021-03-23,49.55400000,49.64600000,48.45700000,48.52800000,2468.61500000
2021-03-23,48.53000000,49.06000000,47.00000000,47.39400000,4857.05100000
2021-03-23,47.36600000,47.95000000,46.45200000,46.79300000,4057.99100000
2021-03-23,46.79300000,47.76900000,46.10000000,47.76900000,1583.39800000
2021-03-23,47.69900000,48.31200000,46.47900000,46.69500000,2353.16800000
2021-03-23,46.69500000,47.43000000,46.30000000,47.31500000,1755.83700000
2021-03-23,47.21500000,48.15000000,47.18100000,47.71300000,706.43900000
2021-03-23,47.71300000,48.11800000,46.88400000,47.07600000,1059.23100000
2021-03-23,46.94900000,47.35000000,46.88500000,47.25400000,212.33300000
2021-03-23,47.35200000,47.54500000,46.83500000,47.20600000,877.48200000
2021-03-23,47.15900000,47.28300000,44.70000000,45.80600000,5496.08900000
2021-03-23,45.86100000,45.87800000,44.70100000,44.95200000,3161.28300000
2021-03-23,44.97100000,46.31700000,44.97100000,46.12500000,1228.65000000
2021-03-23,46.28700000,46.71300000,45.35800000,46.35900000,1581.35800000
2021-03-23,46.65800000,47.47600000,46.42000000,47.47600000,1111.41100000
2021-03-23,47.47200000,47.55800000,47.21300000,47.31900000,478.74100000
2021-03-23,47.55300000,47.61500000,46.73800000,46.73800000,462.16000000
2021-03-23,46.74100000,47.55700000,46.71500000,47.38100000,776.77400000
2021-03-23,47.54300000,47.89900000,47.41400000,47.89800000,606.00600000
2021-03-23,47.72600000,48.73100000,47.71700000,48.60100000,1582.04400000
2021-03-23,48.62600000,48.69300000,48.19100000,48.20500000,464.08100000
2021-03-24,48.19200000,48.70500000,47.81800000,48.36900000,658.98500000
2021-03-24,48.40400000,48.95300000,47.88700000,48.19400000,769.55800000
2021-03-24,48.01900000,48.47400000,47.88200000,48.03800000,586.87800000
2021-03-24,47.99700000,48.06400000,46.50000000,46.60900000,1668.32300000
2021-03-24,46.56300000,46.75400000,45.40000000,45.57500000,2044.62000000
2021-03-24,45.57300000,45.95500000,45.10000000,45.74200000,1263.66000000
2021-03-24,45.50300000,46.00800000,45.29500000,45.63100000,1003.60600000
2021-03-24,45.73200000,46.09600000,45.40300000,45.40300000,258.61300000
2021-03-24,45.44000000,45.52300000,44.65800000,44.70000000,2673.18400000
2021-03-24,44.70000000,46.39100000,44.55000000,46.32000000,1961.55100000
2021-03-24,46.18400000,46.47500000,46.03200000,46.43400000,379.66500000
2021-03-24,46.20600000,46.47700000,46.15700000,46.39000000,333.80000000
2021-03-24,46.16400000,46.35100000,45.55000000,45.70800000,727.83500000
2021-03-24,45.65100000,45.90000000,45.34100000,45.72900000,594.67300000
2021-03-24,45.73100000,46.76000000,45.70000000,46.55000000,651.18700000
2021-03-24,46.64000000,47.46700000,46.39600000,46.82200000,1332.77800000
2021-03-24,46.70000000,47.35000000,46.70000000,47.24000000,981.40300000
2021-03-24,47.25400000,48.02100000,47.23400000,47.56100000,922.73800000
2021-03-24,47.60000000,47.70700000,46.80300000,46.98100000,1435.58700000
2021-03-24,47.00000000,47.72600000,46.80000000,47.48300000,862.53300000
2021-03-24,47.42500000,48.69600000,47.29400000,48.04000000,1497.44900000
2021-03-24,48.03800000,48.03800000,47.10800000,47.21900000,1231.42100000
2021-03-24,47.10900000,47.67100000,46.36200000,46.86200000,2488.85500000
2021-03-24,46.88500000,47.40000000,46.00700000,46.50200000,2286.57700000
2021-03-25,46.50200000,46.68100000,46.00000000,46.07100000,1354.73100000
2021-03-25,46.00500000,46.37600000,45.62000000,46.12700000,1513.38500000
2021-03-25,46.09300000,46.35000000,45.85500000,46.01900000,618.77800000
2021-03-25,46.01800000,46.01900000,44.50700000,44.88700000,1904.82900000
2021-03-25,44.88900000,44.88900000,43.10000000,44.50300000,3909.79700000
2021-03-25,44.36700000,46.93900000,43.69400000,44.00000000,7198.00500000
2021-03-25,43.95400000,44.01300000,41.70000000,42.55500000,3343.02000000
2021-03-25,42.55500000,43.28300000,42.42300000,42.87400000,826.10000000
2021-03-25,42.69800000,43.28400000,42.51100000,42.70100000,806.25900000
2021-03-25,42.70100000,42.96200000,41.78500000,41.78500000,631.27900000
2021-03-25,41.75800000,41.90300000,40.73400000,41.36300000,3166.10100000
2021-03-25,41.40700000,41.83300000,40.99200000,41.53000000,1799.28300000
2021-03-25,41.49900000,42.09700000,41.39000000,41.62000000,948.95200000
2021-03-25,41.72100000,43.34700000,41.68700000,42.99500000,1792.56600000
2021-03-25,43.04800000,43.35100000,42.45100000,42.85700000,632.02500000
2021-03-25,42.69600000,43.17900000,41.84400000,41.84400000,912.39700000
2021-03-25,41.82800000,42.37200000,41.56300000,42.06200000,958.05200000
2021-03-25,42.09200000,42.66500000,41.93100000,42.61100000,1020.50900000
2021-03-25,42.61100000,42.64800000,41.95200000,42.46500000,1210.17400000
2021-03-25,42.47000000,42.67000000,41.50800000,41.62400000,1223.38700000
2021-03-25,41.61900000,41.74300000,39.14000000,40.30200000,8940.32100000
2021-03-25,40.51100000,41.67200000,40.00100000,41.05100000,1424.81100000
2021-03-25,40.99600000,41.31200000,40.41000000,40.71800000,1876.73000000
2021-03-25,40.50000000,41.21800000,40.05700000,40.31200000,1143.97800000
2021-03-26,40.31300000,41.02200000,39.69400000,40.05800000,2471.84800000
2021-03-26,40.02400000,40.72200000,39.95000000,40.65400000,923.85400000
2021-03-26,40.52900000,41.91600000,40.39500000,41.56500000,939.54600000
2021-03-26,41.52500000,41.83300000,40.70000000,41.01200000,585.66800000
2021-03-26,41.00000000,41.43500000,39.85000000,39.95500000,3686.46800000
2021-03-26,40.10200000,40.42200000,39.95600000,40.00100000,1270.45500000
2021-03-26,40.13900000,40.47700000,39.41200000,39.69400000,1554.43000000
2021-03-26,39.70200000,39.86900000,38.74500000,38.93400000,1601.63400000
2021-03-26,39.11000000,41.36500000,38.88000000,41.15500000,4757.48700000
2021-03-26,41.00900000,41.61600000,40.89200000,41.40500000,783.08400000
2021-03-26,41.51600000,41.55900000,40.84300000,41.14100000,1615.91600000
2021-03-26,41.18900000,42.67900000,41.10800000,42.43900000,2696.80200000
2021-03-26,42.43900000,42.78200000,42.23500000,42.53700000,635.87600000
2021-03-26,42.50700000,42.63900000,41.76100000,41.87700000,1138.96100000
2021-03-26,41.76300000,42.08000000,41.71800000,41.72000000,266.14400000
2021-03-26,41.72000000,42.72400000,41.45900000,42.15000000,1116.83400000
2021-03-26,42.22800000,42.66700000,41.86800000,42.30000000,2053.25800000
2021-03-26,42.34600000,42.55600000,42.08700000,42.08700000,834.55500000
2021-03-26,42.08700000,42.55200000,42.08700000,42.31900000,896.75800000
2021-03-26,42.46300000,42.46300000,41.60100000,41.71400000,1120.56200000
2021-03-26,41.72000000,43.07400000,41.62400000,42.95600000,1737.70600000
2021-03-26,42.85000000,43.22800000,42.61500000,42.75700000,720.55700000
2021-03-26,42.92800000,43.24600000,42.60200000,42.96000000,784.34500000
2021-03-26,42.95800000,43.50000000,42.69700000,42.84400000,1724.09200000
2021-03-27,42.83000000,44.00000000,42.67900000,43.24600000,3674.33100000
2021-03-27,43.30900000,43.83300000,43.19200000,43.75000000,2414.63500000
2021-03-27,43.75100000,44.00000000,43.16200000,43.66500000,2459.77900000
2021-03-27,43.66500000,44.00000000,43.50000000,43.90800000,1680.62600000
2021-03-27,44.00000000,44.86000000,43.99900000,44.61200000,2596.89600000
2021-03-27,44.61200000,45.88000000,44.30300000,44.82900000,3373.34200000
2021-03-27,44.82900000,45.22500000,44.17200000,44.96600000,1923.54700000
2021-03-27,45.01200000,47.05000000,44.92900000,46.82700000,4066.92600000
2021-03-27,46.82800000,47.05000000,44.90600000,44.90600000,3821.46500000
2021-03-27,44.99400000,45.17400000,44.50200000,44.50200000,977.34300000
2021-03-27,44.50200000,45.06900000,44.50200000,44.61700000,346.53100000
2021-03-27,44.61700000,45.00100000,43.90000000,44.05200000,2272.65800000
2021-03-27,43.99100000,44.74700000,43.87300000,44.55100000,1347.82200000
2021-03-27,44.63700000,44.65100000,43.89700000,44.31600000,1302.08500000
2021-03-27,44.40700000,45.55400000,44.12000000,44.98900000,3656.01100000
2021-03-27,45.09700000,45.84600000,44.80100000,45.16100000,1649.61300000
2021-03-27,45.29800000,45.81500000,45.15100000,45.47900000,1516.18700000
2021-03-27,45.53000000,45.57200000,44.73800000,45.15900000,1487.57600000
2021-03-27,45.28800000,45.63100000,44.50000000,44.65700000,1285.59000000
2021-03-27,44.59400000,45.12700000,43.90000000,44.38900000,2340.10500000
2021-03-27,44.36200000,44.52800000,43.47400000,43.61700000,2207.86200000
2021-03-27,43.65700000,44.30800000,43.65700000,44.11000000,911.90800000
2021-03-27,44.11000000,45.13900000,44.11000000,44.77100000,1959.40800000
2021-03-27,44.77100000,45.48200000,44.76500000,44.86200000,1534.65800000
2021-03-28,44.79700000,45.86200000,44.78100000,45.73500000,2192.46000000
2021-03-28,45.73800000,45.77100000,45.20100000,45.30600000,1486.15100000
2021-03-28,45.35800000,45.39200000,44.50000000,44.58800000,3200.20800000
2021-03-28,44.58800000,44.85100000,44.30000000,44.38800000,2465.16500000
2021-03-28,44.37800000,44.85600000,44.30000000,44.46000000,1644.96600000
2021-03-28,44.48600000,44.91000000,44.23900000,44.58000000,895.77600000
2021-03-28,44.58000000,44.63200000,44.10100000,44.15600000,1020.91000000
2021-03-28,44.26900000,44.33000000,43.57700000,43.86400000,3535.45700000
2021-03-28,43.86500000,44.27000000,43.53800000,43.86100000,3471.05300000
2021-03-28,43.86500000,44.27000000,43.53800000,43.86100000,3471.05300000
2021-03-28,43.98600000,44.56600000,43.89000000,44.38500000,668.04300000
2021-03-28,44.54000000,44.59300000,43.76000000,44.12900000,2585.17700000
2021-03-28,44.05900000,44.69900000,44.01700000,44.69200000,1423.09800000
2021-03-28,44.69300000,45.18100000,44.19100000,44.85500000,2552.08800000
2021-03-28,44.75500000,45.02600000,44.73100000,44.95700000,451.96800000
2021-03-28,44.95700000,45.09500000,44.45000000,44.56900000,2754.55100000
2021-03-28,44.49100000,45.17700000,44.46000000,44.88100000,1585.59500000
2021-03-28,44.82900000,45.47200000,44.49100000,45.46700000,1191.35000000
2021-03-28,45.47000000,45.73800000,45.20100000,45.27400000,1840.94800000
2021-03-28,45.27400000,45.84800000,45.20000000,45.75100000,1653.52100000
2021-03-28,45.69500000,46.60200000,45.66700000,46.36300000,3555.77800000
2021-03-28,46.35900000,47.16000000,45.90100000,46.04900000,4711.15100000
2021-03-28,46.05000000,46.18300000,45.73700000,45.89800000,1764.28600000
2021-03-28,45.74300000,45.83600000,45.10400000,45.38100000,2746.89600000
2021-03-28,45.38000000,45.81300000,45.20100000,45.81000000,2025.68500000
2021-03-29,45.81000000,46.18400000,45.34800000,45.72600000,2207.43500000
2021-03-29,45.62700000,46.24700000,45.61400000,45.95700000,2714.31600000
2021-03-29,45.95700000,46.16400000,45.00000000,45.00200000,1489.56800000
2021-03-29,45.00500000,45.16000000,43.99300000,44.91100000,3494.95500000
2021-03-29,44.89000000,45.85100000,44.89000000,45.60000000,3370.16900000
2021-03-29,45.55300000,45.59100000,44.87400000,45.27700000,503.53100000
2021-03-29,45.16300000,45.87300000,44.97300000,45.65600000,985.98700000
2021-03-29,45.65700000,46.17800000,45.56300000,45.81100000,582.61900000
2021-03-29,45.87300000,46.60000000,45.87300000,45.99200000,933.52800000
2021-03-29,45.99200000,46.02800000,45.23900000,45.90000000,655.52000000
2021-03-29,45.81200000,46.32400000,45.81200000,46.30800000,343.54400000
2021-03-29,46.12700000,46.56800000,46.12600000,46.48000000,638.63200000
2021-03-29,46.47900000,46.47900000,45.64300000,45.74800000,493.67700000
2021-03-29,45.73400000,45.73400000,44.97800000,44.97800000,776.73600000
2021-03-29,45.12100000,45.36500000,44.94200000,45.02200000,1014.41100000
2021-03-29,45.02200000,45.64100000,44.94500000,45.59600000,1292.69500000
2021-03-29,45.50200000,46.25800000,45.48800000,46.17100000,1541.47200000
2021-03-29,46.02600000,46.92900000,46.02600000,46.74400000,2762.21500000
2021-03-29,46.74200000,47.21600000,46.50000000,46.94800000,3098.96800000
2021-03-29,47.07200000,47.29800000,46.95100000,47.28300000,1466.56800000
2021-03-29,47.13700000,47.46400000,46.67700000,47.46300000,3623.11800000
2021-03-29,47.46300000,47.46900000,46.79800000,47.04800000,2216.66100000
2021-03-29,47.04800000,47.70400000,46.80500000,47.40800000,2516.58000000
2021-03-29,47.50100000,47.79400000,46.56000000,47.79400000,2755.60000000
2021-03-30,47.79900000,48.91700000,47.55600000,48.74300000,4909.19100000
2021-03-30,48.76400000,49.02800000,47.97500000,48.62100000,2853.08500000
2021-03-30,48.60400000,49.10800000,48.34900000,48.42800000,1569.65200000
2021-03-30,48.52900000,49.10800000,47.31800000,47.46700000,2573.60700000
2021-03-30,47.45500000,48.10000000,47.23500000,47.60400000,2210.51900000
2021-03-30,47.54800000,47.95500000,47.30300000,47.73600000,1017.68200000
2021-03-30,47.78100000,48.87600000,47.77500000,48.85000000,1275.30700000
2021-03-30,48.84900000,48.84900000,48.30300000,48.31800000,983.94800000
2021-03-30,48.39500000,48.41600000,47.59000000,48.36300000,1129.03800000
2021-03-30,48.30700000,48.30700000,47.80100000,47.93200000,351.27500000
2021-03-30,47.83400000,47.91200000,47.55000000,47.63500000,444.18400000
2021-03-30,47.55200000,48.44000000,47.43200000,48.31300000,1118.66100000
2021-03-30,48.31300000,49.00000000,48.12700000,48.35600000,869.89300000
2021-03-30,48.42200000,48.54100000,48.30000000,48.54000000,515.94700000
2021-03-30,48.54000000,49.29000000,48.40300000,49.29000000,2932.18300000
2021-03-30,49.24000000,49.42300000,48.80200000,49.38400000,2395.57900000
2021-03-30,49.42000000,49.85200000,48.61600000,48.81500000,1250.86600000
2021-03-30,48.81500000,49.14300000,48.60800000,48.80100000,1505.18700000
2021-03-30,48.80100000,54.95000000,48.80100000,53.54600000,21687.20600000
2021-03-30,53.61300000,56.32400000,53.50000000,55.85900000,7928.31100000
2021-03-30,55.58400000,56.00000000,52.64500000,53.04700000,6917.91000000
2021-03-30,53.04700000,53.05500000,51.40000000,51.55100000,3069.39800000
2021-03-30,51.41400000,52.04000000,50.61000000,51.07400000,3702.70200000
2021-03-30,51.06800000,51.69900000,50.57800000,50.62200000,2017.09100000
2021-03-31,50.57800000,52.04000000,50.57500000,51.83000000,2185.36200000
2021-03-31,51.83000000,52.45200000,51.49100000,51.60300000,1589.23300000
2021-03-31,51.76200000,51.77400000,51.20300000,51.30300000,738.76400000
2021-03-31,51.33600000,52.83300000,51.04200000,52.08200000,2091.66800000
2021-03-31,52.10400000,52.38800000,50.45700000,50.64400000,2972.48100000
2021-03-31,50.64400000,51.49600000,50.46600000,51.48600000,1408.79600000
2021-03-31,51.40000000,53.00000000,51.40000000,52.91100000,3159.49500000
2021-03-31,52.91100000,54.83300000,52.55500000,52.81200000,5737.45800000
2021-03-31,52.77300000,53.48800000,52.32600000,52.58900000,2403.94400000
2021-03-31,52.58700000,53.03500000,52.41800000,53.03500000,310.20700000
2021-03-31,53.03500000,54.48200000,52.79600000,52.79600000,3626.07200000
2021-03-31,52.79600000,52.97500000,51.39100000,51.61400000,2091.86000000
2021-03-31,51.72500000,51.95200000,51.10000000,51.53600000,1143.94800000
2021-03-31,51.53700000,51.62600000,50.91700000,51.18100000,1269.22000000
2021-03-31,51.18200000,52.20000000,50.95100000,52.02800000,1782.49100000
2021-03-31,52.16600000,52.49000000,50.76400000,50.88900000,2647.74400000
2021-03-31,50.90000000,51.28500000,50.00000000,50.73500000,4930.43000000
2021-03-31,50.73900000,51.06900000,50.00000000,50.43500000,2682.81200000
2021-03-31,50.44800000,51.18300000,49.45900000,49.86100000,3623.36500000
2021-03-31,49.86100000,51.50900000,49.76100000,51.32600000,2728.15400000
2021-03-31,51.49100000,51.64800000,50.93300000,51.15400000,893.68700000
2021-03-31,51.17100000,51.71900000,50.73800000,51.39200000,1124.41700000
2021-03-31,51.25100000,51.68700000,50.81200000,50.84900000,1175.01300000
2021-03-31,50.99900000,51.68600000,50.87700000,51.58400000,1382.30700000
2021-04-01,51.62300000,52.50000000,50.59200000,50.72100000,4336.38100000
2021-04-01,50.87700000,51.74100000,50.62400000,51.18000000,1797.77900000
2021-04-01,51.18000000,52.97800000,51.00400000,52.93800000,5435.01700000
2021-04-01,52.89800000,52.97800000,52.00000000,52.41400000,5234.90100000
2021-04-01,52.41400000,52.69300000,52.01300000,52.10000000,1634.90800000
2021-04-01,52.01300000,52.30600000,51.70100000,51.78900000,977.50900000
2021-04-01,51.86400000,51.98800000,51.08400000,51.08400000,807.52800000
2021-04-01,51.19800000,52.38300000,51.10300000,52.33900000,830.78500000
2021-04-01,52.28100000,52.83000000,51.80400000,52.35900000,1349.45800000
2021-04-01,52.36700000,53.00000000,52.17000000,53.00000000,959.85400000
2021-04-01,53.00100000,53.39100000,52.72800000,53.18000000,1059.60900000
2021-04-01,53.21300000,53.59900000,52.67700000,52.95700000,1384.05600000
2021-04-01,52.95700000,53.80000000,52.90000000,52.90700000,1901.52600000
2021-04-01,53.04200000,54.88200000,53.00000000,53.71400000,4714.02700000
2021-04-01,53.73400000,53.87500000,52.90900000,53.32300000,2079.60000000
2021-04-01,53.33700000,53.77500000,53.02000000,53.52000000,1304.75900000
2021-04-01,53.68600000,53.85900000,52.75800000,52.83300000,1826.23300000
2021-04-01,52.83300000,53.92100000,52.75800000,53.77200000,2646.78600000
2021-04-01,53.70000000,54.00000000,53.51600000,53.90000000,1307.75000000
2021-04-01,53.99000000,53.99000000,52.13200000,53.18600000,3140.53100000
2021-04-01,53.11100000,54.00000000,52.58800000,53.90400000,2348.04900000
2021-04-01,54.00000000,55.00000000,53.65800000,54.15700000,2617.70700000
2021-04-01,54.41700000,55.10000000,54.17100000,54.88700000,1830.14300000
2021-04-01,55.02500000,57.00400000,54.89300000,56.40300000,6577.05300000
2021-04-02,56.40300000,57.89900000,55.10400000,55.23700000,6406.84800000
2021-04-02,55.23800000,55.90300000,53.85800000,54.39900000,3846.20500000
2021-04-02,54.22000000,54.67700000,52.78500000,54.48800000,2760.47100000
2021-04-02,54.45900000,54.45900000,53.62900000,53.77500000,673.65800000
2021-04-02,53.63100000,53.89600000,53.10200000,53.45200000,2301.71200000
2021-04-02,53.53500000,54.38300000,53.45500000,53.88300000,1536.80700000
2021-04-02,53.88000000,54.67400000,53.88000000,54.53500000,900.03000000
2021-04-02,54.36100000,54.75400000,53.82400000,53.89400000,452.63700000
2021-04-02,53.89600000,53.91500000,53.12800000,53.62900000,1308.29800000
2021-04-02,53.61900000,53.62600000,53.19600000,53.54900000,521.86900000
2021-04-02,53.53200000,54.99500000,53.34500000,54.42900000,1744.68100000
2021-04-02,54.43000000,55.24100000,53.93200000,55.06900000,1047.26100000
2021-04-02,55.23900000,55.24200000,54.38100000,55.11900000,812.43700000
2021-04-02,55.12000000,56.24900000,54.42300000,55.97100000,2207.70600000
2021-04-02,55.97100000,56.50000000,55.34200000,55.98000000,1777.40500000
2021-04-02,55.98000000,56.17400000,54.70800000,55.15500000,3541.46600000
2021-04-02,54.94100000,55.17300000,54.23200000,54.46700000,1148.02000000
2021-04-02,54.46600000,54.65800000,53.99900000,54.21000000,1298.68000000
2021-04-02,54.29000000,54.88200000,53.93000000,54.63800000,1674.40500000
2021-04-02,54.66600000,54.76100000,54.34700000,54.57800000,913.82400000
2021-04-02,54.59400000,54.73300000,53.51900000,54.49800000,1398.46900000
2021-04-02,54.41500000,54.64900000,53.43100000,54.64900000,1785.83900000
2021-04-02,54.59100000,54.94000000,53.52000000,53.89400000,1361.82300000
2021-04-02,53.88400000,54.25600000,53.59000000,54.07900000,1334.24200000
2021-04-03,54.07900000,54.34600000,53.89300000,53.89300000,1080.56900000
2021-04-03,54.11100000,54.32200000,53.83700000,54.10300000,351.99400000
2021-04-03,54.09800000,54.16600000,53.55700000,53.68200000,791.42200000
2021-04-03,53.56300000,53.73000000,53.11300000,53.26400000,1386.43400000
2021-04-03,53.34400000,54.99900000,53.26200000,54.58000000,2562.78100000
2021-04-03,54.48200000,54.68000000,53.07500000,54.56000000,1561.47500000
2021-04-03,54.55800000,54.69800000,53.34200000,53.43900000,1136.20700000
2021-04-03,53.48100000,54.80000000,53.48100000,54.33500000,2283.64700000
2021-04-03,54.22700000,54.69400000,53.68600000,53.98000000,768.27300000
2021-04-03,53.89200000,53.98500000,53.33000000,53.76400000,935.81700000
2021-04-03,53.68700000,54.13000000,53.33000000,53.58800000,981.73500000
2021-04-03,53.54700000,53.65500000,53.12200000,53.62500000,523.78000000
2021-04-03,53.61700000,54.70000000,53.07000000,53.43100000,1327.66700000
2021-04-03,53.45300000,53.61200000,53.09000000,53.36400000,600.62600000
2021-04-03,53.46900000,53.55000000,53.01100000,53.54900000,670.55000000
2021-04-03,53.54800000,53.94100000,53.01000000,53.67400000,1140.75200000
2021-04-03,53.81700000,53.84100000,52.36400000,53.00300000,3282.72300000
2021-04-03,52.93800000,53.26300000,52.48700000,53.05000000,986.63900000
2021-04-03,53.12400000,53.29500000,52.85400000,52.90900000,641.70300000
2021-04-03,52.91900000,53.30000000,52.84400000,52.90000000,1155.54700000
2021-04-03,53.01200000,53.50300000,52.41700000,53.40400000,1168.64500000
2021-04-03,53.26100000,53.43700000,52.90000000,53.22900000,813.17500000
2021-04-03,53.18500000,53.84700000,53.18500000,53.57400000,1426.56900000
2021-04-03,53.57300000,54.20000000,52.79500000,52.79500000,2576.83500000
2021-04-04,52.93500000,53.69300000,52.37600000,52.96800000,3332.97800000
2021-04-04,53.14700000,53.40500000,50.77300000,51.00900000,6610.33200000
2021-04-04,51.00900000,51.77700000,50.44100000,51.72200000,2792.93700000
2021-04-04,51.72200000,51.99000000,51.39800000,51.93200000,1093.84400000
2021-04-04,51.93200000,52.01500000,51.19300000,51.29900000,751.29200000
2021-04-04,51.43300000,51.43300000,50.24300000,50.24500000,746.35000000
2021-04-04,50.24100000,50.50100000,49.95200000,50.12800000,1926.02100000
2021-04-04,50.12300000,50.95600000,50.00600000,50.25300000,1913.76700000
2021-04-04,50.23400000,51.04900000,49.43100000,50.43200000,3671.58000000
2021-04-04,50.26000000,50.49000000,50.01900000,50.36900000,360.76000000
2021-04-04,50.42600000,51.16500000,50.29500000,51.16500000,955.45700000
2021-04-04,51.16500000,51.80100000,50.40300000,51.23800000,1423.95700000
2021-04-04,51.19700000,51.68500000,51.19700000,51.41000000,390.14500000
2021-04-04,51.48500000,51.55400000,50.92800000,51.09300000,520.04300000
2021-04-04,50.98600000,51.61200000,50.75600000,51.34100000,703.56900000
2021-04-04,51.20400000,51.29100000,50.84400000,51.29100000,332.02800000
2021-04-04,51.29100000,51.80100000,50.86600000,50.86600000,2055.68000000
2021-04-04,51.02200000,51.27700000,50.86600000,51.16100000,1060.95100000
2021-04-04,51.10000000,58.32000000,51.10000000,58.20100000,21047.69100000
2021-04-04,58.20100000,65.00000000,57.00500000,62.91200000,36045.20400000
2021-04-04,63.15800000,63.90000000,60.53300000,60.90200000,9488.80100000
2021-04-04,60.93600000,62.29700000,60.40000000,60.53700000,4483.69600000
2021-04-04,60.53700000,60.95100000,58.90000000,59.10100000,9656.66100000
2021-04-04,59.16000000,64.50000000,58.54000000,64.00500000,12470.66900000
2021-04-05,64.00500000,66.28500000,61.60400000,63.80000000,17652.41900000
2021-04-05,63.67000000,75.98700000,62.60200000,73.92700000,85127.69000000
2021-04-05,73.92700000,74.46600000,67.50000000,71.03200000,28644.43800000
2021-04-05,70.81000000,74.80000000,69.28300000,69.28300000,19258.61300000
2021-04-05,69.32000000,70.01400000,67.02100000,69.89700000,11382.06600000
2021-04-05,69.89600000,70.60000000,66.66000000,66.97300000,13893.67500000
2021-04-05,67.02100000,67.50000000,66.21100000,66.78000000,4536.25600000
2021-04-05,66.94100000,67.65600000,66.00000000,66.02200000,4862.12200000
2021-04-05,66.16900000,66.30400000,64.25900000,65.60700000,7049.83700000
2021-04-05,65.47100000,69.00000000,64.89900000,67.51700000,14106.11400000
2021-04-05,67.58000000,67.61200000,63.92500000,64.79600000,10000.03400000
2021-04-05,64.51700000,68.20000000,64.14100000,66.82500000,6719.42300000
2021-04-05,67.13000000,68.03900000,65.87500000,66.12800000,2688.96500000
2021-04-05,65.88100000,73.20500000,65.87700000,72.99900000,18150.45200000
2021-04-05,72.99800000,75.76200000,70.96800000,73.06700000,31798.67100000
2021-04-05,73.01200000,74.68600000,70.14700000,73.31700000,19969.91700000
2021-04-05,73.05100000,75.50000000,73.00200000,74.51200000,15192.64200000
2021-04-05,74.55300000,78.54900000,73.00300000,78.23800000,23200.61900000
2021-04-05,78.08300000,78.54900000,74.16900000,77.18200000,18686.43200000
2021-04-05,77.19800000,77.50000000,73.50000000,73.53000000,9644.63100000
2021-04-05,73.50600000,74.26100000,71.02400000,72.80000000,12706.27000000
2021-04-05,72.57300000,74.06200000,70.78700000,74.05400000,7315.76300000
2021-04-05,73.91500000,76.47000000,72.58600000,73.98800000,7620.84600000
2021-04-05,73.98800000,73.98800000,70.90000000,71.68300000,7101.17400000
2021-04-06,71.63700000,72.29200000,68.50300000,69.11000000,10423.79000000
2021-04-06,69.26300000,70.72400000,68.07500000,70.72400000,8286.67600000
2021-04-06,70.72400000,71.75300000,69.08300000,69.24000000,4787.61800000
2021-04-06,69.33300000,71.53600000,69.12300000,70.34800000,2248.05300000
2021-04-06,70.48000000,70.65000000,68.44800000,68.44800000,1969.93000000
2021-04-06,68.61500000,68.90600000,68.00000000,68.03400000,3766.44000000
2021-04-06,68.05800000,68.44400000,68.00000000,68.20000000,2192.60700000
2021-04-06,68.20000000,68.20000000,66.34800000,67.87800000,4426.85900000
2021-04-06,67.88300000,69.32500000,67.18700000,69.00300000,2210.20500000
2021-04-06,69.03600000,69.35700000,66.83000000,68.12100000,2292.63000000
2021-04-06,68.11000000,70.50000000,66.90000000,70.49800000,3577.70600000
2021-04-06,70.49800000,70.81200000,68.68900000,68.97000000,2833.41600000
2021-04-06,69.09000000,70.30000000,69.08900000,69.41400000,1407.55700000
2021-04-06,69.42900000,70.72400000,68.77400000,70.07600000,2328.71200000
2021-04-06,70.29800000,73.84400000,69.87400000,72.57500000,8807.45100000
2021-04-06,72.57500000,73.98800000,70.34600000,71.58600000,5033.30800000
2021-04-06,71.38200000,73.50000000,71.30000000,71.89900000,3169.75000000
2021-04-06,71.89900000,72.95000000,70.84300000,70.85300000,1871.33300000
2021-04-06,71.19700000,71.19700000,67.70800000,67.70800000,9011.19200000
2021-04-06,67.70800000,69.13800000,66.87300000,69.04800000,5060.83800000
2021-04-06,69.01100000,69.88700000,67.48500000,68.46200000,3923.71000000
2021-04-06,68.75900000,69.26100000,67.78800000,68.13900000,2332.13200000
2021-04-06,68.38600000,68.54800000,66.83000000,67.79100000,3964.17600000
2021-04-06,67.74600000,68.47100000,66.50000000,67.87400000,3571.41800000
2021-04-07,67.98600000,69.52400000,67.21300000,68.57500000,2223.02900000
2021-04-07,68.50900000,70.09600000,68.39200000,69.67900000,2279.06800000
2021-04-07,69.67700000,69.94000000,68.10100000,68.40000000,1993.07300000
2021-04-07,68.40100000,68.87600000,68.17300000,68.40100000,948.98900000
2021-04-07,68.40100000,68.49300000,67.10000000,67.76500000,2723.91200000
2021-04-07,67.75100000,68.33400000,66.52900000,68.02600000,2147.47500000
2021-04-07,68.02600000,70.13000000,68.02600000,69.00800000,1457.62300000
2021-04-07,69.01000000,69.99600000,68.21800000,69.10000000,1771.75400000
2021-04-07,69.15900000,73.89900000,69.00400000,70.98900000,9001.02900000
2021-04-07,70.86600000,70.86600000,68.51200000,68.74800000,3052.80300000
2021-04-07,68.81700000,69.28200000,68.22000000,68.85200000,1263.24400000
2021-04-07,68.85200000,69.57600000,68.16100000,69.20000000,1469.35300000
2021-04-07,69.02300000,69.49900000,67.56100000,67.70700000,986.97200000
2021-04-07,67.70700000,68.52100000,67.05500000,67.72300000,2914.80600000
2021-04-07,67.77500000,68.69800000,66.16600000,66.25000000,3359.22800000
2021-04-07,66.32100000,66.54800000,65.32600000,65.49400000,2992.31800000
2021-04-07,65.47800000,65.79800000,64.67100000,65.03400000,1572.34800000
2021-04-07,65.02900000,65.03300000,62.50000000,62.59800000,4304.94700000
2021-04-07,62.60000000,70.19500000,62.59800000,63.92900000,10624.59400000
2021-04-07,63.92900000,66.07800000,62.50000000,63.35000000,3163.27400000
2021-04-07,63.49900000,66.23300000,62.56000000,65.79200000,4954.49400000
2021-04-07,65.79800000,68.04000000,63.58700000,66.68600000,4932.49800000
2021-04-07,66.48000000,66.93100000,64.07700000,64.07700000,3248.75800000
2021-04-07,64.07600000,64.70000000,62.99900000,63.19000000,2264.20200000
2021-04-08,63.18800000,64.62500000,62.77500000,64.46000000,1731.81500000
2021-04-08,64.62400000,64.68500000,63.09200000,63.71100000,2308.08300000
2021-04-08,63.66700000,64.77100000,63.28200000,63.86200000,1437.60000000
2021-04-08,63.80500000,63.80500000,62.80000000,63.06900000,1603.83700000
2021-04-08,63.02900000,63.57800000,62.82000000,62.85100000,717.62300000
2021-04-08,63.07400000,65.67000000,62.79100000,64.28200000,2064.02300000
2021-04-08,64.55000000,65.19900000,63.19900000,63.29800000,1108.87600000
2021-04-08,63.29500000,63.93800000,62.98700000,63.03000000,435.00000000
2021-04-08,63.20800000,63.75200000,62.70600000,63.53900000,872.65500000
2021-04-08,63.63400000,65.32900000,63.30100000,64.46500000,3359.96200000
2021-04-08,64.48900000,64.50500000,63.50000000,63.81400000,920.43500000
2021-04-08,63.63900000,63.82100000,63.50000000,63.50500000,254.96500000
2021-04-08,63.62400000,64.15300000,63.50900000,64.11200000,497.34400000
2021-04-08,64.11400000,65.67100000,64.04900000,64.87800000,1243.35400000
2021-04-08,64.86000000,65.83700000,64.60000000,65.48500000,1160.32500000
2021-04-08,65.48500000,65.62100000,65.09100000,65.21400000,458.78300000
2021-04-08,65.21400000,66.00000000,65.15200000,65.99900000,950.48400000
2021-04-08,65.86300000,70.10000000,65.80000000,68.05900000,10211.58100000
2021-04-08,67.96200000,72.95000000,67.92800000,70.09300000,8150.60400000
2021-04-08,70.09100000,71.06200000,68.00000000,68.08800000,4262.19100000
2021-04-08,68.08800000,70.53900000,68.00000000,70.30000000,2315.72200000
2021-04-08,70.55700000,72.25000000,69.18000000,72.25000000,3235.02100000
2021-04-08,72.18400000,76.00000000,71.36000000,71.59900000,15530.82100000
2021-04-08,71.58200000,72.22000000,69.00000000,69.31700000,5629.11500000
2021-04-09,69.23000000,70.23800000,69.00000000,70.10300000,2683.77800000
2021-04-09,70.11700000,70.38800000,68.80700000,68.80900000,2684.25000000
2021-04-09,68.94900000,69.95400000,68.78000000,69.77100000,853.25700000
2021-04-09,69.77100000,70.12600000,69.58700000,69.67300000,1363.22800000
2021-04-09,69.67300000,70.01600000,69.03000000,69.16700000,1461.99700000
2021-04-09,69.16700000,70.26600000,68.92600000,69.77000000,1953.14200000
2021-04-09,69.76900000,71.06400000,69.76900000,70.17300000,1260.66400000
2021-04-09,70.21400000,72.85500000,70.20800000,72.65400000,1954.25100000
2021-04-09,72.53000000,75.15000000,70.27800000,70.50000000,7586.58000000
2021-04-09,70.58400000,73.72000000,70.44000000,72.78100000,3654.70200000
2021-04-09,72.79600000,74.06800000,72.10700000,72.10700000,1238.80500000
2021-04-09,72.10700000,74.12200000,71.72000000,74.08000000,1821.25300000
2021-04-09,74.05300000,75.00000000,73.19900000,74.93600000,3641.24800000
2021-04-09,74.89900000,74.92300000,73.20800000,73.93500000,2546.00600000
2021-04-09,74.13300000,75.00000000,73.07600000,73.69100000,3101.10400000
2021-04-09,73.60100000,75.23500000,73.01800000,74.84000000,2674.74600000
2021-04-09,74.99800000,80.00000000,74.47700000,77.81200000,19979.52000000
2021-04-09,77.78500000,81.00000000,76.81900000,79.70100000,15861.13600000
2021-04-09,79.74100000,79.74100000,75.94700000,76.18600000,8524.82100000
2021-04-09,76.35700000,77.53400000,75.78600000,76.14900000,5296.66700000
2021-04-09,76.00300000,76.62200000,76.00000000,76.62200000,2893.39500000
2021-04-09,76.62200000,80.25000000,76.62200000,77.76300000,7075.38000000
2021-04-09,77.86000000,79.69000000,77.70800000,78.02200000,2431.81300000
2021-04-09,78.13100000,78.31500000,76.18100000,77.01400000,2008.51000000
2021-04-10,76.88000000,77.13400000,75.26200000,75.63600000,2701.07100000
2021-04-10,75.69900000,82.10000000,75.56000000,79.10000000,13371.62000000
2021-04-10,79.28700000,80.76200000,76.60500000,76.91700000,7100.46400000
2021-04-10,76.86400000,79.03900000,76.50000000,78.90800000,3194.62700000
2021-04-10,78.88600000,79.14600000,76.52200000,76.67800000,1765.07400000
2021-04-10,76.51100000,77.99000000,76.28000000,77.76900000,1728.25800000
2021-04-10,77.62300000,77.76000000,75.74300000,76.42500000,3573.61300000
2021-04-10,76.47200000,77.25200000,76.03200000,76.67800000,1290.28000000
2021-04-10,76.66500000,77.78300000,76.53200000,76.80800000,951.15500000
2021-04-10,76.80500000,78.17900000,76.44900000,76.57900000,1518.35000000
2021-04-10,76.55200000,76.65400000,74.38900000,74.53100000,5633.96200000
2021-04-10,74.64600000,75.95600000,74.64200000,75.94100000,3178.24200000
2021-04-10,75.94000000,76.21100000,74.17800000,74.44700000,4093.99100000
2021-04-10,74.55300000,74.87100000,74.03700000,74.39100000,1883.23400000
2021-04-10,74.39100000,75.00000000,74.21200000,74.37100000,1421.54900000
2021-04-10,74.36700000,75.09300000,74.00000000,74.82700000,1550.30800000
2021-04-10,74.87100000,76.76700000,74.69500000,75.65500000,2862.28200000
2021-04-10,75.64900000,77.39800000,75.63100000,77.10000000,2443.06400000
2021-04-10,77.10000000,77.39300000,76.31500000,76.82100000,1273.85300000
2021-04-10,76.87300000,77.31300000,74.44100000,74.61000000,2791.75100000
2021-04-10,74.56200000,75.22000000,74.10000000,74.19100000,2419.99700000
2021-04-10,74.19100000,74.77600000,72.72300000,74.23900000,3888.74600000
2021-04-10,74.40100000,75.25100000,73.92400000,75.07500000,3361.72900000
2021-04-10,75.07500000,75.60500000,74.46900000,75.58300000,1369.00400000
2021-04-11,75.42400000,75.89200000,73.93200000,75.01600000,2517.18700000
2021-04-11,75.09000000,75.27700000,73.40000000,74.54900000,1094.44500000
2021-04-11,74.51300000,74.63700000,73.00300000,73.72800000,1473.06700000
2021-04-11,73.64400000,74.87100000,73.09600000,73.86800000,1415.06900000
2021-04-11,73.75000000,74.78300000,72.05400000,72.64900000,1897.40800000
2021-04-11,72.43800000,74.47600000,72.32100000,73.43600000,1589.48300000
2021-04-11,73.51800000,73.80600000,72.20900000,73.39200000,2057.22500000
2021-04-11,73.39200000,73.58200000,71.95500000,72.25000000,2161.86900000
2021-04-11,72.28800000,72.82000000,71.86900000,72.06000000,2286.66900000
2021-04-11,72.10100000,74.20600000,71.59100000,73.61300000,3242.36200000
2021-04-11,73.59400000,74.34300000,73.46800000,74.07900000,1140.34300000
2021-04-11,74.11300000,74.11300000,72.00000000,72.99400000,1353.32500000
2021-04-11,73.00500000,73.19600000,71.18800000,72.04600000,3102.27100000
2021-04-11,72.05300000,72.37000000,70.42100000,70.43200000,1847.40300000
2021-04-11,70.58300000,70.91700000,70.01800000,70.37800000,1351.04000000
2021-04-11,70.53100000,71.82200000,70.09900000,70.39800000,3618.90300000
2021-04-11,70.40000000,72.64500000,70.39400000,72.10400000,2503.72500000
2021-04-11,72.13900000,73.15800000,71.19000000,72.27000000,3637.60500000
2021-04-11,72.05800000,72.94800000,71.68800000,72.27700000,1294.27300000
2021-04-11,72.27600000,73.94400000,72.08200000,73.03100000,2232.50800000
2021-04-11,72.96900000,73.75900000,71.76600000,72.95900000,3555.21300000
2021-04-11,72.79400000,73.56900000,71.35900000,73.00500000,1898.32900000
2021-04-11,72.89000000,73.07600000,71.83500000,71.83500000,543.64900000
2021-04-11,71.89700000,72.45500000,68.91600000,70.42600000,6445.33400000
2021-04-12,70.42600000,71.49700000,70.41900000,70.86300000,3189.63000000
2021-04-12,71.06800000,71.93200000,70.33600000,71.84000000,1866.29500000
2021-04-12,71.75000000,72.54400000,71.49300000,71.82400000,1526.46800000
2021-04-12,71.82400000,71.92900000,71.20000000,71.56500000,1342.62200000
2021-04-12,71.51500000,71.87000000,71.00000000,71.20200000,707.09700000
2021-04-12,71.17400000,71.23900000,70.51600000,70.79500000,1465.64800000
2021-04-12,70.79500000,73.90300000,70.79500000,73.28300000,3777.88300000
2021-04-12,73.13700000,73.50900000,72.52100000,72.56000000,384.17200000
2021-04-12,72.71900000,74.11600000,72.14400000,73.48000000,1435.02100000
2021-04-12,73.48000000,74.74500000,73.48000000,74.70000000,1515.41100000
2021-04-12,74.69900000,75.10000000,73.19500000,73.73300000,1815.00200000
2021-04-12,73.92500000,76.73100000,73.81200000,73.91900000,2482.36800000
2021-04-12,74.05300000,74.58600000,72.81200000,73.35700000,2709.05400000
2021-04-12,73.35700000,74.57000000,73.02800000,73.66600000,1233.04200000
2021-04-12,73.66500000,75.04100000,73.24500000,74.84200000,2140.81900000
2021-04-12,74.99500000,76.11400000,73.91900000,74.06800000,2608.86300000
2021-04-12,73.92000000,74.43000000,73.40100000,74.00000000,1332.95900000
2021-04-12,74.00000000,78.50000000,73.85100000,75.11400000,6866.87300000
2021-04-12,75.11400000,76.18000000,75.00000000,75.90800000,2523.53800000
2021-04-12,75.65000000,78.00000000,74.90000000,76.16900000,4000.48000000
2021-04-12,76.27800000,78.96000000,76.08000000,78.09000000,3045.80000000
2021-04-12,78.45800000,78.65600000,75.74400000,76.33000000,7154.01500000
2021-04-12,76.33000000,76.54000000,75.63400000,75.83400000,675.40600000
2021-04-12,75.81800000,77.89200000,75.02400000,77.89200000,1690.48300000
2021-04-13,77.89200000,77.94800000,76.01800000,76.30200000,1348.96300000
2021-04-13,76.29900000,76.30100000,74.59000000,74.78200000,1581.83500000
2021-04-13,74.76400000,74.94600000,74.00000000,74.35000000,1639.41500000
2021-04-13,74.19900000,76.83600000,74.10900000,76.14200000,4063.25100000
2021-04-13,76.14200000,76.14300000,74.40400000,74.63700000,982.50500000
2021-04-13,74.64000000,75.18200000,74.05100000,74.30300000,1361.83700000
2021-04-13,74.13500000,76.47000000,74.04900000,75.78800000,2288.35300000
2021-04-13,75.76000000,75.80300000,74.60300000,75.69600000,832.90600000
2021-04-13,75.65600000,76.56500000,75.27500000,75.91500000,541.52500000
2021-04-13,75.96300000,76.12600000,75.35100000,75.60200000,295.02800000
2021-04-13,75.63800000,75.65000000,74.30800000,74.85300000,1574.18500000
2021-04-13,74.93500000,75.85000000,74.00100000,74.42300000,1942.34700000
2021-04-13,74.38500000,75.42300000,73.78100000,75.14700000,2986.92100000
2021-04-13,75.32300000,75.83200000,74.23300000,74.79800000,1299.08700000
2021-04-13,74.79800000,75.04200000,73.88600000,74.11800000,1417.25000000
2021-04-13,74.11800000,74.63400000,72.76600000,73.17100000,5041.59200000
2021-04-13,72.97200000,73.54700000,70.41700000,71.20900000,7791.66500000
2021-04-13,71.27100000,72.50000000,70.99100000,72.22200000,2908.09300000
2021-04-13,72.22100000,72.60200000,70.92800000,72.46300000,2660.20600000
2021-04-13,72.47700000,73.23600000,72.00000000,72.61600000,2269.79200000
2021-04-13,72.47800000,73.41300000,71.57700000,73.20200000,2271.08000000
2021-04-13,73.21900000,74.23100000,72.84300000,74.01100000,2078.96500000
2021-04-13,73.94300000,74.84000000,72.94000000,74.57900000,1904.59700000
2021-04-13,74.57900000,74.90200000,73.65900000,74.15200000,1626.71800000
2021-04-14,74.00100000,75.07500000,73.21900000,73.81400000,1285.44000000
2021-04-14,73.58500000,73.91800000,72.89500000,73.21600000,1105.00600000
2021-04-14,73.19400000,73.26200000,72.35700000,72.49800000,1152.73300000
2021-04-14,72.69300000,73.70600000,72.42200000,72.78500000,1168.51600000
2021-04-14,72.83500000,73.71600000,72.68200000,73.32800000,339.34800000
2021-04-14,73.11300000,74.20000000,72.53500000,73.14900000,1102.50700000
2021-04-14,73.14900000,73.35800000,72.22800000,72.92100000,1811.87000000
2021-04-14,72.92000000,74.13800000,72.92000000,72.95500000,808.38700000
2021-04-14,73.06000000,73.25600000,71.66600000,72.14600000,478.54000000
2021-04-14,72.12800000,73.04200000,71.39400000,71.64700000,1491.27300000
2021-04-14,71.49000000,72.73500000,71.38500000,72.64500000,1333.62400000
2021-04-14,72.64500000,73.00000000,72.09800000,72.41500000,496.17600000
2021-04-14,72.43000000,72.99100000,72.04800000,72.59000000,459.28200000
2021-04-14,72.43000000,74.36600000,72.36100000,72.61000000,850.05600000
2021-04-14,72.61000000,73.00000000,72.57600000,73.00000000,399.80000000
2021-04-14,73.00000000,74.12800000,72.71000000,73.37800000,814.23300000
2021-04-14,73.38000000,73.99800000,72.51900000,72.65300000,769.94200000
2021-04-14,72.71300000,72.71300000,71.05000000,71.06400000,1308.16700000
2021-04-14,71.25600000,72.73700000,71.11100000,72.61900000,1270.12000000
2021-04-14,72.61900000,74.08700000,72.61900000,73.74400000,1491.16200000
2021-04-14,73.52400000,73.73200000,72.16200000,72.49600000,1720.00300000
2021-04-14,72.49600000,72.74100000,71.14700000,71.34200000,504.92700000
2021-04-14,71.20500000,71.47200000,70.00000000,70.70400000,2703.18400000
2021-04-14,70.61800000,71.61100000,70.29700000,70.86300000,1442.74600000
2021-04-15,70.60900000,72.50000000,70.11600000,72.29700000,1838.64100000
2021-04-15,72.29700000,72.50900000,70.66300000,70.97700000,1601.30600000
2021-04-15,70.89700000,71.56200000,70.02700000,70.47300000,983.29000000
2021-04-15,70.42000000,71.18700000,69.42800000,69.83800000,1082.36500000
2021-04-15,69.83200000,70.41100000,69.35600000,69.88700000,1123.61000000
2021-04-15,69.88300000,70.82300000,69.67200000,70.71300000,1187.42200000
2021-04-15,70.71300000,75.06000000,70.38500000,72.34500000,4366.81200000
2021-04-15,72.32000000,72.38400000,71.33900000,72.00900000,550.57500000
2021-04-15,71.99000000,74.94800000,71.99000000,72.41200000,1897.05600000
2021-04-15,72.41200000,73.42400000,71.98700000,72.54200000,1001.09400000
2021-04-15,72.69100000,72.74400000,71.68100000,71.94400000,944.58100000
2021-04-15,72.20100000,72.86800000,71.14300000,71.68200000,1535.19500000
2021-04-15,71.82600000,72.56400000,71.56500000,71.97700000,477.85500000
2021-04-15,72.20100000,72.88700000,72.02900000,72.16500000,779.57900000
2021-04-15,72.36600000,72.59600000,71.40600000,71.60800000,1595.55200000
2021-04-15,71.78500000,73.13000000,71.68100000,72.27500000,746.05600000
2021-04-15,72.29800000,72.80900000,71.89000000,72.23500000,572.89800000
2021-04-15,72.18500000,72.44000000,71.48900000,72.17800000,745.47200000
2021-04-15,72.22800000,72.87700000,72.07300000,72.23600000,475.23000000
2021-04-15,72.21600000,72.38800000,71.55000000,72.20400000,889.07800000
2021-04-15,72.21700000,73.02900000,71.59900000,72.25000000,2051.72800000
2021-04-15,72.35000000,74.73800000,72.20700000,73.69800000,2877.30000000
2021-04-15,73.69800000,73.87600000,72.20000000,73.18400000,2117.18100000
2021-04-15,73.05300000,73.50000000,72.42600000,73.02200000,1425.54100000
2021-04-16,73.02200000,76.00000000,73.02200000,74.44800000,5356.59000000
2021-04-16,74.57700000,74.61500000,73.35200000,74.53400000,696.08100000
2021-04-16,74.53400000,74.57400000,73.83700000,74.19700000,489.88500000
2021-04-16,74.20400000,76.20700000,74.04900000,74.99100000,1810.83800000
2021-04-16,75.10900000,76.20000000,74.49700000,74.91900000,1023.56800000
2021-04-16,74.91900000,75.60000000,74.07300000,75.29400000,886.54800000
2021-04-16,75.20600000,77.00000000,73.55600000,75.21700000,4156.59200000
2021-04-16,75.34500000,75.50800000,74.20800000,74.78800000,665.21000000
2021-04-16,74.78300000,74.91100000,73.78200000,73.80800000,2106.94100000
2021-04-16,73.95400000,74.29100000,72.27400000,72.33000000,1973.50400000
2021-04-16,72.32700000,75.92800000,72.32700000,73.60000000,4739.86800000
2021-04-16,73.60000000,74.47600000,73.60000000,73.82000000,899.41400000
2021-04-16,73.95900000,73.96800000,71.92700000,72.09200000,1589.66700000
2021-04-16,72.04200000,72.86800000,71.68500000,72.52900000,1812.48200000
2021-04-16,72.27600000,74.89500000,71.68500000,74.58200000,3127.18800000
2021-04-16,74.42800000,75.00000000,73.04300000,74.99200000,2134.65600000
2021-04-16,74.58400000,76.24000000,74.19900000,74.88600000,3638.06500000
2021-04-16,74.86900000,75.22400000,72.88100000,73.03100000,1474.91800000
2021-04-16,72.98600000,74.14100000,72.71300000,72.71300000,1430.70800000
2021-04-16,72.71300000,74.11000000,71.97700000,73.85500000,2725.46500000
2021-04-16,73.67700000,75.13400000,72.70000000,72.84600000,2591.58900000
2021-04-16,72.93100000,73.02100000,71.50000000,72.20200000,1648.08800000
2021-04-16,71.97300000,73.12100000,71.40200000,72.53800000,1987.35000000
2021-04-16,72.53800000,72.97100000,72.19300000,72.45300000,1304.05000000
2021-04-17,72.49300000,72.89300000,72.28600000,72.55300000,889.46400000
2021-04-17,72.60200000,73.10900000,72.10700000,72.34200000,1015.13400000
2021-04-17,72.44000000,73.13500000,72.09900000,72.80300000,1050.30200000
2021-04-17,72.69700000,73.28800000,72.42600000,72.94500000,1226.38900000
2021-04-17,72.91900000,73.53900000,72.51900000,73.26200000,691.77100000
2021-04-17,73.43200000,74.56300000,72.91900000,73.96800000,1347.34400000
2021-04-17,73.92800000,73.97400000,72.73700000,72.95800000,587.89500000
2021-04-17,72.95800000,74.35000000,72.72200000,74.21100000,875.50900000
2021-04-17,74.25100000,74.88700000,73.91300000,74.73500000,1007.74400000
2021-04-17,74.78300000,74.90000000,73.86800000,74.45600000,904.50900000
2021-04-17,74.36700000,74.72200000,73.61100000,74.33500000,962.20200000
2021-04-17,74.33500000,74.94000000,73.78300000,74.00700000,1245.88800000
2021-04-17,74.24400000,74.79000000,73.50000000,74.55100000,1329.91100000
2021-04-17,74.65800000,75.00000000,74.29000000,74.34600000,1452.14600000
2021-04-17,74.49300000,75.00000000,74.12000000,74.28100000,883.93700000
2021-04-17,74.29900000,74.94100000,74.23000000,74.47900000,1116.45100000
2021-04-17,74.39900000,75.17300000,74.09900000,75.00600000,2114.86800000
2021-04-17,75.16000000,75.49000000,75.00000000,75.43300000,3205.76500000
2021-04-17,75.43300000,82.94000000,75.16400000,81.54100000,21583.49200000
2021-04-17,81.64800000,82.48700000,77.77700000,80.85100000,10660.61900000
2021-04-17,80.63300000,84.74100000,79.29300000,82.30100000,9153.58500000
2021-04-17,82.16000000,85.80200000,81.31300000,85.61500000,16099.68100000
2021-04-17,85.62500000,88.75900000,83.26700000,84.15900000,23654.78700000
2021-04-17,83.92500000,86.65200000,78.18900000,79.35900000,11875.10500000
2021-04-18,79.73900000,80.20800000,77.77700000,79.91300000,4256.82400000
2021-04-18,80.15900000,83.14800000,79.63000000,80.40200000,4754.61600000
2021-04-18,80.39500000,82.78000000,79.56900000,80.85100000,2075.95300000
2021-04-18,81.03100000,87.71900000,80.98200000,83.81500000,9649.38800000
2021-04-18,84.09200000,84.86600000,82.41500000,83.77000000,4634.59600000
2021-04-18,83.74400000,84.26800000,81.96400000,83.21300000,2888.41300000
2021-04-18,83.04900000,85.17100000,81.70100000,85.14300000,3143.92000000
2021-04-18,85.16800000,92.75000000,85.00000000,88.79900000,29544.03400000
2021-04-18,88.62400000,88.76100000,80.74300000,81.09200000,26756.47100000
2021-04-18,81.10500000,81.31600000,77.15700000,79.89600000,23479.30900000
2021-04-18,79.77300000,80.79400000,77.80000000,78.02100000,6930.29000000
2021-04-18,78.02000000,78.77000000,65.99000000,71.60600000,14057.65200000
2021-04-18,71.73800000,78.54700000,68.10700000,73.67900000,10560.22600000
2021-04-18,73.60700000,76.09400000,71.12400000,71.64700000,7902.18500000
2021-04-18,71.46400000,72.09300000,70.40000000,71.51400000,3775.51800000
2021-04-18,71.51500000,74.90000000,70.87100000,72.73200000,6720.71400000
2021-04-18,72.64200000,72.90100000,68.37800000,68.80100000,6569.22700000
2021-04-18,68.99600000,69.87200000,67.46400000,69.34800000,5349.16600000
2021-04-18,69.45200000,72.12000000,68.89300000,71.05500000,7512.57100000
2021-04-18,71.05500000,72.18400000,67.28000000,67.29700000,3634.50100000
2021-04-18,67.29700000,71.66200000,67.26000000,71.43500000,3094.89800000
2021-04-18,71.43900000,72.28000000,70.88600000,71.70700000,2009.95900000
2021-04-18,71.74800000,75.00000000,71.74800000,73.83200000,4214.92900000
2021-04-18,73.90700000,76.20800000,73.75400000,75.83000000,6008.87600000
2021-04-19,75.80200000,77.56500000,75.06400000,76.84600000,3970.57600000
2021-04-19,76.64700000,77.06200000,74.00500000,74.34400000,2220.75000000
2021-04-19,74.18300000,76.99000000,74.13000000,75.51500000,1574.86000000
2021-04-19,75.72600000,75.74300000,74.20400000,75.14200000,1711.35800000
2021-04-19,75.40000000,75.60000000,74.35700000,75.36800000,998.86400000
2021-04-19,75.39800000,75.39800000,73.57900000,74.28500000,1819.63200000
2021-04-19,74.23600000,74.89800000,73.94700000,74.30200000,819.03500000
2021-04-19,74.25100000,74.74900000,73.02500000,73.38300000,1435.72500000
2021-04-19,73.46500000,76.99000000,71.97700000,75.62200000,5880.56400000
2021-04-19,75.58300000,80.45000000,75.17800000,78.63300000,10121.37300000
2021-04-19,78.65800000,79.99900000,77.58200000,78.04800000,2498.42500000
2021-04-19,77.91300000,77.99900000,76.90700000,76.90700000,1483.67400000
2021-04-19,77.13400000,78.15200000,76.50000000,77.56600000,1669.17700000
2021-04-19,77.37200000,77.56400000,75.88200000,77.17700000,2186.32700000
2021-04-19,77.00300000,81.12000000,76.97900000,78.63200000,8742.17400000
2021-04-19,78.45500000,78.77500000,77.37700000,77.42200000,1487.02100000
2021-04-19,77.48300000,78.08900000,75.76100000,75.76100000,4015.02000000
2021-04-19,75.83900000,76.80800000,74.40600000,74.81800000,3296.58500000
2021-04-19,74.80300000,74.95200000,72.95800000,74.50600000,2852.59100000
2021-04-19,74.68200000,75.18200000,74.06000000,74.90900000,1439.32300000
2021-04-19,75.18100000,76.64400000,74.50200000,75.54100000,5071.73800000
2021-04-19,75.62500000,76.00900000,73.40000000,74.54300000,5210.92200000
2021-04-19,74.49200000,74.58600000,69.00000000,72.49600000,7759.48400000
2021-04-19,72.27100000,72.27100000,69.11400000,69.44500000,4340.59000000
2021-04-20,69.49200000,71.60700000,69.22400000,70.24300000,2026.78200000
2021-04-20,70.52600000,73.12900000,70.18500000,73.12900000,2603.76800000
2021-04-20,72.92700000,74.02100000,72.67100000,73.77000000,2627.45600000
2021-04-20,73.77000000,74.49000000,73.42000000,73.92300000,681.42600000
2021-04-20,73.82500000,75.01700000,73.46200000,74.93300000,1542.76100000
2021-04-20,74.93300000,80.95100000,74.85900000,78.71600000,6373.16500000
2021-04-20,78.64800000,80.00000000,76.95900000,78.21200000,3262.94500000
2021-04-20,78.21200000,85.00000000,75.90000000,84.57900000,12745.88800000
2021-04-20,84.90400000,86.85900000,74.98400000,77.93200000,16657.18800000
2021-04-20,77.92800000,79.80900000,71.21100000,72.87900000,9581.35900000
2021-04-20,72.50000000,77.72000000,70.28400000,76.49500000,7346.63600000
2021-04-20,76.30500000,80.00000000,74.93700000,78.17000000,8087.16300000
2021-04-20,77.79600000,78.41300000,72.10900000,72.35400000,3373.78000000
2021-04-20,72.44700000,73.51800000,70.70400000,71.98800000,2732.62500000
2021-04-20,72.05800000,77.84500000,71.02300000,76.05100000,4900.53200000
2021-04-20,75.74400000,81.89500000,75.64800000,78.99200000,9863.70200000
2021-04-20,78.88300000,83.00000000,78.88300000,80.19900000,7712.65700000
2021-04-20,80.20200000,81.14600000,78.40300000,78.77100000,6262.70000000
2021-04-20,78.77700000,78.97300000,77.13500000,77.93200000,2857.36900000
2021-04-20,77.94800000,78.24300000,76.83800000,77.69000000,7704.92000000
2021-04-20,77.94500000,78.36700000,75.92000000,77.14500000,4186.80700000
2021-04-20,77.32300000,82.43700000,77.19500000,78.55400000,17075.22500000
2021-04-21,78.38100000,82.21200000,78.38100000,80.77900000,8752.31400000
2021-04-21,80.90200000,81.86000000,79.40100000,80.11100000,3340.72100000
2021-04-21,80.26300000,80.29600000,78.65000000,78.65000000,1438.68400000
2021-04-21,78.82800000,81.51400000,78.82800000,81.08100000,3382.96600000
2021-04-21,81.08100000,81.11800000,78.70300000,79.00900000,1864.07100000
2021-04-21,78.74300000,79.20300000,77.40900000,78.57200000,3013.92700000
2021-04-21,78.60500000,79.25500000,78.24700000,78.68700000,1004.99100000
2021-04-21,78.55500000,78.87900000,77.87900000,78.52000000,697.84100000
2021-04-21,78.40900000,79.20300000,76.05000000,76.30100000,3757.85600000
2021-04-21,76.29900000,76.87200000,75.32100000,75.43200000,2963.06500000
2021-04-21,75.58700000,76.64000000,75.40700000,75.87800000,1839.79500000
2021-04-21,76.09500000,76.48000000,74.72000000,74.72000000,1153.50600000
2021-04-21,74.70000000,76.04000000,73.87500000,75.93800000,2265.84200000
2021-04-21,75.87200000,76.30000000,74.81700000,75.32000000,1736.37900000
2021-04-21,75.30400000,76.29600000,75.09600000,76.01800000,715.89500000
2021-04-21,76.04300000,77.48300000,75.55400000,75.80800000,5126.15500000
2021-04-21,76.03400000,76.47000000,74.38000000,76.16900000,1488.11100000
2021-04-21,76.03200000,76.54300000,75.00100000,75.59500000,862.94600000
2021-04-21,75.59500000,75.59500000,73.90000000,74.23100000,1614.44500000
2021-04-21,73.90200000,74.60500000,73.11600000,73.97400000,2239.75600000
2021-04-21,74.29000000,76.66200000,73.97400000,76.58100000,2069.86000000
2021-04-21,76.59900000,77.88400000,76.00100000,77.20300000,2453.68300000
2021-04-21,77.03700000,77.64400000,75.77200000,77.31900000,1386.70400000
2021-04-21,77.31800000,77.61200000,76.27900000,76.94100000,975.44500000
2021-04-22,77.23300000,77.49700000,76.33400000,76.50000000,770.66000000
2021-04-22,76.50000000,77.00000000,76.14800000,76.46600000,416.55700000
2021-04-22,76.62200000,76.74900000,74.88900000,76.56100000,1840.44900000
2021-04-22,76.77400000,76.77400000,74.48100000,74.97900000,2921.23900000
2021-04-22,74.98000000,75.09300000,74.38800000,75.09000000,1480.42100000
2021-04-22,75.07100000,76.99700000,73.75400000,73.75500000,2801.44900000
2021-04-22,73.81000000,74.68500000,72.17900000,72.26800000,2568.97700000
2021-04-22,72.26300000,73.17400000,70.50200000,70.53000000,2332.39400000
2021-04-22,70.68600000,72.52900000,69.47300000,72.21800000,2423.97500000
2021-04-22,72.12500000,73.35000000,70.99200000,71.18600000,1889.52900000
2021-04-22,71.16400000,72.08000000,69.31700000,71.91500000,2231.66800000
2021-04-22,72.02700000,72.26800000,69.89200000,70.51100000,903.42900000
2021-04-22,70.74500000,71.65500000,70.14900000,71.20400000,814.88200000
2021-04-22,71.29000000,72.35300000,70.45000000,72.07900000,747.45900000
2021-04-22,72.05900000,74.28100000,71.38100000,72.40300000,3987.82600000
2021-04-22,72.33400000,72.57200000,71.01600000,71.02400000,1041.19300000
2021-04-22,71.13700000,72.08300000,69.94600000,70.65900000,1671.62300000
2021-04-22,70.65800000,72.47200000,69.34400000,72.30600000,1052.41300000
2021-04-22,72.09200000,72.75400000,70.92200000,70.92200000,1137.07000000
2021-04-22,70.90100000,72.36000000,70.86800000,72.36000000,3574.17400000
2021-04-22,72.35800000,72.71800000,71.99100000,72.36100000,1359.14100000
2021-04-22,72.49500000,73.66000000,71.58700000,73.17200000,1201.61500000
2021-04-22,72.96700000,75.49000000,72.59900000,73.77100000,1524.46600000
2021-04-22,73.71500000,74.46200000,73.60000000,73.66500000,370.57400000
2021-04-23,73.87000000,73.87100000,72.59800000,72.97200000,2379.10400000
2021-04-23,72.73100000,72.98100000,71.53700000,71.84800000,2560.27900000
2021-04-23,71.89400000,71.90200000,69.51400000,70.01300000,1538.43700000
2021-04-23,70.01300000,70.01300000,66.34900000,68.01200000,6865.55100000
2021-04-23,68.01100000,68.14400000,66.00000000,66.36400000,3204.42000000
2021-04-23,66.28000000,66.64900000,64.18000000,66.37300000,4423.54300000
2021-04-23,66.05800000,67.12000000,65.85000000,66.03000000,987.45300000
2021-04-23,65.93500000,67.05900000,65.85400000,66.00000000,1537.29900000
2021-04-23,66.07500000,67.05900000,65.22000000,65.77500000,2836.57200000
2021-04-23,66.38300000,66.86500000,63.35600000,64.00000000,4040.92500000
2021-04-23,63.94700000,64.00500000,59.00000000,60.11800000,7176.79000000
2021-04-23,60.11700000,62.50000000,59.55000000,61.85700000,1738.08100000
2021-04-23,61.66800000,62.10500000,59.00000000,59.00000000,3019.97300000
2021-04-23,59.25600000,60.28100000,57.71500000,59.49900000,2480.72200000
2021-04-23,59.37700000,59.82700000,57.62400000,58.12700000,1574.51700000
2021-04-23,58.33500000,59.00000000,56.61400000,57.08100000,3282.03100000
2021-04-23,57.10200000,59.08300000,56.22800000,57.89300000,4144.23600000
2021-04-23,57.80900000,58.56700000,56.44600000,57.77600000,2141.66900000
2021-04-23,57.67400000,61.16500000,57.62200000,61.05000000,2631.42300000
2021-04-23,61.04500000,62.04500000,60.19700000,62.04400000,1805.88400000
2021-04-23,61.82600000,62.04600000,58.50000000,58.69300000,2142.82100000
2021-04-23,58.57600000,60.24300000,58.43000000,60.17000000,1883.61900000
2021-04-23,60.17000000,61.98500000,59.11600000,61.63400000,2058.95800000
2021-04-23,61.58200000,62.17400000,60.31800000,61.96500000,1257.08700000
2021-04-24,62.00200000,62.30200000,60.01100000,61.90500000,1738.67400000
2021-04-24,61.99300000,61.99300000,59.22700000,60.17900000,7275.89900000
2021-04-24,60.22800000,61.39600000,59.28900000,61.28200000,1378.08400000
2021-04-24,61.28300000,62.30200000,60.57700000,62.20300000,1464.37000000
2021-04-24,62.17500000,62.98500000,61.48500000,61.56900000,1676.97500000
2021-04-24,61.56100000,62.88400000,60.92800000,61.08100000,807.25800000
2021-04-24,61.08100000,61.63500000,60.71900000,60.78200000,376.02900000
2021-04-24,60.77900000,62.70900000,60.67600000,62.50900000,1001.38600000
2021-04-24,62.73500000,62.77800000,59.82700000,59.97000000,1699.09900000
2021-04-24,60.11000000,61.43300000,59.29700000,60.94600000,3344.20700000
2021-04-24,60.75700000,61.85000000,59.87400000,61.51500000,937.13500000
2021-04-24,61.51900000,62.29300000,61.16200000,61.16200000,707.46900000
2021-04-24,61.27900000,61.98600000,60.37400000,61.81200000,944.20000000
2021-04-24,61.92900000,63.27000000,61.86600000,62.80600000,1460.20100000
2021-04-24,62.80600000,63.84300000,62.29000000,62.91000000,1030.54200000
2021-04-24,62.91000000,63.91600000,62.40000000,63.27700000,2330.74400000
2021-04-24,63.27700000,64.66200000,63.11500000,64.42400000,1990.88200000
2021-04-24,64.34500000,64.66100000,61.85000000,62.08000000,3334.72700000
2021-04-24,61.99500000,61.99500000,59.76800000,59.77200000,2163.41200000
2021-04-24,59.73600000,60.37400000,58.41100000,58.78900000,1893.46400000
2021-04-24,58.80400000,60.07300000,58.66400000,59.98600000,590.24300000
2021-04-24,59.89800000,60.39900000,59.26400000,59.97100000,370.23500000
2021-04-24,59.83200000,59.83200000,58.48700000,58.81200000,757.00800000
2021-04-24,58.69400000,60.08800000,57.65500000,60.07300000,1505.87200000
2021-04-25,59.89400000,59.95800000,58.95500000,59.03600000,389.32800000
2021-04-25,59.19900000,59.45100000,58.47300000,58.80500000,414.37600000
2021-04-25,58.81000000,59.07000000,58.63800000,58.79300000,714.05800000
2021-04-25,58.96500000,59.00000000,58.50500000,58.54200000,410.36100000
2021-04-25,58.44400000,59.00000000,57.88800000,58.75000000,735.75800000
2021-04-25,58.71900000,58.86900000,58.04000000,58.19300000,433.61000000
2021-04-25,58.19300000,58.49700000,57.66100000,57.66100000,308.88800000
2021-04-25,57.62900000,58.67300000,57.30000000,57.55500000,1526.34000000
2021-04-25,57.63800000,58.43200000,57.07100000,57.17100000,982.30500000
2021-04-25,57.19700000,58.15200000,57.14600000,57.37500000,641.92900000
2021-04-25,57.47400000,58.00900000,56.51000000,57.32800000,5997.32600000
2021-04-25,57.26500000,57.98200000,56.73700000,57.22800000,1599.31800000
2021-04-25,57.22800000,57.22800000,57.22800000,57.22800000,0.00000000
2021-04-25,56.89100000,57.85100000,56.89100000,57.35700000,269.11000000
2021-04-25,57.48600000,57.72500000,56.79500000,57.25200000,1087.13000000
2021-04-25,57.21700000,58.37800000,56.71900000,57.64700000,1684.30200000
2021-04-25,57.77200000,59.00000000,57.41600000,58.52400000,1097.51800000
2021-04-25,58.51400000,59.00000000,58.23000000,58.65000000,845.46800000
2021-04-25,58.73800000,58.93700000,58.29600000,58.54600000,1007.94900000
2021-04-25,58.54600000,61.70800000,57.96100000,61.53800000,3535.19400000
2021-04-25,61.70000000,62.79600000,59.97000000,60.32200000,4367.30600000
2021-04-26,60.32000000,61.45600000,59.66900000,61.45600000,1758.46200000
2021-04-26,61.41900000,61.41900000,58.81600000,59.30000000,1709.18500000
2021-04-26,59.30200000,59.52400000,57.78900000,58.03600000,2977.16700000
2021-04-26,57.87900000,58.55200000,57.45200000,57.68200000,1920.46000000
2021-04-26,57.81900000,57.81900000,55.11500000,55.11800000,4322.27300000
2021-04-26,55.34700000,55.58200000,52.84500000,53.01300000,4399.39800000
2021-04-26,53.14400000,55.21800000,53.14400000,55.09700000,1296.19600000
2021-04-26,55.03400000,55.89900000,54.62600000,55.36300000,1083.69100000
2021-04-26,55.31700000,59.39900000,55.30800000,59.06600000,2107.86100000
2021-04-26,59.21900000,60.27200000,58.48400000,59.30700000,1208.06100000
2021-04-26,59.30700000,61.20000000,58.70400000,60.96200000,2465.83600000
2021-04-26,61.13000000,63.40000000,61.09300000,61.81500000,3759.16100000
2021-04-26,61.81500000,62.29500000,60.75000000,61.21000000,1395.78900000
2021-04-26,61.46200000,62.67800000,61.26400000,62.54100000,1089.49300000
2021-04-26,62.48800000,63.62100000,62.11900000,63.31800000,1548.76400000
2021-04-26,63.11800000,63.41700000,61.46600000,62.66900000,1123.57100000
2021-04-26,62.60400000,62.78600000,61.72200000,62.39100000,480.04500000
2021-04-26,62.23900000,63.23700000,61.56500000,63.02300000,957.04700000
2021-04-26,63.14400000,63.39500000,62.41900000,62.70000000,445.27300000
2021-04-26,62.91500000,64.59100000,62.81700000,63.90400000,1878.90700000
2021-04-26,63.96000000,64.71800000,63.81300000,64.42700000,1195.30300000
2021-04-26,64.42000000,64.46700000,62.20000000,62.27600000,2807.09000000
2021-04-26,62.27600000,62.90800000,61.99100000,62.52000000,1160.73400000
2021-04-26,62.52700000,63.14000000,61.79400000,62.51500000,1301.58900000
2021-04-27,62.50000000,62.51200000,60.79700000,61.21400000,1278.45600000
2021-04-27,61.21400000,63.09600000,61.21400000,63.01500000,1032.18800000
2021-04-27,62.85200000,64.51500000,62.73100000,64.51500000,1924.11100000
2021-04-27,64.46900000,64.73000000,63.57300000,63.93100000,984.19700000
2021-04-27,63.82700000,64.61200000,63.55000000,63.69400000,1064.45300000
2021-04-27,63.64400000,63.85800000,61.53700000,62.38300000,1183.21900000
2021-04-27,62.38200000,63.88900000,62.22200000,63.86700000,711.04300000
2021-04-27,63.84200000,64.00000000,62.59400000,63.92300000,1119.13900000
2021-04-27,63.73300000,64.20400000,63.07200000,63.50600000,831.03500000
2021-04-27,63.52600000,64.51700000,63.52400000,64.51700000,500.47200000
2021-04-27,64.37500000,64.79800000,64.15200000,64.56800000,599.45300000
2021-04-27,64.56800000,64.73200000,63.55800000,64.39800000,622.47100000
2021-04-27,64.21900000,64.79900000,63.54600000,64.71900000,1274.09700000
2021-04-27,64.75300000,66.48400000,64.25100000,66.12800000,3623.36400000
2021-04-27,66.15600000,67.14900000,65.83000000,67.14900000,1585.31900000
2021-04-27,67.14900000,67.30000000,66.38200000,66.61300000,798.14500000
2021-04-27,66.57900000,67.78200000,66.23900000,67.41600000,1090.91700000
2021-04-27,67.42300000,67.92400000,66.98300000,67.14500000,1007.34600000
2021-04-27,67.14200000,68.00000000,66.89000000,67.85200000,698.75100000
2021-04-27,67.92700000,68.32600000,67.10400000,67.77100000,1045.96800000
2021-04-27,67.61700000,68.88000000,67.41900000,68.64900000,1800.83100000
2021-04-27,68.50100000,69.00000000,67.75400000,68.62200000,1467.55400000
2021-04-27,68.53000000,69.02800000,66.15900000,68.24600000,4636.89900000
2021-04-27,68.24600000,68.50000000,66.66500000,67.94000000,962.20100000
2021-04-28,68.10200000,69.31600000,67.25200000,67.90900000,2820.65100000
2021-04-28,67.90800000,69.11500000,66.93500000,67.65600000,2865.22700000
2021-04-28,67.77400000,68.48600000,67.00100000,67.95500000,1059.77900000
2021-04-28,68.22000000,68.36600000,66.35100000,67.87900000,1219.59800000
2021-04-28,68.10600000,68.44300000,67.73300000,68.15300000,398.94100000
2021-04-28,68.38400000,68.47200000,68.00100000,68.04600000,191.92700000
2021-04-28,68.25500000,68.40000000,67.01100000,67.44400000,818.88100000
2021-04-28,67.39100000,68.11500000,67.14500000,67.40200000,839.41700000
2021-04-28,67.49700000,68.60200000,67.14900000,68.51600000,831.94800000
2021-04-28,68.51600000,69.15000000,67.84300000,68.97800000,554.70800000
2021-04-28,68.83500000,69.07500000,67.89300000,68.54800000,735.78800000
2021-04-28,68.10700000,68.20900000,66.32800000,66.70900000,908.27600000
2021-04-28,66.65500000,67.48200000,64.99900000,65.21300000,2669.85400000
2021-04-28,65.38800000,65.60500000,64.60500000,64.82400000,1651.20700000
2021-04-28,65.08200000,65.08200000,62.90100000,63.81600000,2410.13700000
2021-04-28,63.74600000,65.28900000,63.73400000,64.90900000,1451.11900000
2021-04-28,64.98500000,65.31300000,63.00900000,63.43800000,5137.39200000
2021-04-28,63.66400000,64.04900000,62.34700000,63.20600000,2394.31100000
2021-04-28,63.20700000,64.12600000,62.70400000,64.07800000,1693.23900000
2021-04-28,64.07800000,65.15800000,63.88300000,64.61700000,1492.82300000
2021-04-28,64.53000000,65.55700000,64.00000000,65.18900000,1476.20000000
2021-04-28,65.33100000,65.95000000,64.00000000,65.63500000,1704.60700000
2021-04-28,65.77700000,65.98700000,64.84000000,65.06000000,775.00400000
2021-04-28,65.24000000,66.06200000,64.06000000,65.31000000,1012.38500000
2021-04-29,65.38800000,66.48000000,65.29400000,65.71800000,1655.33400000
2021-04-29,65.84100000,66.57100000,65.73800000,66.19600000,395.25300000
2021-04-29,66.00100000,66.75100000,65.54200000,65.79800000,649.33200000
2021-04-29,65.88800000,66.37800000,65.56500000,66.20100000,286.88000000
2021-04-29,66.36800000,66.91700000,65.00000000,65.11600000,1468.94700000
2021-04-29,65.11600000,65.55400000,64.77700000,65.55400000,372.97100000
2021-04-29,65.57600000,65.80000000,64.61500000,65.38500000,900.43700000
2021-04-29,65.46800000,65.75300000,65.41700000,65.68800000,187.10500000
2021-04-29,65.68800000,66.29600000,64.22300000,64.74400000,2129.18900000
2021-04-29,64.77700000,65.78300000,64.21000000,65.61000000,1539.19300000
2021-04-29,65.70800000,66.29600000,64.86300000,65.40600000,323.79900000
2021-04-29,65.48600000,65.64300000,64.62200000,64.62200000,211.51300000
2021-04-29,64.59200000,64.72200000,63.47600000,63.47600000,722.68100000
2021-04-29,63.47600000,64.47800000,63.46000000,64.15700000,649.53700000
2021-04-29,64.30200000,65.46800000,64.09400000,65.24900000,636.40800000
2021-04-29,65.15300000,65.53000000,64.42300000,65.53000000,1349.26700000
2021-04-29,65.48700000,65.53900000,64.64400000,65.15800000,540.02400000
2021-04-29,65.15800000,66.31000000,64.62700000,66.29600000,756.28600000
2021-04-29,66.30800000,66.68300000,65.17900000,66.04000000,1863.76800000
2021-04-29,65.98700000,66.16000000,64.36600000,65.24500000,1903.34900000
2021-04-29,65.12800000,66.23700000,64.78400000,65.16500000,2267.56400000
2021-04-29,65.18900000,65.44500000,63.76200000,65.21000000,2895.19200000
2021-04-29,64.96300000,65.71000000,64.40000000,64.54600000,2240.85600000
2021-04-29,64.63800000,65.34600000,63.43800000,64.32100000,1784.37300000
2021-04-30,64.21400000,64.91900000,62.21000000,62.94300000,1369.39200000
2021-04-30,63.00500000,63.19700000,61.93800000,62.00000000,3783.15100000
2021-04-30,62.00000000,62.96700000,61.23300000,62.58900000,1793.35000000
2021-04-30,62.71300000,63.69300000,61.93100000,63.44500000,1333.31600000
2021-04-30,63.47500000,64.17700000,62.38100000,63.22500000,1609.02500000
2021-04-30,63.12900000,64.00000000,62.61500000,63.06500000,2904.38200000
2021-04-30,63.14200000,63.19900000,62.63900000,62.97600000,1149.80000000
2021-04-30,63.12800000,64.38000000,63.00100000,64.34500000,1419.25500000
2021-04-30,64.19700000,64.71800000,63.49700000,63.99700000,1750.01500000
2021-04-30,63.99700000,64.67300000,63.59900000,64.33100000,1347.28000000
2021-04-30,64.15500000,64.73000000,63.59900000,64.41800000,2410.46000000
2021-04-30,64.36100000,66.64700000,64.10300000,66.44900000,4586.25400000
2021-04-30,66.46600000,68.98000000,66.26800000,68.98000000,8774.44800000
2021-04-30,68.96000000,70.00000000,67.08400000,67.71000000,5750.64300000
2021-04-30,67.69700000,68.27700000,67.23700000,67.75900000,1766.89400000
2021-04-30,67.75900000,68.01000000,67.05600000,67.70000000,1703.86900000
2021-04-30,67.65200000,69.15700000,67.37500000,68.99800000,3764.10300000
2021-04-30,68.85900000,69.31700000,67.81300000,68.28300000,2718.08000000
2021-04-30,68.30800000,69.19500000,67.88900000,68.23800000,2601.48000000
2021-04-30,68.30400000,69.55400000,67.60400000,68.13800000,4025.62300000
2021-04-30,68.21800000,70.67300000,68.21800000,68.74000000,6470.42800000
2021-04-30,68.98700000,71.27100000,68.67100000,69.63200000,3420.14400000
2021-04-30,69.72300000,69.88100000,68.48600000,68.55800000,2113.75300000
2021-04-30,68.72100000,69.87500000,68.49600000,68.95800000,1914.63900000
2021-05-01,68.97400000,69.38900000,68.18400000,68.49000000,1522.93700000
2021-05-01,68.49100000,70.28200000,68.20500000,69.86400000,3821.54800000
2021-05-01,69.86400000,70.10200000,69.18700000,69.48800000,1679.33000000
2021-05-01,69.65400000,70.23000000,69.45900000,69.93800000,772.21900000
2021-05-01,69.93100000,69.93100000,68.55300000,69.08400000,1505.79800000
2021-05-01,69.00100000,69.18100000,68.22200000,68.44500000,726.95800000
2021-05-01,68.39400000,70.63300000,68.16100000,69.11900000,2008.06000000
2021-05-01,69.16000000,71.50000000,69.15900000,69.67700000,1467.14200000
2021-05-01,69.52300000,72.40900000,68.53400000,69.02500000,12654.82500000
2021-05-01,69.04400000,69.73800000,68.27400000,69.14600000,2567.34000000
2021-05-01,69.28300000,69.53800000,68.48000000,68.52800000,1657.32300000
2021-05-01,68.52800000,69.04900000,68.10000000,68.48900000,1729.59300000
2021-05-01,68.57500000,68.91400000,68.00000000,68.60500000,3731.08200000
2021-05-01,68.56000000,69.10100000,68.08100000,68.48100000,998.10700000
2021-05-01,68.42700000,68.78800000,68.03500000,68.23900000,1554.36600000
2021-05-01,68.24500000,68.65200000,67.80000000,68.24500000,2917.59100000
2021-05-01,68.32000000,68.74500000,67.50100000,68.28400000,2554.89900000
2021-05-01,68.19100000,69.19900000,67.28200000,68.33000000,1049.61500000
2021-05-01,68.31400000,68.73500000,67.94500000,68.27600000,765.65300000
2021-05-01,68.17000000,68.76200000,68.07600000,68.68500000,699.69700000
2021-05-01,68.63000000,68.93300000,68.05300000,68.41300000,951.54100000
2021-05-01,68.52700000,69.78200000,67.97000000,68.42200000,2456.32700000
2021-05-01,68.37500000,68.48200000,67.19700000,67.25000000,1948.03400000
2021-05-01,67.32200000,67.67000000,66.75100000,67.38000000,1428.66600000
2021-05-02,67.44300000,67.75200000,67.25200000,67.66400000,540.01400000
2021-05-02,67.64000000,68.30800000,67.64000000,68.25800000,566.12900000
2021-05-02,68.25800000,68.35500000,67.28100000,67.72000000,1717.38100000
2021-05-02,67.72000000,68.16000000,67.25100000,67.56300000,1492.32000000
2021-05-02,67.64800000,68.83800000,67.50000000,68.49600000,902.82300000
2021-05-02,68.37300000,68.73000000,68.26400000,68.34400000,530.30600000
2021-05-02,68.37100000,68.90000000,67.99200000,68.31600000,1160.88400000
2021-05-02,68.28400000,68.78200000,68.00000000,68.64900000,907.29900000
2021-05-02,68.57800000,68.69000000,67.60600000,67.60600000,1012.18700000
2021-05-02,67.60700000,68.03600000,67.48100000,67.68100000,486.84000000
2021-05-02,67.75200000,68.13300000,67.54000000,67.77100000,344.53500000
2021-05-02,67.82000000,67.87000000,66.70000000,66.84400000,656.62100000
2021-05-02,66.72500000,66.90400000,65.10000000,66.32200000,2339.96700000
2021-05-02,66.30700000,66.38700000,65.36200000,66.06600000,749.25300000
2021-05-02,66.12000000,66.77700000,65.80300000,66.53000000,1033.09100000
2021-05-02,66.52000000,66.76800000,66.09000000,66.44300000,674.90300000
2021-05-02,66.61900000,66.85600000,65.10100000,65.61600000,1596.65400000
2021-05-02,65.66200000,66.00000000,65.41300000,65.99100000,488.21900000
2021-05-02,66.01600000,66.94700000,65.87900000,66.79600000,1556.05300000
2021-05-02,66.79600000,67.02800000,66.20300000,66.98100000,533.51000000
2021-05-02,66.98100000,67.17600000,66.38400000,66.68500000,486.77900000
2021-05-02,66.81900000,67.18000000,66.17900000,66.88500000,704.22700000
2021-05-02,66.78000000,66.98100000,66.22100000,66.69400000,858.58000000
2021-05-02,66.61500000,66.90400000,66.43400000,66.65200000,469.37800000
2021-05-03,66.65100000,67.15600000,66.09400000,66.73200000,1149.19800000
2021-05-03,66.56000000,67.18300000,66.31700000,66.90800000,2548.15400000
2021-05-03,66.80900000,66.90800000,65.90900000,66.50700000,4540.13200000
2021-05-03,66.53800000,66.53800000,66.22000000,66.45400000,277.13100000
2021-05-03,66.33400000,66.45000000,65.92700000,66.44200000,1103.21400000
2021-05-03,66.33600000,66.53200000,66.03700000,66.03700000,1419.95200000
2021-05-03,66.21100000,66.67400000,65.56000000,66.07200000,1312.18500000
2021-05-03,66.22600000,66.50000000,65.97700000,66.36100000,732.91400000
2021-05-03,66.19800000,67.29400000,65.31000000,66.79900000,3095.55900000
2021-05-03,66.80300000,68.00000000,66.80300000,67.70300000,1578.67700000
2021-05-03,67.83600000,68.55700000,67.51000000,68.08400000,2294.52200000
2021-05-03,68.15400000,68.40800000,67.57000000,67.85800000,716.37800000
2021-05-03,67.93000000,68.16400000,67.24100000,68.00100000,1810.10000000
2021-05-03,68.07300000,69.01900000,68.00700000,68.84200000,2434.03200000
2021-05-03,68.74500000,70.70000000,68.41000000,69.96600000,5004.14100000
2021-05-03,69.91700000,73.06400000,69.79700000,72.40800000,10687.62200000
2021-05-03,72.50400000,73.19500000,70.23300000,70.73600000,5706.95600000
2021-05-03,70.77800000,70.95700000,69.60000000,70.22400000,2293.32900000
2021-05-03,70.12000000,70.18800000,68.76200000,69.11700000,2292.12400000
2021-05-03,69.19500000,70.20400000,68.86400000,69.29300000,1467.11200000
2021-05-03,69.28000000,70.20100000,68.76200000,69.00200000,2126.17600000
2021-05-03,69.07500000,69.07500000,67.24900000,67.41900000,2345.61200000
2021-05-03,67.56300000,68.37000000,67.26200000,68.07900000,1267.79000000
2021-05-03,68.04900000,70.88500000,68.04900000,70.01100000,4392.31200000
2021-05-04,70.01100000,71.22200000,69.44200000,70.75200000,2661.53300000
2021-05-04,70.72000000,78.46400000,70.56400000,73.88400000,31817.37600000
2021-05-04,73.88400000,75.24500000,72.30000000,72.45500000,4855.82400000
2021-05-04,72.33200000,73.60400000,72.33100000,73.05200000,2184.94000000
2021-05-04,72.93700000,75.06000000,71.89100000,72.13600000,4805.37000000
2021-05-04,72.00100000,72.38800000,70.15000000,70.49100000,3383.36600000
2021-05-04,70.60000000,71.71600000,70.27200000,71.42700000,2004.34000000
2021-05-04,71.42700000,72.30700000,71.00000000,71.88900000,2184.87800000
2021-05-04,71.90500000,71.91100000,68.11600000,68.43900000,4145.72900000
2021-05-04,68.23100000,69.99100000,66.76300000,69.06700000,5837.05600000
2021-05-04,69.21200000,69.80900000,68.36500000,68.56600000,1148.87800000
2021-05-04,68.63400000,68.93200000,67.30000000,67.54200000,2393.59300000
2021-05-04,67.59800000,69.12200000,67.36800000,68.63900000,2110.81000000
2021-05-04,68.71500000,69.54700000,68.58200000,68.97100000,793.68100000
2021-05-04,68.86000000,70.32700000,68.69500000,69.20500000,2029.90900000
2021-05-04,69.27600000,69.86000000,67.97900000,68.28000000,3046.23600000
2021-05-04,68.32800000,68.51000000,67.30000000,67.50100000,750.61300000
2021-05-04,67.50100000,70.94000000,67.47800000,69.96800000,5300.36500000
2021-05-04,69.79700000,72.60000000,69.66300000,70.76100000,5099.75300000
2021-05-04,70.90500000,72.60000000,70.74100000,71.93700000,2149.41100000
2021-05-04,72.04200000,72.26900000,69.93900000,70.28000000,2500.45600000
2021-05-04,70.21200000,70.82900000,69.35500000,69.87900000,3143.90100000
2021-05-04,69.97400000,69.97400000,67.30000000,67.31500000,4242.81200000
2021-05-04,67.31200000,68.44000000,67.00000000,67.17000000,3655.40000000
2021-05-05,67.10600000,67.50000000,66.67800000,67.29800000,1691.74400000
2021-05-05,67.18200000,68.37700000,66.76700000,67.80500000,2243.77600000
2021-05-05,67.93100000,68.96800000,67.47400000,68.78600000,1185.62600000
2021-05-05,68.80000000,68.99900000,67.27200000,67.62700000,2022.82400000
2021-05-05,67.63600000,68.91600000,66.80100000,68.91600000,1556.96800000
2021-05-05,68.76000000,68.93500000,67.61500000,67.67500000,954.69200000
2021-05-05,67.67500000,67.69000000,66.72500000,67.13200000,664.05200000
2021-05-05,66.98900000,67.35600000,65.14500000,65.20300000,953.35200000
2021-05-05,65.18600000,66.82400000,65.00000000,66.54500000,2274.28500000
2021-05-05,66.59300000,67.54700000,66.57700000,67.05800000,1182.36800000
2021-05-05,67.09700000,69.23000000,66.99100000,68.73200000,2885.21400000
2021-05-05,68.86100000,68.99700000,68.00000000,68.44200000,946.05000000
2021-05-05,68.44700000,69.66100000,68.39200000,69.35000000,1480.60200000
2021-05-05,69.45100000,69.71400000,68.72300000,69.42200000,1425.61200000
2021-05-05,69.42200000,69.80000000,68.05400000,68.66100000,2428.57100000
2021-05-05,68.60600000,68.72000000,63.25900000,64.30500000,42128.08200000
2021-05-05,64.17300000,65.51000000,64.15900000,65.16100000,9395.83700000
2021-05-05,65.31100000,65.84300000,64.65400000,65.54900000,2823.27500000
2021-05-05,65.55300000,66.17400000,65.39600000,66.17200000,3953.37100000
2021-05-05,66.17300000,66.17300000,65.26900000,65.47000000,1256.01900000
2021-05-05,65.47000000,66.71900000,65.33700000,66.48600000,4392.35700000
2021-05-05,66.58200000,67.06100000,66.12900000,66.94000000,3746.19400000
2021-05-05,66.94000000,67.53900000,66.19700000,67.02600000,3575.52200000
2021-05-05,67.02200000,67.99600000,66.45000000,66.54200000,3261.48500000
2021-05-06,66.63100000,67.53100000,66.43200000,67.32200000,3549.93000000
2021-05-06,67.31200000,68.39800000,67.08700000,68.19100000,2409.76700000
2021-05-06,68.19800000,68.42000000,67.41100000,67.56000000,3256.96200000
2021-05-06,67.56000000,69.01600000,67.07500000,67.62900000,4786.90500000
2021-05-06,67.52000000,68.10500000,66.80400000,67.12100000,1673.82700000
2021-05-06,67.22100000,68.69900000,66.93300000,67.44100000,2930.16000000
2021-05-06,67.62900000,68.94300000,67.42400000,68.59800000,1532.51100000
2021-05-06,68.59800000,68.66500000,67.87900000,68.34100000,1616.20000000
2021-05-06,68.37800000,69.20700000,67.32500000,67.49800000,3552.31200000
2021-05-06,67.58400000,68.66400000,66.99100000,68.42100000,2559.30700000
2021-05-06,68.46500000,69.04000000,67.71900000,68.18000000,2133.34000000
2021-05-06,68.17000000,68.93200000,67.77700000,68.73100000,1181.80600000
2021-05-06,68.70700000,69.29900000,68.40600000,68.74000000,2249.18100000
2021-05-06,68.86100000,71.24300000,68.65700000,70.65900000,7677.61800000
2021-05-06,70.57200000,71.74700000,69.58400000,69.60000000,6265.75000000
2021-05-06,69.78800000,69.78800000,68.90100000,69.46100000,1765.38100000
2021-05-06,69.44600000,71.71600000,69.40800000,71.22300000,2871.46800000
2021-05-06,71.03500000,71.99200000,70.39900000,71.22800000,2797.40000000
2021-05-06,71.18100000,71.79400000,70.44500000,70.57200000,2569.92800000
2021-05-06,70.69400000,70.80600000,69.84000000,70.22400000,2091.97400000
2021-05-06,70.29400000,70.67000000,69.74300000,69.89400000,2063.11900000
2021-05-06,69.90600000,70.65300000,69.49400000,70.39600000,2281.72500000
2021-05-06,70.39200000,70.81300000,69.38700000,69.85000000,2417.67100000
2021-05-06,69.85100000,71.65700000,69.82600000,71.41100000,3669.32500000
2021-05-07,71.28400000,71.60000000,69.84200000,71.08800000,2619.47300000
2021-05-07,71.05200000,71.23700000,69.97900000,70.61800000,2473.84500000
2021-05-07,70.63900000,71.21900000,68.51900000,68.73800000,2632.41000000
2021-05-07,68.73800000,69.02800000,68.10000000,68.90000000,1839.12300000
2021-05-07,68.69700000,68.99900000,68.10000000,68.25500000,1804.52700000
2021-05-07,68.35300000,68.95900000,68.18700000,68.95900000,907.46500000
2021-05-07,69.01000000,69.32400000,68.85900000,69.19700000,738.81700000
2021-05-07,69.04000000,69.32200000,68.60800000,68.76600000,738.40900000
2021-05-07,68.76800000,69.58100000,68.39900000,68.99900000,1776.04700000
2021-05-07,69.06000000,69.25000000,68.58700000,68.85700000,1038.07200000
2021-05-07,68.86100000,69.03500000,67.34500000,67.54100000,2309.30000000
2021-05-07,67.54700000,67.69000000,66.13300000,66.45100000,1777.00100000
2021-05-07,66.34300000,66.49500000,65.70000000,65.99900000,1246.62900000
2021-05-07,65.99900000,67.65200000,65.91800000,67.50200000,2595.06700000
2021-05-07,67.47000000,68.40800000,67.00200000,67.96700000,1490.39300000
2021-05-07,67.95800000,68.91400000,67.06200000,68.57500000,4154.92000000
2021-05-07,68.67600000,70.92200000,68.15500000,69.83300000,3761.42300000
2021-05-07,69.79900000,70.09400000,68.90400000,69.21000000,1572.64600000
2021-05-07,69.09500000,69.30100000,68.10700000,69.04100000,2270.46100000
2021-05-07,69.11400000,69.30400000,68.54900000,68.58800000,798.39900000
2021-05-07,68.52800000,70.07400000,68.19600000,69.19500000,1843.84600000
2021-05-07,69.23100000,69.89000000,69.10600000,69.69400000,821.57100000
2021-05-07,69.79900000,70.00000000,69.03500000,69.78100000,894.89000000
2021-05-07,69.78000000,70.61900000,69.77500000,70.17300000,1120.99700000
2021-05-08,70.06300000,70.38000000,69.77500000,70.34200000,1437.22900000
2021-05-08,70.23400000,70.32800000,69.33000000,69.53100000,778.78600000
2021-05-08,69.34600000,69.58300000,68.77600000,69.21500000,1030.50900000
2021-05-08,69.21500000,69.42800000,68.62600000,68.79400000,1039.04500000
2021-05-08,68.81700000,69.24400000,68.66800000,68.66800000,585.97800000
2021-05-08,68.66800000,68.75300000,68.30300000,68.39400000,606.42300000
2021-05-08,68.36000000,68.45800000,68.00000000,68.14300000,757.89200000
2021-05-08,68.00000000,68.20900000,68.00000000,68.09900000,347.23100000
2021-05-08,68.09900000,68.38200000,67.87200000,68.27700000,769.79200000
2021-05-08,68.11600000,69.25100000,68.06900000,69.13600000,552.32600000
2021-05-08,69.23100000,69.33900000,68.64900000,69.33900000,630.11800000
2021-05-08,69.27500000,69.58000000,69.05400000,69.53800000,793.98500000
2021-05-08,69.39000000,69.47700000,68.83500000,69.01500000,725.70300000
2021-05-08,69.02000000,69.02000000,68.35200000,68.48200000,769.09300000
2021-05-08,68.45100000,68.48700000,68.05900000,68.35500000,899.12300000
2021-05-08,68.42800000,68.48500000,67.39800000,67.68300000,4456.14000000
2021-05-08,67.53700000,67.92000000,66.31900000,67.17500000,8174.18000000
2021-05-08,67.17500000,67.39800000,65.98900000,67.00500000,9206.33500000
2021-05-08,67.09000000,67.66000000,66.85000000,67.38200000,1933.60900000
2021-05-08,67.39400000,67.57700000,67.22700000,67.36900000,332.16400000
2021-05-08,67.34000000,67.57000000,66.73700000,67.34100000,2030.70400000
2021-05-08,67.34900000,67.79400000,66.94900000,67.02900000,590.44100000
2021-05-08,67.02900000,67.41100000,66.63300000,66.74200000,869.80700000
2021-05-08,66.71200000,66.77800000,65.92500000,65.95400000,1478.89500000
2021-05-09,65.95400000,67.44300000,65.89300000,67.05400000,1632.96700000
2021-05-09,67.05900000,67.06800000,66.09100000,66.99100000,773.88000000
2021-05-09,67.04700000,67.18100000,66.70200000,66.91300000,343.84000000
2021-05-09,67.06600000,67.06700000,66.70000000,66.81000000,467.52600000
2021-05-09,66.92600000,67.07900000,66.70000000,66.91000000,390.89600000
2021-05-09,65.95400000,67.44300000,65.89300000,67.05400000,1632.96700000
2021-05-09,67.05900000,67.06800000,66.09100000,66.99100000,773.88000000
2021-05-09,67.04700000,67.18100000,66.70200000,66.91300000,343.84000000
2021-05-09,67.06600000,67.06700000,66.70000000,66.81000000,467.52600000
2021-05-09,66.92600000,67.07900000,66.70000000,66.91000000,390.89600000
2021-05-09,66.75300000,66.90200000,66.09200000,66.30700000,906.30800000
2021-05-09,66.25600000,67.93900000,66.19700000,67.11600000,1597.26800000
2021-05-09,67.13200000,67.27700000,65.59900000,66.01000000,2946.48800000
2021-05-09,66.01000000,66.78500000,65.59000000,66.55000000,917.80100000
2021-05-09,66.55000000,66.85700000,66.27700000,66.44300000,422.59000000
2021-05-09,66.51900000,66.75700000,65.59400000,65.67900000,1134.36900000
2021-05-09,65.63100000,65.76800000,65.55300000,65.55300000,1027.31600000
2021-05-09,65.55300000,65.60800000,64.23700000,64.97100000,2371.03000000
2021-05-09,64.84500000,65.42500000,64.73200000,65.10800000,385.14800000
2021-05-09,65.00100000,66.69900000,65.00100000,66.29000000,1334.49100000
2021-05-09,66.32700000,66.38900000,65.74700000,65.74700000,454.01000000
2021-05-09,65.79900000,66.19200000,65.66800000,66.06100000,398.68200000
2021-05-09,66.13700000,66.58800000,66.13600000,66.32600000,536.23400000
2021-05-09,66.27900000,66.34100000,65.02800000,65.25700000,701.46900000
2021-05-09,65.19600000,65.52500000,64.82700000,64.86000000,874.64900000
2021-05-09,64.81500000,64.85800000,63.88200000,64.01900000,1350.80800000
2021-05-09,63.99800000,64.61300000,63.84800000,64.50600000,630.89200000
2021-05-09,64.52500000,64.63800000,63.87900000,63.98900000,961.11700000
2021-05-09,63.98800000,64.35000000,63.89200000,64.08000000,945.79900000
2021-05-10,64.15900000,66.82500000,64.07400000,66.70300000,2921.54700000
2021-05-10,66.70400000,66.75800000,65.39400000,65.49800000,703.85500000
2021-05-10,65.58200000,65.78700000,65.00500000,65.31500000,409.38400000
2021-05-10,65.37100000,65.37100000,64.82800000,64.82800000,257.00500000
2021-05-10,64.82800000,65.23100000,64.82800000,65.02800000,153.76200000
2021-05-10,65.13200000,66.47600000,65.13200000,66.00100000,1265.36100000
2021-05-10,66.11100000,66.99100000,65.97900000,66.90900000,758.29000000
2021-05-10,66.92300000,67.19100000,66.57200000,66.97100000,309.62700000
2021-05-10,67.11300000,68.04400000,66.89200000,67.04700000,1731.06200000
2021-05-10,67.05000000,67.85200000,66.90100000,67.02200000,655.35500000
2021-05-10,67.02200000,67.51700000,66.94300000,67.43200000,781.07500000
2021-05-10,67.42000000,68.17200000,66.89500000,67.44100000,1264.88700000
2021-05-10,67.44100000,68.04100000,67.39900000,68.01700000,519.46900000
2021-05-10,68.01700000,68.16600000,66.53900000,67.28200000,2235.28400000
2021-05-10,67.28800000,67.79900000,67.00200000,67.55500000,1084.85700000
2021-05-10,67.42100000,67.60600000,67.14600000,67.15500000,410.52200000
2021-05-10,67.15000000,67.23200000,66.85100000,67.02000000,806.55900000
2021-05-10,67.06400000,67.12800000,66.55000000,66.55000000,498.81000000
2021-05-10,66.56000000,66.85700000,65.87000000,65.93000000,1222.15100000
2021-05-10,65.87000000,66.01100000,65.08400000,65.53300000,920.39300000
2021-05-10,65.62900000,65.79300000,64.94100000,65.13800000,905.37700000
2021-05-10,65.09000000,65.19400000,64.70000000,65.18100000,1159.98900000
2021-05-10,65.09600000,65.12300000,64.20000000,64.20000000,1012.93200000
2021-05-10,64.21100000,64.84700000,64.00200000,64.62500000,1146.83700000
2021-05-11,64.63100000,65.38800000,64.59000000,65.18500000,1170.55500000
2021-05-11,65.18000000,65.27800000,64.00000000,64.06700000,1031.77700000
2021-05-11,64.07900000,64.12800000,63.23700000,63.81500000,1788.28500000
2021-05-11,63.69600000,63.89200000,62.00000000,62.16500000,1786.14400000
2021-05-11,62.04800000,62.22700000,59.00000000,60.67000000,7799.86200000
2021-05-11,60.81800000,61.60000000,60.62500000,61.60000000,1009.67200000
2021-05-11,61.50000000,63.03400000,59.54800000,60.80300000,13937.22600000
2021-05-11,60.76500000,60.89200000,59.19900000,59.71500000,2315.79000000
2021-05-11,59.74300000,60.00000000,59.33800000,59.98700000,3010.85600000
2021-05-11,59.98700000,60.00000000,58.67100000,58.81000000,3935.99000000
2021-05-11,58.86900000,58.95400000,58.59200000,58.59400000,2829.87500000
2021-05-11,58.61300000,58.71400000,57.73700000,58.09100000,1892.09900000
2021-05-11,58.00800000,58.82100000,57.88900000,58.48200000,1772.53200000
2021-05-11,58.45600000,58.48700000,57.10300000,57.16700000,2705.16900000
2021-05-11,57.10400000,60.18700000,57.04700000,59.54000000,3588.50900000
2021-05-11,59.71900000,60.55200000,59.58500000,60.55200000,872.84300000
2021-05-11,60.55200000,60.91800000,58.91200000,60.05900000,2009.83500000
2021-05-11,60.22900000,60.93800000,60.20100000,60.93800000,324.43200000
2021-05-11,60.86700000,61.59900000,60.79300000,61.56500000,911.20400000
2021-05-11,61.56500000,62.56700000,61.52100000,61.73500000,1131.89900000
2021-05-11,61.68300000,61.68300000,60.19800000,60.48400000,928.93700000
2021-05-11,60.44000000,61.07100000,60.30000000,60.51800000,605.68900000
2021-05-11,60.63900000,62.09700000,60.63900000,60.86400000,991.22600000
2021-05-11,60.77100000,61.29400000,60.70800000,61.22000000,760.92000000
2021-05-12,61.13500000,61.60400000,60.18800000,60.56300000,2006.49400000
2021-05-12,60.55700000,62.85100000,60.45300000,61.73500000,1450.38000000
2021-05-12,61.73500000,61.86700000,60.98200000,61.10300000,1227.92700000
2021-05-12,60.98200000,61.93900000,60.98200000,61.78700000,907.75000000
2021-05-12,61.90600000,64.58900000,61.75000000,64.41000000,2817.51000000
2021-05-12,64.41000000,64.59000000,62.64400000,62.65100000,1101.36400000
2021-05-12,62.73000000,64.52000000,62.73000000,64.36000000,681.70200000
2021-05-12,64.43200000,66.14500000,64.04100000,65.37000000,2935.33200000
2021-05-12,65.37000000,66.35200000,64.35900000,66.35200000,3675.79100000
2021-05-12,66.35200000,70.00000000,65.46100000,65.78200000,6091.36800000
2021-05-12,65.78200000,67.09000000,65.31900000,65.52200000,2267.50800000
2021-05-12,65.41400000,67.76700000,65.24900000,66.98100000,1836.89800000
2021-05-12,67.01900000,67.93800000,65.34000000,66.17700000,3531.12500000
2021-05-12,66.27900000,66.90000000,65.59400000,65.75700000,1485.94800000
2021-05-12,65.75600000,66.22100000,65.37500000,65.94200000,3062.87300000
2021-05-12,65.90000000,66.20100000,65.68000000,65.91000000,505.51800000
2021-05-12,65.75500000,65.82100000,65.11700000,65.47800000,1307.82800000
2021-05-12,65.47800000,65.73100000,64.61900000,65.10100000,1871.97000000
2021-05-12,65.10100000,65.13200000,63.40600000,63.50100000,1410.86400000
2021-05-12,63.50000000,64.27300000,63.48900000,64.13100000,1276.64500000
2021-05-12,64.13100000,64.32800000,63.54400000,63.62900000,784.11700000
2021-05-12,63.62000000,72.89000000,63.06900000,66.51400000,31144.26700000
2021-05-12,66.47700000,67.18300000,64.41900000,64.98700000,9833.91300000
2021-05-12,65.05100000,65.16000000,63.92500000,63.92500000,1385.93500000
2021-05-13,63.92500000,63.92500000,62.41000000,62.58800000,1718.32800000
2021-05-13,62.46200000,65.10400000,62.28100000,63.91900000,8976.91900000
2021-05-13,63.91900000,63.91900000,60.30100000,60.94200000,8998.15400000
2021-05-13,60.93800000,61.73700000,60.30100000,60.87800000,2026.89100000
2021-05-13,61.26600000,61.65800000,60.64100000,61.22700000,1081.19900000
2021-05-13,61.23900000,63.64300000,61.01800000,62.47600000,2566.12600000
2021-05-13,62.48100000,62.51900000,58.00100000,60.22500000,5778.94100000
2021-05-13,60.28700000,60.60600000,57.94200000,58.28800000,3115.71800000
2021-05-13,58.18800000,59.34200000,55.93300000,57.55700000,6119.16400000
2021-05-13,57.55700000,60.30800000,57.19300000,60.15600000,3162.61400000
2021-05-13,60.03700000,60.39600000,59.83200000,60.10100000,367.84100000
2021-05-13,59.98100000,59.98100000,58.02600000,59.26900000,3011.14500000
2021-05-13,59.52200000,60.35500000,59.30600000,59.44600000,1155.82900000
2021-05-13,59.36200000,59.75300000,58.77800000,59.06300000,1165.92900000
2021-05-13,59.06300000,60.68000000,58.42600000,60.34100000,3938.79100000
2021-05-13,60.34000000,61.65800000,58.90900000,59.93100000,13036.25700000
2021-05-13,59.99200000,60.11300000,57.64300000,58.00300000,3061.66900000
2021-05-13,58.09800000,58.30100000,56.00000000,56.39100000,1199.28400000
2021-05-13,56.37300000,57.26000000,56.36200000,56.86800000,1004.19700000
2021-05-13,56.77100000,57.96400000,56.41800000,57.75500000,1279.99200000
2021-05-13,57.75500000,59.10700000,57.31900000,58.56400000,1151.52100000
2021-05-13,58.74200000,59.10700000,58.11800000,58.84000000,635.24300000
2021-05-13,59.00300000,59.35800000,58.50000000,58.64300000,724.35500000
2021-05-13,58.56200000,58.56200000,57.50300000,57.67500000,1045.06400000
2021-05-14,57.61600000,58.75900000,56.30200000,56.30200000,1082.55000000
2021-05-14,56.49100000,56.64600000,54.59400000,55.34200000,2739.53400000
2021-05-14,55.33700000,55.73900000,54.03900000,54.30400000,1396.37400000
2021-05-14,54.30400000,55.61600000,54.19500000,54.35600000,1232.61700000
2021-05-14,54.45300000,56.20900000,54.45300000,56.20900000,780.67900000
2021-05-14,56.20700000,56.57600000,55.23100000,55.23100000,1006.66200000
2021-05-14,55.38400000,56.32400000,54.31500000,54.31500000,980.66300000
2021-05-14,54.41100000,55.82600000,53.34600000,55.76900000,2274.64900000
2021-05-14,55.82500000,57.96200000,55.49600000,57.52900000,2023.00400000
2021-05-14,57.60400000,57.86200000,57.22300000,57.78100000,569.91900000
2021-05-14,57.87200000,57.93000000,57.04700000,57.06000000,403.98600000
2021-05-14,57.15200000,57.25400000,56.71100000,56.94100000,551.94500000
2021-05-14,56.87400000,57.10000000,56.21100000,56.34200000,454.37600000
2021-05-14,56.31900000,57.33800000,56.29800000,57.33800000,640.73200000
2021-05-14,57.39100000,57.89800000,56.02600000,56.50900000,1703.92400000
2021-05-14,56.59200000,57.82500000,56.57200000,57.55200000,460.64500000
2021-05-14,57.68000000,58.24200000,57.63500000,58.08100000,415.18800000
2021-05-14,58.08200000,58.76100000,58.04200000,58.63900000,834.59600000
2021-05-14,58.69300000,59.12000000,58.37400000,58.97500000,2424.25900000
2021-05-14,58.89000000,59.23500000,58.46100000,58.46300000,1109.09800000
2021-05-14,58.54900000,58.62500000,58.00000000,58.10000000,1096.30300000
2021-05-14,58.10000000,61.00000000,58.10000000,59.31000000,1349.73700000
2021-05-14,59.29900000,59.55600000,59.22700000,59.39800000,481.79900000
2021-05-14,59.39800000,59.85500000,59.22700000,59.57600000,1072.70600000
2021-05-15,59.44500000,59.67300000,58.92600000,59.17500000,849.95600000
2021-05-15,59.02000000,59.68000000,58.90800000,59.10800000,1485.96800000
2021-05-15,59.00800000,59.09500000,58.41100000,58.54000000,656.01600000
2021-05-15,58.52900000,58.71700000,58.10000000,58.12000000,640.57800000
2021-05-15,58.10100000,58.28200000,57.14000000,57.18700000,743.98800000
2021-05-15,57.22800000,60.36900000,57.10500000,57.83200000,1884.07100000
2021-05-15,57.84500000,58.27000000,57.06000000,58.04200000,1189.76700000
2021-05-15,57.98500000,58.50000000,57.98500000,58.26700000,275.14200000
2021-05-15,58.39900000,58.58100000,57.00000000,57.11600000,710.69300000
2021-05-15,57.11700000,58.76800000,56.95600000,58.41200000,1459.67400000
2021-05-15,58.55000000,58.69200000,58.16600000,58.16600000,443.40300000
2021-05-15,58.13900000,58.34300000,57.50000000,57.60400000,679.96300000
2021-05-15,57.50000000,57.81800000,56.98300000,57.25300000,471.71400000
2021-05-15,57.11100000,57.32300000,56.76900000,57.27300000,273.97100000
2021-05-15,57.22400000,57.30000000,55.82600000,55.94500000,1483.87200000
2021-05-15,55.94500000,56.49400000,55.75600000,55.91800000,828.39400000
2021-05-15,55.99500000,56.70900000,55.73300000,56.60800000,625.08000000
2021-05-15,56.69600000,56.77900000,56.28500000,56.32600000,281.12300000
2021-05-15,56.34900000,56.55600000,55.82800000,56.10100000,300.61800000
2021-05-15,56.20300000,56.52500000,56.13300000,56.42500000,236.82200000
2021-05-15,56.42500000,56.88600000,56.18200000,56.82800000,529.32200000
2021-05-15,56.67700000,56.95600000,56.34900000,56.43500000,375.33000000
2021-05-15,56.49800000,56.60700000,56.18300000,56.31700000,466.51900000
2021-05-15,56.24600000,56.91000000,55.91100000,56.08400000,1086.92200000
2021-05-16,55.91900000,55.94300000,54.53800000,54.89600000,1280.99100000
2021-05-16,54.89600000,56.07800000,54.63400000,55.76100000,1614.74400000
2021-05-16,55.76100000,56.14900000,54.86900000,55.98200000,1804.76000000
2021-05-16,56.00000000,56.00500000,54.12700000,54.78400000,1675.23600000
2021-05-16,54.89800000,55.68000000,54.83100000,55.34600000,397.56400000
2021-05-16,55.45000000,55.55700000,55.10300000,55.17900000,575.33900000
2021-05-16,55.14600000,55.33100000,54.29700000,54.75400000,907.86300000
2021-05-16,54.69900000,54.78400000,54.18900000,54.38100000,650.31200000
2021-05-16,54.28800000,55.33300000,54.18300000,54.67100000,572.48000000
2021-05-16,54.80700000,55.75600000,54.80700000,55.52500000,692.60500000
2021-05-16,55.56500000,56.02600000,55.49100000,55.91600000,372.22900000
2021-05-16,55.99100000,56.12300000,55.63200000,56.04100000,428.79600000
2021-05-16,56.04100000,56.17000000,55.75300000,55.78800000,464.12400000
2021-05-16,55.88200000,55.96700000,55.78000000,55.90000000,69.15000000
2021-05-16,55.90000000,56.82000000,55.47900000,56.75600000,822.29900000
2021-05-16,56.76800000,56.98700000,56.52400000,56.95800000,257.32700000
2021-05-16,56.95800000,61.00000000,56.52000000,60.83900000,3221.81700000
2021-05-16,60.89300000,87.00000000,59.90700000,76.74600000,184001.89800000
2021-05-16,77.01100000,97.70000000,75.75300000,85.88800000,449314.56200000
2021-05-16,85.88800000,87.61100000,78.60100000,81.10700000,118434.63300000
2021-05-16,81.22800000,82.15000000,77.09900000,77.30200000,70951.57500000
2021-05-16,77.32200000,80.00000000,76.00000000,76.68000000,80878.62400000
2021-05-16,76.68000000,81.00000000,74.34300000,74.84900000,80704.60600000
2021-05-16,74.84900000,75.13900000,71.17600000,73.18400000,47180.75300000
2021-05-17,73.18400000,76.50000000,70.12100000,70.49900000,43085.49400000
2021-05-17,70.38100000,72.25600000,69.00000000,70.16200000,31733.39900000
2021-05-17,70.54800000,71.00000000,65.57600000,65.81300000,44329.19600000
2021-05-17,65.81300000,93.73100000,65.81300000,92.17000000,226720.12500000
2021-05-17,92.69300000,93.00000000,74.38700000,74.78700000,249337.58800000
2021-05-17,74.60800000,87.11800000,73.93500000,79.83900000,167969.38000000
2021-05-17,79.43700000,83.42900000,74.45500000,74.76600000,60211.69600000
2021-05-17,74.76600000,83.60000000,74.28900000,76.20000000,42943.34300000
2021-05-17,76.04700000,86.37800000,74.20000000,79.83700000,102108.03800000
2021-05-17,79.83500000,88.99800000,79.70100000,83.61700000,89848.01300000
2021-05-17,83.71800000,87.00000000,79.58100000,84.29500000,42100.17600000
2021-05-17,84.25300000,84.37700000,75.00000000,75.25900000,43891.99100000
2021-05-17,75.10000000,79.35400000,71.49600000,79.12200000,37995.51200000
2021-05-17,79.12300000,87.65900000,76.58100000,86.72100000,70200.25300000
2021-05-17,86.96200000,87.00000000,79.96100000,81.88500000,54959.68400000
2021-05-17,81.77000000,82.99900000,77.81700000,80.26600000,31220.31300000
2021-05-17,80.16200000,83.58000000,79.00100000,79.71500000,39593.40100000
2021-05-17,79.81700000,81.00000000,75.72900000,77.09600000,32778.69700000
2021-05-17,77.03100000,77.58900000,74.02000000,74.10600000,22985.27100000
2021-05-17,74.10400000,75.73700000,71.40100000,71.80000000,31951.94200000
2021-05-17,71.90100000,72.56200000,69.43800000,69.87500000,16763.81100000
2021-05-17,69.87500000,72.12600000,67.65800000,71.33300000,31632.30400000
2021-05-17,71.33200000,73.00100000,67.00000000,67.14200000,35927.94300000
2021-05-17,67.21400000,68.00000000,64.22300000,64.71700000,15788.92200000
2021-05-18,64.71900000,66.85800000,64.00000000,64.19200000,17827.93500000
2021-05-18,64.20800000,65.13500000,63.01000000,63.58600000,10416.39800000
2021-05-18,63.51100000,72.00000000,63.11600000,68.34900000,53215.14500000
2021-05-18,68.35100000,70.95300000,65.85000000,67.41400000,31943.54600000
2021-05-18,67.39300000,69.42100000,65.48800000,65.71100000,29469.68600000
2021-05-18,65.71100000,68.58100000,64.80200000,67.58400000,26594.81900000
2021-05-18,67.58600000,67.66100000,65.00000000,65.91900000,11235.45000000
2021-05-18,65.89400000,67.80000000,65.50000000,66.79300000,6711.76600000
2021-05-18,66.79800000,67.79500000,65.69100000,66.45900000,6775.22400000
2021-05-18,66.33600000,67.62900000,65.60000000,67.49000000,8623.60500000
2021-05-18,67.50000000,67.66800000,65.50400000,66.11900000,9075.38900000
2021-05-18,66.00200000,66.78900000,64.83700000,65.28000000,10741.02200000
2021-05-18,65.28000000,67.88400000,65.03500000,67.63100000,10882.83000000
2021-05-18,67.74400000,72.00000000,66.80000000,70.80000000,21923.50600000
2021-05-18,70.79700000,72.89100000,68.53300000,68.86600000,26943.22500000
2021-05-18,68.86300000,70.34200000,67.83700000,69.76500000,8686.57600000
2021-05-18,69.76500000,72.10000000,68.70800000,68.93500000,15050.91600000
2021-05-18,68.84900000,69.40000000,68.30000000,68.34300000,5689.70600000
2021-05-18,68.67700000,68.71900000,67.22900000,67.39900000,6807.02800000
2021-05-18,67.39900000,67.84700000,66.38100000,67.12500000,7502.88000000
2021-05-18,67.07500000,67.60000000,64.00000000,64.33400000,8639.84500000
2021-05-18,64.33500000,65.56700000,62.79400000,64.64400000,13976.44200000
2021-05-18,64.74400000,64.74400000,61.59200000,62.45500000,8397.82200000
2021-05-18,62.45500000,63.93100000,62.11100000,62.23000000,6819.83400000
2021-05-19,62.36900000,63.00000000,60.68400000,62.93900000,15282.89300000
2021-05-19,62.87600000,64.85100000,62.27000000,64.64100000,10557.71100000
2021-05-19,64.64100000,64.86500000,61.50400000,62.46400000,5958.01100000
2021-05-19,62.49100000,63.42100000,61.11900000,61.97100000,6346.95200000
2021-05-19,61.99900000,62.72800000,60.00000000,61.90200000,10399.39600000
2021-05-19,61.73500000,63.05700000,61.00200000,62.65000000,5094.79300000
2021-05-19,62.61800000,63.07200000,61.48000000,61.59400000,5284.78300000
2021-05-19,61.59400000,62.03700000,60.65600000,61.95800000,3712.88100000
2021-05-19,61.83700000,62.63300000,60.38500000,60.87600000,4106.34200000
2021-05-19,60.64200000,60.79800000,56.71500000,57.45900000,8125.66800000
2021-05-19,57.23500000,58.55400000,56.00000000,56.00000000,4536.65100000
2021-05-19,56.20800000,56.76600000,55.37000000,55.93400000,5921.75000000
2021-05-19,55.93400000,56.18300000,50.00000000,50.40000000,18007.06400000
2021-05-19,50.59200000,54.42600000,50.39900000,53.66500000,11677.71600000
2021-05-19,53.68100000,56.00000000,53.68100000,54.20400000,8231.76500000
2021-05-19,54.28800000,54.92500000,51.76900000,54.75400000,10209.28200000
2021-05-19,54.72800000,55.50900000,54.15300000,55.40800000,3499.96200000
2021-05-19,55.47100000,55.85400000,53.06100000,54.74600000,2525.49700000
2021-05-19,54.89600000,55.22100000,52.11700000,52.57600000,2179.58500000
2021-05-19,52.59600000,52.66800000,45.46500000,48.72100000,16553.67900000
2021-05-19,48.72100000,49.16100000,39.71800000,40.62900000,18081.98500000
2021-05-19,40.62900000,50.00000000,38.00000000,42.43300000,16005.94600000
2021-05-19,42.43300000,46.99900000,40.40800000,46.98300000,6911.26400000
2021-05-19,46.69900000,48.07400000,45.00000000,47.49600000,5250.82200000
2021-05-20,47.85200000,50.50300000,47.09400000,50.00000000,4793.03700000
2021-05-20,50.00000000,50.85000000,48.46500000,49.29300000,3624.97600000
2021-05-20,48.84600000,48.98600000,45.10000000,45.51900000,3911.05000000
2021-05-20,45.70100000,46.68600000,45.26300000,46.00900000,2527.47100000
2021-05-20,46.17000000,46.61000000,43.40700000,43.69000000,2770.09400000
2021-05-20,43.83000000,44.00200000,41.16700000,43.60000000,3943.45100000
2021-05-20,43.60100000,45.60500000,42.77200000,44.65800000,2471.97800000
2021-05-20,44.84100000,44.84100000,40.51000000,40.51100000,3184.77700000
2021-05-20,40.55400000,41.95600000,36.64900000,37.48100000,9353.56400000
2021-05-20,37.48100000,39.57900000,37.17300000,38.82200000,5490.32000000
2021-05-20,38.95100000,42.61200000,38.91700000,41.60400000,4726.43100000
2021-05-20,41.60400000,42.42900000,41.52000000,41.67100000,1783.45600000
2021-05-20,41.71200000,43.72200000,41.71200000,42.98900000,2296.80200000
2021-05-20,43.00000000,44.54300000,43.00000000,44.36200000,2974.04100000
2021-05-20,44.40000000,45.14600000,43.25400000,44.14300000,3426.72800000
2021-05-20,44.32300000,45.42900000,44.32200000,44.79000000,3143.61900000
2021-05-20,44.73400000,45.39400000,43.98200000,44.87000000,4491.12000000
2021-05-20,44.86900000,44.86900000,43.69800000,44.34900000,1269.29600000
2021-05-20,44.35300000,44.48300000,43.81100000,44.13900000,1498.73600000
2021-05-20,44.16200000,44.95100000,43.91700000,44.94400000,1908.25700000
2021-05-20,44.96200000,48.45200000,44.55300000,48.43500000,4598.61700000
2021-05-20,48.43600000,50.51000000,46.99300000,47.63000000,6301.32100000
2021-05-20,47.63600000,48.23000000,47.19900000,47.52300000,1823.38000000
2021-05-20,47.62000000,49.24400000,46.20700000,46.61900000,3653.45600000
2021-05-21,46.61900000,46.78300000,42.52800000,43.88000000,6529.51000000
2021-05-21,43.88400000,45.70100000,43.45500000,45.28200000,1947.15900000
2021-05-21,45.23100000,48.71900000,45.07500000,46.17900000,3153.38400000
2021-05-21,46.24400000,46.38600000,45.00100000,46.00900000,2213.93400000
2021-05-21,45.79100000,46.25000000,44.94400000,45.01200000,1154.81000000
2021-05-21,45.01200000,49.00000000,44.53900000,47.57400000,3366.28800000
2021-05-21,47.45500000,49.79600000,47.12500000,49.79600000,4868.27800000
2021-05-21,49.54400000,51.10000000,47.55800000,48.63500000,6850.30600000
2021-05-21,48.57600000,52.87400000,47.95900000,49.74000000,17346.47000000
2021-05-21,49.78300000,49.98400000,48.12700000,48.50500000,3164.73600000
2021-05-21,48.45100000,48.57000000,47.53000000,48.22000000,1093.54500000
2021-05-21,48.10700000,48.22300000,47.23500000,47.43300000,1144.77400000
2021-05-21,47.33600000,47.64300000,46.56200000,46.74300000,896.24000000
2021-05-21,46.74300000,46.93700000,46.10400000,46.16800000,1655.00300000
2021-05-21,46.09100000,46.93600000,45.66600000,46.81600000,2366.72500000
2021-05-21,46.85100000,46.85100000,45.45400000,45.63100000,1683.94600000
2021-05-21,45.64400000,45.64400000,44.31900000,44.63700000,3153.20300000
2021-05-21,44.55000000,47.16100000,44.55000000,47.01000000,3533.17000000
2021-05-21,47.12500000,47.80700000,46.36500000,46.63000000,2827.28100000
2021-05-21,46.48900000,47.21600000,45.26100000,47.11200000,3091.46600000
2021-05-21,47.12300000,47.99000000,45.87300000,45.87900000,4342.67300000
2021-05-21,45.80000000,47.16000000,45.40600000,46.63800000,2327.35500000
2021-05-21,46.63500000,47.98900000,41.00000000,42.09500000,12652.15100000
2021-05-21,41.97400000,42.42600000,41.00000000,41.09900000,3043.20200000
2021-05-22,41.32100000,42.93800000,40.95000000,41.00000000,4755.92100000
2021-05-22,41.00000000,41.45300000,40.97700000,41.44300000,2158.40600000
2021-05-22,41.28200000,41.44400000,40.52300000,41.08200000,1570.98400000
2021-05-22,41.20400000,41.33400000,39.43400000,39.45700000,2131.43800000
2021-05-22,39.49400000,39.67700000,38.95800000,39.15800000,2981.92700000
2021-05-22,39.15700000,39.83000000,37.50000000,39.61200000,6827.69800000
2021-05-22,39.82200000,40.11800000,38.95800000,39.49600000,2164.58900000
2021-05-22,39.50000000,40.44300000,39.30800000,40.39200000,1061.43000000
2021-05-22,40.43500000,40.68000000,39.48700000,40.41600000,1470.92800000
2021-05-22,40.35200000,41.22800000,39.86900000,39.88100000,1130.40000000
2021-05-22,39.94200000,40.65100000,38.71000000,40.13400000,3814.10600000
2021-05-22,40.10200000,40.50200000,39.07100000,39.07800000,1832.32800000
2021-05-22,39.11300000,39.44600000,37.50000000,37.64600000,1268.14100000
2021-05-22,37.65000000,38.36000000,36.82900000,38.27600000,4460.01500000
2021-05-22,38.26500000,39.35100000,36.16400000,37.72700000,2963.29100000
2021-05-22,37.72200000,37.72200000,35.20400000,36.05500000,18133.43100000
2021-05-22,36.20500000,36.95700000,36.00600000,36.95700000,1544.33100000
2021-05-22,36.93400000,37.82300000,36.75400000,37.34400000,1552.15300000
2021-05-22,37.46200000,38.39100000,36.76800000,38.13600000,1846.08800000
2021-05-22,38.09800000,38.17400000,37.68300000,37.73200000,1166.50500000
2021-05-22,37.85200000,38.40400000,37.64300000,37.91400000,730.88200000
2021-05-22,37.93500000,40.00000000,37.78500000,38.77900000,5262.79800000
2021-05-22,38.85800000,38.85800000,36.71600000,37.22200000,2021.59100000
2021-05-22,37.30900000,38.29500000,36.65600000,37.49900000,1833.42100000
2021-05-23,37.49900000,37.80300000,37.16800000,37.59800000,1247.77900000
2021-05-23,37.73000000,38.38000000,37.21800000,37.34000000,1565.45700000
2021-05-23,37.33800000,37.67800000,36.32100000,36.84400000,2075.07300000
2021-05-23,36.84400000,37.92200000,36.76800000,36.91600000,1061.22800000
2021-05-23,36.97700000,38.54400000,36.88400000,38.24200000,855.25400000
2021-05-23,38.27200000,38.34300000,37.17400000,37.64000000,1756.67800000
2021-05-23,37.64000000,39.00000000,36.07400000,37.98400000,3971.83100000
2021-05-23,37.87400000,38.15400000,37.80000000,37.91400000,162.40800000
2021-05-23,37.93000000,38.88900000,37.23300000,38.88900000,1166.35600000
2021-05-23,38.74900000,42.96200000,38.37400000,42.96200000,4365.42400000
2021-05-23,42.96200000,43.55900000,39.48200000,41.98700000,31511.43500000
2021-05-23,41.97200000,42.56000000,39.82200000,40.25400000,8200.51700000
2021-05-23,40.23200000,40.27100000,38.42600000,38.54300000,3465.14300000
2021-05-23,38.49000000,38.51300000,37.37800000,37.52900000,1520.48200000
2021-05-23,37.63000000,37.86600000,36.44600000,36.51900000,2333.20700000
2021-05-23,36.50300000,36.58800000,35.46200000,35.53500000,2305.96500000
2021-05-23,35.50300000,35.50300000,33.91800000,34.42800000,6162.22200000
2021-05-23,34.57400000,35.96900000,32.62000000,32.76400000,5887.42700000
2021-05-23,32.62900000,34.00200000,32.60700000,33.12000000,3457.38100000
2021-05-23,33.18200000,33.95300000,32.90000000,33.48100000,2143.12100000
2021-05-23,33.50000000,33.92900000,29.68100000,29.95100000,9536.66000000
2021-05-23,29.97400000,30.20000000,28.18200000,30.11900000,8224.51900000
2021-05-23,30.16500000,35.00000000,29.18600000,32.34100000,16241.22700000
2021-05-23,32.28700000,32.35800000,30.18900000,30.62300000,4188.88000000
2021-05-24,30.63600000,31.22200000,27.96900000,28.51000000,10179.66900000
2021-05-24,28.64000000,30.17400000,28.57500000,29.97300000,4332.39100000
2021-05-24,29.91900000,32.44000000,29.65000000,31.51800000,5160.56100000
2021-05-24,31.35900000,32.61100000,30.91000000,31.31900000,2627.92500000
2021-05-24,31.29000000,32.41400000,31.22900000,31.78200000,2459.76200000
2021-05-24,31.86300000,35.54100000,31.74600000,35.50000000,5475.67700000
2021-05-24,35.54200000,39.42600000,33.90100000,34.99400000,64965.92000000
2021-05-24,35.15100000,36.67100000,34.31300000,34.33200000,6927.26100000
2021-05-24,34.32200000,36.13200000,33.88900000,34.46200000,5302.43200000
2021-05-24,34.48500000,34.62000000,33.19400000,33.30000000,2801.43500000
2021-05-24,33.33400000,34.72300000,33.19700000,34.72300000,3159.07100000
2021-05-24,34.65800000,36.00000000,33.64200000,34.46400000,6734.34200000
2021-05-24,34.53600000,35.89800000,33.19800000,33.42200000,4930.64100000
2021-05-24,33.45200000,34.64000000,33.00900000,33.41500000,2762.89800000
2021-05-24,33.41500000,34.62700000,33.24600000,34.62700000,2022.04800000
2021-05-24,34.64500000,37.00000000,34.64500000,36.88500000,4819.51800000
2021-05-24,36.88500000,36.90400000,35.44300000,36.39200000,2450.28900000
2021-05-24,36.27300000,36.35100000,35.63800000,35.82600000,1416.43800000
2021-05-24,35.79900000,36.86100000,35.63800000,36.76300000,4568.91400000
2021-05-24,36.71200000,41.75800000,36.52300000,39.31400000,13074.99300000
2021-05-24,39.29700000,41.15700000,38.65600000,40.54600000,2393.37500000
2021-05-24,40.54600000,40.60300000,38.98800000,39.30000000,2122.68200000
2021-05-24,39.38500000,42.22200000,39.38500000,39.73700000,4662.34700000
2021-05-24,39.73700000,41.36800000,39.01800000,39.92900000,2343.40100000
2021-05-25,39.72000000,40.73300000,38.42000000,38.96500000,2232.61100000
2021-05-25,39.11600000,40.98600000,38.97600000,39.87600000,2367.73900000
2021-05-25,39.98700000,40.80300000,39.38300000,39.89800000,3140.04700000
2021-05-25,39.88500000,41.99200000,39.50000000,41.13800000,3168.97800000
2021-05-25,41.13800000,41.70400000,40.46700000,41.08800000,1794.69800000
2021-05-25,41.15000000,42.00000000,40.50000000,40.63500000,1667.17400000
2021-05-25,40.63500000,40.79300000,39.03100000,39.44300000,1118.84500000
2021-05-25,39.48300000,40.62100000,39.48300000,40.32300000,911.87300000
2021-05-25,40.46700000,42.43600000,40.32700000,41.40700000,3950.53100000
2021-05-25,41.40200000,41.99800000,39.50000000,39.50000000,2431.89200000
2021-05-25,39.51300000,40.11600000,38.49800000,39.05200000,3929.03500000
2021-05-25,39.04300000,41.00000000,38.27300000,39.37600000,7240.41200000
2021-05-25,39.35700000,40.18900000,38.41400000,39.10200000,1961.90000000
2021-05-25,39.10200000,39.27800000,38.72700000,39.21200000,848.32600000
2021-05-25,39.06000000,40.33300000,38.75400000,40.24500000,2778.40300000
2021-05-25,40.22400000,42.00000000,39.78500000,41.14400000,5008.96300000
2021-05-25,41.30300000,41.46100000,40.15100000,40.21600000,453.31800000
2021-05-25,40.20900000,40.30000000,39.82500000,40.03000000,700.94300000
2021-05-25,39.98200000,40.07300000,38.64300000,39.01200000,1767.12900000
2021-05-25,39.13200000,39.70600000,38.54900000,38.71500000,949.64700000
2021-05-25,38.66700000,39.10900000,38.61700000,39.00000000,520.86700000
2021-05-25,39.10500000,40.53300000,38.92800000,40.23300000,2157.26700000
2021-05-25,40.27300000,40.97900000,39.95900000,40.62400000,973.46700000
2021-05-25,40.76300000,42.53500000,40.00000000,41.76400000,2207.82200000
2021-05-26,41.57300000,41.62800000,39.91000000,40.23500000,3865.53900000
2021-05-26,40.16200000,40.81700000,39.83000000,40.74800000,2599.52600000
2021-05-26,40.74700000,41.06600000,40.54400000,40.90600000,794.05500000
2021-05-26,40.75200000,41.15300000,39.41300000,39.52700000,2562.08100000
2021-05-26,39.55800000,40.48700000,39.42600000,39.88800000,778.59800000
2021-05-26,40.11600000,40.85000000,40.11300000,40.63100000,957.04400000
2021-05-26,40.59900000,42.77200000,40.59900000,42.59300000,2655.03500000
2021-05-26,42.59300000,42.85300000,42.06200000,42.51300000,1289.15900000
2021-05-26,42.52400000,43.01400000,41.06600000,41.90600000,1964.32000000
2021-05-26,41.95300000,42.83500000,41.31600000,42.21100000,1388.58400000
2021-05-26,42.09500000,42.90000000,42.09500000,42.41900000,1680.03600000
2021-05-26,42.41900000,43.78400000,42.41900000,43.54700000,1417.26200000
2021-05-26,43.63400000,43.93500000,42.90100000,43.65900000,2029.82300000
2021-05-26,43.65900000,43.96600000,43.17600000,43.74900000,1168.73200000
2021-05-26,43.87300000,44.96000000,43.75000000,44.64400000,1112.36200000
2021-05-26,44.64400000,45.44400000,44.02900000,45.13700000,2530.48100000
2021-05-26,45.20500000,45.27300000,43.52700000,44.54400000,1785.12200000
2021-05-26,44.54400000,44.96600000,44.31400000,44.74000000,551.51900000
2021-05-26,44.83800000,45.00100000,43.27100000,44.72700000,3507.73900000
2021-05-26,44.50000000,45.04300000,44.23700000,44.68900000,540.52700000
2021-05-26,44.68900000,45.41200000,44.30000000,44.45200000,1900.67900000
2021-05-26,44.45200000,45.44400000,41.82700000,41.88500000,4154.72000000
2021-05-26,41.99000000,43.84600000,41.69200000,43.83900000,1553.12000000
2021-05-26,43.81200000,43.81200000,42.07600000,42.86700000,865.50700000
2021-05-27,42.84900000,43.98800000,42.79400000,43.28000000,442.77200000
2021-05-27,43.22300000,43.22300000,42.24100000,43.05000000,1043.59500000
2021-05-27,42.95500000,43.05000000,42.45600000,42.48900000,566.20100000
2021-05-27,42.66100000,42.66200000,41.65000000,42.47500000,975.29100000
2021-05-27,42.50000000,43.95400000,42.23600000,43.55000000,1259.18200000
2021-05-27,43.54600000,51.00000000,43.52800000,49.78400000,94398.79800000
2021-05-27,50.16500000,60.69200000,49.80800000,52.84100000,208655.92200000
2021-05-27,52.84100000,57.72100000,51.71200000,53.18300000,121111.38300000
2021-05-27,53.24700000,54.32500000,48.58400000,50.50100000,23438.08600000
2021-05-27,50.50200000,52.38400000,48.00100000,49.17600000,142174.46000000
2021-05-27,49.12100000,52.17300000,48.14300000,49.33400000,396981.36500000
2021-05-27,49.31300000,49.31300000,45.81600000,47.23900000,36357.65700000
2021-05-27,47.16500000,47.93300000,45.08700000,45.82500000,25978.76600000
2021-05-27,45.92600000,47.27200000,45.14500000,47.23600000,3651.82500000
2021-05-27,47.16700000,47.72800000,46.52500000,47.48100000,2649.57200000
2021-05-27,47.38700000,47.52800000,46.31300000,46.45900000,2247.01400000
2021-05-27,46.59800000,52.90800000,45.84300000,49.94900000,16002.21900000
2021-05-27,49.94400000,50.00000000,48.43600000,48.90000000,7789.79800000
2021-05-27,48.90000000,48.94300000,48.06600000,48.35900000,2931.26900000
2021-05-27,48.13100000,48.44900000,47.67600000,48.03000000,1965.66600000
2021-05-27,48.02900000,48.26700000,47.29800000,47.37100000,2177.12300000
2021-05-27,47.28100000,51.64500000,47.28100000,50.99900000,8448.73400000
2021-05-27,51.05400000,53.69300000,50.30200000,50.44800000,13394.49200000
2021-05-27,50.45800000,50.89300000,48.85600000,50.22700000,6796.70400000
2021-05-28,50.18000000,50.35000000,46.84200000,47.25600000,12515.56500000
2021-05-28,47.17300000,51.18600000,46.83700000,48.09800000,34651.85800000
2021-05-28,48.10100000,51.16600000,47.57700000,48.95900000,37853.45400000
2021-05-28,48.98500000,49.39900000,47.51900000,48.94100000,8524.72000000
2021-05-28,48.91000000,48.92400000,47.30700000,47.43600000,1846.39300000
2021-05-28,47.42200000,48.00300000,47.12600000,47.92500000,1292.02900000
2021-05-28,47.92500000,47.97400000,47.03200000,47.20500000,2113.46500000
2021-05-28,47.19100000,50.79900000,47.05900000,47.72300000,37438.97500000
2021-05-28,47.73600000,49.04100000,47.36000000,47.39500000,4537.55700000
2021-05-28,47.55900000,47.55900000,46.50000000,46.92800000,1227.31800000
2021-05-28,46.95300000,47.27900000,46.74300000,47.09900000,653.54500000
2021-05-28,47.11600000,47.64200000,46.84800000,47.14700000,1540.98000000
2021-05-28,47.14700000,47.14700000,45.00700000,45.37700000,1567.08500000
2021-05-28,45.50700000,45.81400000,45.00000000,45.00700000,2427.85000000
2021-05-28,45.02100000,45.18000000,43.41300000,43.83300000,4584.86100000
2021-05-28,43.81200000,44.10700000,43.06900000,43.70300000,1778.63300000
2021-05-28,43.58800000,43.93600000,42.50000000,42.50000000,1718.68300000
2021-05-28,42.50000000,42.99800000,42.50000000,42.69000000,2118.25700000
2021-05-28,42.69000000,42.88400000,42.22800000,42.23600000,1812.24100000
2021-05-28,42.30100000,42.32600000,40.00000000,40.21500000,2775.34000000
2021-05-28,40.12100000,42.12700000,40.01900000,42.07500000,7978.40600000
2021-05-28,42.06400000,44.27800000,42.00300000,44.14000000,2968.71800000
2021-05-28,44.14100000,44.14100000,43.25200000,43.26800000,1236.21400000
2021-05-28,43.28100000,43.56000000,42.63200000,43.16900000,1073.72800000
2021-05-29,43.31300000,43.40900000,41.20200000,41.34100000,1872.90100000
2021-05-29,41.31300000,41.69400000,41.16200000,41.61700000,730.96900000
2021-05-29,41.62400000,41.64900000,40.43600000,41.32900000,2050.13500000
2021-05-29,41.36700000,41.57200000,40.88200000,41.21900000,498.83000000
2021-05-29,41.35500000,41.79900000,40.43300000,40.43300000,944.98600000
2021-05-29,40.43400000,40.49200000,39.93800000,40.05500000,959.69400000
2021-05-29,40.15300000,40.35700000,39.52000000,40.13400000,3197.77700000
2021-05-29,40.12400000,40.79600000,40.01500000,40.54200000,639.01300000
2021-05-29,40.59300000,41.98400000,40.43800000,41.92400000,601.63400000
2021-05-29,41.99900000,42.48700000,41.76100000,41.90700000,1724.71900000
2021-05-29,41.98100000,42.05400000,41.86200000,41.86300000,371.22500000
2021-05-29,41.99800000,42.03100000,41.59400000,41.71500000,456.08100000
2021-05-29,41.68900000,42.06100000,41.61200000,41.81300000,1863.35400000
2021-05-29,41.81300000,42.17000000,41.18900000,41.87300000,909.93800000
2021-05-29,41.78000000,43.34600000,41.77100000,42.08400000,3685.42500000
2021-05-29,42.00100000,42.03700000,40.86500000,40.95800000,1468.92900000
2021-05-29,40.92100000,40.92100000,40.13200000,40.13200000,707.01300000
2021-05-29,40.13200000,40.22400000,39.72400000,40.02500000,1277.67600000
2021-05-29,40.02500000,40.71400000,39.94700000,40.51000000,583.53600000
2021-05-29,40.71500000,44.51400000,40.19900000,44.18500000,4076.13000000
2021-05-29,44.14300000,47.22400000,42.90000000,45.05900000,16592.38400000
2021-05-29,45.26700000,54.93100000,44.43200000,49.22800000,81751.66800000
2021-05-29,49.22800000,49.71700000,45.86300000,48.39100000,30406.84300000
2021-05-29,48.39100000,48.50000000,45.00000000,45.83800000,9023.21200000
2021-05-30,45.79000000,51.23500000,45.54300000,48.14800000,29258.21600000
2021-05-30,48.20800000,56.66000000,47.52100000,55.17300000,81747.95000000
2021-05-30,55.17300000,69.00000000,54.55500000,61.22500000,333599.66600000
2021-05-30,61.48700000,62.96300000,53.23200000,57.28200000,168663.66000000
2021-05-30,57.28200000,65.90000000,55.08000000,64.54900000,160691.50600000
2021-05-30,64.74300000,66.55600000,56.06700000,58.28300000,126140.54300000
2021-05-30,58.28200000,61.98900000,56.01000000,58.25300000,61445.10800000
2021-05-30,58.26400000,58.80000000,54.15200000,54.60400000,32069.42700000
2021-05-30,54.59900000,56.94500000,50.90200000,51.53200000,40097.26700000
2021-05-30,51.57500000,52.00000000,50.50000000,50.62000000,12612.16500000
2021-05-30,50.72900000,52.98700000,50.20000000,52.90000000,17176.45200000
2021-05-30,52.90300000,58.00000000,52.49000000,54.75800000,50056.00000000
2021-05-30,54.76200000,54.84200000,50.75200000,51.15200000,21261.32900000
2021-05-30,51.00900000,53.32400000,50.54600000,51.15200000,23067.52600000
2021-05-30,51.15200000,54.06800000,51.02200000,52.44600000,26042.13800000
2021-05-30,52.44500000,54.90000000,51.53900000,53.81900000,25339.89100000
2021-05-30,53.77700000,54.50000000,51.16400000,51.16800000,18631.84700000
2021-05-30,51.29700000,52.13900000,51.00100000,51.35500000,15608.33600000
2021-05-30,51.35500000,56.92600000,51.17000000,54.96300000,70769.89800000
2021-05-30,54.96100000,56.21500000,52.97200000,53.36200000,30675.18600000
2021-05-30,53.25900000,54.02700000,51.85100000,52.18600000,18888.12500000
2021-05-30,52.04900000,53.13400000,51.63000000,52.59100000,10665.02700000
2021-05-30,52.59200000,66.80000000,52.50000000,59.61900000,105954.01800000
2021-05-30,59.53500000,59.61600000,56.00000000,57.51900000,46986.88000000
2021-05-31,57.50000000,59.84400000,57.00000000,59.09900000,34736.92300000
2021-05-31,59.08300000,59.34600000,56.53700000,57.51500000,20535.01000000
2021-05-31,57.51500000,58.53200000,53.54100000,54.60100000,49495.46500000
2021-05-31,54.60100000,56.90000000,54.49900000,55.37600000,17656.17100000
2021-05-31,55.40000000,55.40000000,53.56200000,55.11800000,12702.36700000
2021-05-31,55.12600000,55.12600000,53.12900000,53.24800000,7041.78100000
2021-05-31,53.13200000,54.08500000,52.64000000,52.81500000,8799.47000000
2021-05-31,52.91000000,52.93500000,50.93300000,52.68000000,14106.23800000
2021-05-31,52.71600000,53.68700000,51.18900000,52.25900000,7258.70900000
2021-05-31,52.35900000,52.70600000,50.81800000,51.01000000,4021.04700000
2021-05-31,50.86400000,53.38400000,50.20600000,53.07700000,8767.58500000
2021-05-31,53.09700000,53.09700000,50.88000000,51.51300000,6013.24600000
2021-05-31,51.41800000,52.69500000,50.77600000,52.15000000,8908.04300000
2021-05-31,52.13400000,52.48000000,51.35100000,52.01600000,4092.76000000
2021-05-31,52.01600000,53.02400000,52.00300000,52.84100000,4527.77600000
2021-05-31,52.96000000,53.18700000,51.97300000,52.12000000,7145.08200000
2021-05-31,52.08600000,52.90000000,51.17900000,52.67400000,6356.74700000
2021-05-31,52.67700000,52.87900000,52.19800000,52.29900000,3776.30300000
2021-05-31,52.39500000,54.10400000,52.00100000,53.77900000,10775.94900000
2021-05-31,53.88000000,54.19200000,52.74200000,52.93400000,7758.91000000
2021-05-31,52.89000000,52.89200000,51.67900000,52.56000000,4871.72100000
2021-05-31,52.62600000,54.71600000,52.52800000,53.55700000,14955.26200000
2021-05-31,53.55700000,53.86900000,52.20000000,53.60000000,6059.34100000
2021-05-31,53.60000000,54.25900000,52.83700000,53.55300000,6952.32200000
2021-06-01,53.44800000,54.26300000,52.81000000,52.99900000,8033.65500000
2021-06-01,52.99900000,53.39800000,52.22800000,53.30800000,6449.46900000
2021-06-01,53.21000000,53.27900000,52.11500000,52.17800000,3062.09500000
2021-06-01,52.11500000,53.00000000,51.76700000,52.07400000,6136.77300000
2021-06-01,52.07400000,53.00200000,51.94800000,52.39200000,4410.98400000
2021-06-01,52.25700000,52.51700000,51.80500000,51.81900000,4132.34100000
2021-06-01,51.96800000,52.86900000,51.87800000,52.27900000,2866.70600000
2021-06-01,52.37500000,52.90000000,52.08100000,52.20000000,3083.18100000
2021-06-01,52.22100000,53.21700000,52.17500000,52.47000000,6858.79800000
2021-06-01,52.51600000,53.29600000,51.34100000,51.75100000,7116.53700000
2021-06-01,51.61900000,51.92800000,50.37700000,51.81000000,4844.00900000
2021-06-01,51.76000000,52.52400000,50.98800000,51.33800000,3787.12300000
2021-06-01,51.33500000,51.81200000,51.08600000,51.34700000,2352.32900000
2021-06-01,51.34700000,52.08400000,51.21900000,51.81200000,3702.97300000
2021-06-01,51.94400000,52.25000000,50.99700000,51.51100000,3612.44600000
2021-06-01,51.63100000,51.91000000,51.07000000,51.20100000,1810.31000000
2021-06-01,51.20100000,51.44800000,49.81300000,50.29900000,8699.18300000
2021-06-01,50.29900000,51.45000000,49.99400000,50.85500000,5191.98300000
2021-06-01,50.82900000,51.17100000,50.33900000,50.99600000,2349.96300000
2021-06-01,50.90000000,51.82000000,50.66300000,51.60000000,4093.58700000
2021-06-01,51.71600000,51.89900000,50.22400000,50.75700000,3611.44500000
2021-06-01,50.77700000,51.63600000,49.43800000,50.94500000,6190.24600000
2021-06-01,50.97100000,51.35700000,50.50100000,50.60600000,1748.13700000
2021-06-01,50.63300000,50.63300000,49.63300000,49.90600000,2580.53600000
2021-06-02,49.90800000,50.08100000,48.81000000,49.03100000,3819.56000000
2021-06-02,48.99500000,50.03200000,48.94700000,49.82900000,2547.36900000
2021-06-02,49.82700000,50.04100000,49.25000000,49.36300000,992.94700000
2021-06-02,49.28000000,49.35100000,48.56000000,48.98400000,3938.48900000
2021-06-02,49.04600000,49.38300000,48.84500000,48.98000000,2172.24500000
2021-06-02,48.98000000,50.99900000,48.64200000,50.04000000,6010.39300000
2021-06-02,50.11500000,50.42600000,48.35400000,48.60800000,5274.42700000
2021-06-02,48.60800000,49.61800000,48.52200000,49.23200000,1664.17400000
2021-06-02,49.23300000,49.95100000,48.53200000,49.35300000,1912.95700000
2021-06-02,49.26200000,49.91600000,48.45000000,48.65100000,1247.06700000
2021-06-02,48.64500000,49.44800000,48.53200000,48.76300000,1105.30800000
2021-06-02,48.82400000,49.28900000,48.37900000,48.52900000,2768.97200000
2021-06-02,48.53700000,49.84200000,48.43700000,48.88600000,2108.27000000
2021-06-02,49.01000000,49.11000000,48.40900000,48.85700000,1450.43500000
2021-06-02,48.94700000,49.00000000,48.50000000,48.65100000,954.09100000
2021-06-02,48.65100000,49.65500000,48.59500000,49.13700000,2949.40900000
2021-06-02,49.13700000,50.18400000,49.12200000,50.16500000,2302.68900000
2021-06-02,50.17200000,50.17300000,49.27800000,49.44500000,3544.18700000
2021-06-02,49.41800000,50.15000000,48.91800000,49.19700000,3388.77400000
2021-06-02,49.18100000,49.67200000,48.43800000,49.58600000,3643.72000000
2021-06-02,49.59900000,49.96400000,49.44200000,49.81700000,3253.26700000
2021-06-02,49.81700000,50.30800000,49.20100000,49.53800000,1928.24100000
2021-06-02,49.51000000,49.79600000,49.26000000,49.38800000,4075.62900000
2021-06-02,49.42700000,50.68900000,49.25700000,50.31600000,5329.41200000
2021-06-03,50.31600000,50.37100000,49.20000000,49.74000000,3767.36600000
2021-06-03,49.82500000,49.89300000,49.21100000,49.54100000,2840.03600000
2021-06-03,49.53900000,49.67400000,49.13800000,49.30300000,1730.25900000
2021-06-03,49.47100000,49.96900000,49.14300000,49.79300000,2320.70000000
2021-06-03,49.83000000,50.00000000,49.11100000,49.16600000,2349.38900000
2021-06-03,49.19900000,49.51800000,48.90700000,48.99100000,1071.15700000
2021-06-03,48.98700000,49.12800000,48.50000000,48.67700000,2006.58700000
2021-06-03,48.74000000,49.46600000,48.63500000,49.33100000,1048.90400000
2021-06-03,49.28900000,53.90000000,48.81000000,52.71500000,23012.96800000
2021-06-03,52.66800000,53.80000000,51.70000000,51.73200000,11207.01600000
2021-06-03,51.76900000,51.98200000,50.27300000,50.42600000,3807.46500000
2021-06-03,50.42300000,52.77100000,50.42300000,52.20500000,3969.62600000
2021-06-03,52.25900000,52.53100000,50.91300000,51.11000000,3106.27400000
2021-06-03,51.11000000,51.54100000,50.65700000,51.24500000,3504.34100000
2021-06-03,51.33300000,51.50000000,50.84500000,51.33600000,1207.45000000
2021-06-03,51.32600000,51.33700000,50.72000000,51.02600000,1488.10700000
2021-06-03,51.02600000,52.32200000,50.84800000,52.15300000,2791.86600000
2021-06-03,52.15300000,52.64200000,51.46400000,52.22200000,3489.81700000
2021-06-03,52.23800000,52.96500000,52.15700000,52.73100000,1973.17200000
2021-06-03,52.62800000,54.00000000,50.66400000,50.66900000,5630.26000000
2021-06-03,50.68600000,51.70400000,50.43500000,51.39000000,2591.98700000
2021-06-03,51.48900000,51.77800000,49.56800000,49.97700000,4950.32300000
2021-06-03,49.92800000,50.48500000,49.60200000,49.75200000,2399.56400000
2021-06-03,49.80100000,50.00000000,49.20100000,49.40100000,2264.07600000
2021-06-04,49.42400000,50.54200000,49.37300000,49.79300000,2767.99800000
2021-06-04,49.76400000,49.93200000,49.02800000,49.04800000,2931.17800000
2021-06-04,49.07100000,49.60500000,48.96000000,48.96000000,2547.97300000
2021-06-04,48.96900000,49.08800000,48.64500000,49.07100000,1370.49300000
2021-06-04,49.07000000,50.65600000,48.92400000,50.09900000,3699.25100000
2021-06-04,50.09900000,50.85200000,50.00000000,50.00000000,2868.48500000
2021-06-04,50.01700000,50.20000000,49.86500000,49.86500000,681.04400000
2021-06-04,49.86500000,50.64800000,49.85500000,50.17400000,1546.68600000
2021-06-04,50.12300000,50.30000000,49.31800000,49.60100000,1656.78900000
2021-06-04,49.52700000,50.26300000,47.71300000,48.44300000,5815.27000000
2021-06-04,48.28500000,48.64400000,47.53400000,47.98800000,2478.27700000
2021-06-04,48.00600000,48.64100000,47.90000000,48.17400000,1311.36900000
2021-06-04,48.11900000,48.48700000,47.66100000,47.83300000,1236.00900000
2021-06-04,47.79700000,48.10200000,45.54700000,46.29100000,10684.75100000
2021-06-04,46.34300000,47.44800000,46.01100000,46.43300000,2936.95700000
2021-06-04,46.46500000,47.12500000,45.44600000,45.76500000,4826.45100000
2021-06-04,45.70600000,47.30900000,45.00100000,46.75300000,4704.27600000
2021-06-04,46.70300000,47.52400000,46.40700000,47.22600000,3817.56400000
2021-06-04,47.28900000,47.42000000,46.86600000,47.01000000,933.54500000
2021-06-04,47.02700000,47.36000000,46.01600000,46.22300000,1425.78500000
2021-06-04,46.21200000,47.85500000,45.21500000,47.03300000,5699.55800000
2021-06-04,47.09200000,47.43000000,46.39300000,47.13300000,3212.82100000
2021-06-04,47.02200000,47.87500000,45.96200000,47.42700000,4958.43600000
2021-06-04,47.42700000,48.40700000,47.21500000,47.84300000,3356.43300000
2021-06-05,47.86800000,48.20000000,47.00200000,47.70100000,2006.51400000
2021-06-05,47.75400000,48.23600000,47.31300000,47.87800000,2314.44800000
2021-06-05,47.86900000,48.00000000,47.24500000,47.66600000,1113.72400000
2021-06-05,47.33600000,47.80500000,46.40300000,46.48400000,1035.45600000
2021-06-05,46.61400000,47.17900000,46.61400000,46.93900000,697.09500000
2021-06-05,46.96000000,48.56400000,46.93900000,47.81000000,1539.33600000
2021-06-05,47.85100000,48.44000000,47.60400000,47.77000000,1417.45900000
2021-06-05,47.84800000,47.84800000,46.66300000,47.16900000,1020.64900000
2021-06-05,47.19900000,48.41700000,46.84800000,48.23400000,1100.13900000
2021-06-05,48.29800000,48.90000000,47.96100000,48.65900000,2838.71900000
2021-06-05,48.65900000,48.94300000,47.69300000,48.59200000,1691.33400000
2021-06-05,48.66800000,49.55000000,48.60700000,49.11800000,2321.30900000
2021-06-05,49.22000000,51.44400000,49.13300000,50.94600000,5006.28300000
2021-06-05,50.96900000,51.30800000,49.73000000,49.74600000,5567.47700000
2021-06-05,49.73100000,50.06300000,49.00500000,49.26400000,3801.26500000
2021-06-05,49.14000000,49.79200000,48.69900000,48.90000000,2826.12700000
2021-06-05,48.90300000,49.44800000,48.54100000,48.92000000,1862.89700000
2021-06-05,48.95500000,49.13900000,46.37700000,47.38900000,4806.98600000
2021-06-05,47.34000000,49.16200000,47.21500000,47.96700000,2914.83900000
2021-06-05,48.00000000,49.00000000,46.84200000,47.19300000,2770.68700000
2021-06-05,47.17900000,48.05600000,46.03600000,47.86800000,3898.52100000
2021-06-05,47.87200000,50.89700000,47.35800000,50.50100000,7078.09700000
2021-06-05,50.61600000,56.50000000,49.08600000,52.21600000,89822.76400000
2021-06-05,52.24900000,55.00000000,51.11500000,51.13500000,41562.33700000
2021-06-06,51.13500000,52.01800000,49.61200000,50.00300000,14419.40300000
2021-06-06,49.88700000,52.94300000,49.54900000,52.32000000,17478.38100000
2021-06-06,52.34700000,55.00000000,51.53400000,51.70700000,22655.50500000
2021-06-06,51.73000000,52.67200000,50.20400000,50.86700000,9029.64700000
2021-06-06,50.87800000,53.56100000,50.49600000,51.44900000,9859.70300000
2021-06-06,51.39100000,51.61700000,48.22100000,48.30600000,10533.24200000
2021-06-06,48.32000000,49.39000000,48.06900000,48.14200000,3971.51200000
2021-06-06,48.21200000,48.90100000,48.21200000,48.75600000,2568.74400000
2021-06-06,48.68800000,48.74900000,47.65300000,48.28600000,5025.01600000
2021-06-06,48.35500000,50.80500000,48.35500000,49.56400000,9695.98800000
2021-06-06,49.58000000,50.33700000,48.60400000,49.84600000,5692.94700000
2021-06-06,49.81600000,50.06000000,48.26200000,48.47800000,3799.36600000
2021-06-06,48.37200000,48.70600000,47.61200000,47.70200000,4994.29600000
2021-06-06,47.74300000,48.94600000,47.68200000,48.62800000,3153.11600000
2021-06-06,48.56800000,50.50000000,47.62500000,50.30300000,6869.84800000
2021-06-06,50.24400000,52.82600000,49.89700000,50.55500000,18308.24900000
2021-06-06,50.49100000,52.44200000,49.85300000,52.15900000,7182.51600000
2021-06-06,52.17600000,52.50000000,51.02800000,52.17100000,3358.15600000
2021-06-06,52.23600000,52.50100000,51.16700000,51.58300000,6275.13800000
2021-06-06,51.53800000,51.74500000,50.51100000,51.51000000,4309.31300000
2021-06-06,51.61200000,51.63600000,48.95100000,49.08900000,7967.83000000
2021-06-06,49.09600000,49.91600000,48.20000000,48.60100000,4666.03200000
2021-06-06,48.53600000,50.51000000,48.00000000,50.39800000,8117.08400000
2021-06-06,50.37800000,50.40900000,48.67400000,49.21500000,5763.78500000
2021-06-07,49.17600000,49.65500000,48.93900000,49.15700000,3010.56800000
2021-06-07,49.07600000,49.18800000,48.50100000,48.80400000,2461.72200000
2021-06-07,48.71600000,49.35400000,48.71600000,49.00300000,2764.35800000
2021-06-07,49.06700000,49.24600000,48.23600000,48.43600000,2564.93100000
2021-06-07,48.50000000,49.60600000,48.02300000,49.40000000,2354.41900000
2021-06-07,49.46700000,49.67300000,48.83100000,49.12200000,1858.78300000
2021-06-07,49.06500000,49.06500000,47.50000000,48.09800000,3481.11400000
2021-06-07,48.16600000,48.58500000,47.96400000,48.32700000,1600.08000000
2021-06-07,48.26700000,49.02000000,47.82700000,48.67200000,2817.63600000
2021-06-07,48.68800000,49.42100000,48.54000000,49.02200000,2294.83700000
2021-06-07,49.04600000,49.55900000,49.00000000,49.43900000,2261.96200000
2021-06-07,49.41100000,49.45800000,48.22400000,48.42900000,2001.79000000
2021-06-07,48.52200000,48.68200000,48.21600000,48.41900000,1135.02300000
2021-06-07,48.67400000,48.73300000,48.07500000,48.29700000,2006.65900000
2021-06-07,48.41100000,48.67400000,48.18700000,48.40000000,1916.70100000
2021-06-07,48.40000000,48.90900000,48.08600000,48.79900000,2188.82700000
2021-06-07,48.68200000,49.14200000,48.29900000,48.70900000,2127.07200000
2021-06-07,48.65300000,49.34100000,48.37400000,49.20000000,1944.13100000
2021-06-07,49.18100000,49.50000000,48.98300000,49.30000000,1368.16500000
2021-06-07,49.30000000,49.50000000,48.61400000,49.00000000,1652.29800000
2021-06-07,49.01400000,49.29600000,48.77900000,49.16700000,881.07900000
2021-06-07,49.07100000,49.16700000,48.69200000,48.70100000,1281.34800000
2021-06-07,48.87700000,48.92900000,48.22300000,48.44900000,1084.05800000
2021-06-07,48.45600000,48.81600000,48.12800000,48.62200000,1446.84400000
2021-06-08,48.62200000,48.63200000,47.88300000,48.23400000,1160.52700000
2021-06-08,48.20000000,48.28200000,47.33000000,47.59100000,2315.77000000
2021-06-08,47.72300000,48.09100000,47.00000000,47.12000000,1847.15800000
2021-06-08,47.02900000,47.34500000,46.88700000,47.09900000,1459.53400000
2021-06-08,47.08600000,47.48900000,45.06600000,45.65400000,3662.80900000
2021-06-08,45.55500000,45.86200000,44.42300000,44.84100000,4695.21700000
2021-06-08,44.84000000,45.55400000,44.56800000,45.03100000,3014.65600000
2021-06-08,44.98300000,45.04100000,43.02300000,43.58700000,6016.58300000
2021-06-08,43.68300000,44.97900000,43.18800000,44.35100000,6206.73400000
2021-06-08,44.30300000,45.02500000,43.79000000,44.42100000,3188.44700000
2021-06-08,44.41300000,44.63200000,42.50000000,42.62800000,2605.08300000
2021-06-08,42.67900000,44.33700000,42.01000000,43.74400000,7480.76800000
2021-06-08,43.75100000,44.45700000,43.12900000,43.92000000,5342.77700000
2021-06-08,43.93000000,43.98900000,42.30600000,43.72200000,3235.54200000
2021-06-08,43.72500000,43.80300000,42.88400000,43.05200000,1564.60000000
2021-06-08,43.24100000,43.84000000,42.08400000,43.10400000,2594.66300000
2021-06-08,43.18600000,43.75000000,42.61400000,42.66900000,980.93900000
2021-06-08,42.77000000,43.10400000,42.45300000,42.75000000,1096.59600000
2021-06-08,42.65600000,43.24100000,42.45100000,42.62300000,707.42900000
2021-06-08,42.68800000,43.67700000,42.58800000,43.51000000,1237.74200000
2021-06-08,43.69500000,43.69600000,42.81100000,43.04500000,613.94400000
2021-06-08,43.12700000,43.73500000,42.25100000,42.33000000,2745.50200000
2021-06-08,42.42000000,42.72400000,40.49800000,40.82200000,2459.97100000
2021-06-08,40.76600000,42.58200000,39.67500000,41.74600000,8625.47900000
2021-06-09,41.79000000,42.57800000,41.23400000,42.33400000,3137.15400000
2021-06-09,42.30500000,42.33300000,41.62300000,41.95300000,791.65500000
2021-06-09,42.05300000,42.88100000,41.90400000,42.78100000,1598.40900000
2021-06-09,42.75300000,43.02800000,42.24000000,42.73400000,1074.22000000
2021-06-09,42.74600000,43.69200000,42.05700000,43.56100000,2163.11100000
2021-06-09,43.38700000,43.69200000,43.00000000,43.39400000,1310.67300000
2021-06-09,43.26800000,43.39400000,42.92900000,43.09600000,1060.72200000
2021-06-09,42.97100000,43.26300000,42.66900000,42.66900000,994.68000000
2021-06-09,42.58800000,42.76700000,41.43800000,41.57000000,2535.21100000
2021-06-09,41.49000000,41.92100000,40.81200000,40.99600000,1957.40700000
2021-06-09,41.16200000,41.49100000,40.64900000,40.84200000,2314.99400000
2021-06-09,40.96700000,41.78500000,40.60000000,41.42800000,2161.94000000
2021-06-09,41.51400000,41.74100000,40.61100000,41.17800000,1355.30700000
2021-06-09,41.19000000,42.00800000,41.07800000,41.67700000,2930.05000000
2021-06-09,41.68800000,43.08600000,41.68800000,42.70600000,4111.69400000
2021-06-09,42.81600000,43.14900000,42.42300000,42.96500000,1483.97500000
2021-06-09,42.99500000,43.00600000,41.87300000,42.50100000,3764.82000000
2021-06-09,42.54000000,42.99900000,41.87300000,41.93900000,1966.67800000
2021-06-09,41.92800000,42.81400000,41.86300000,42.59500000,1932.75500000
2021-06-09,42.73200000,44.51900000,42.36900000,44.36200000,6846.84800000
2021-06-09,44.43100000,44.60800000,42.77400000,43.32400000,5000.22700000
2021-06-09,43.22400000,43.83200000,42.73000000,43.18700000,1840.28300000
2021-06-09,43.05800000,43.68800000,42.26200000,42.37500000,3221.34200000
2021-06-09,42.57900000,45.00000000,42.53700000,44.60400000,5050.35100000
2021-06-10,44.71200000,44.97800000,43.97200000,44.25300000,2195.58500000
2021-06-10,44.31300000,44.92100000,43.61600000,44.32100000,1072.48800000
2021-06-10,44.32100000,44.50700000,43.33000000,43.45300000,1965.60700000
2021-06-10,43.57700000,44.20200000,43.26000000,44.01700000,874.93200000
2021-06-10,44.08200000,50.23600000,44.02900000,46.73700000,396426.86000000
2021-06-10,46.77300000,47.78100000,45.31700000,45.37100000,48124.97100000
2021-06-10,45.37100000,46.50000000,45.02900000,45.82900000,4919.29600000
2021-06-10,45.85900000,46.19400000,45.08800000,45.72800000,3189.06100000
2021-06-10,45.84800000,46.18700000,44.28900000,44.36100000,3906.19900000
2021-06-10,44.42200000,45.23900000,44.36800000,44.40200000,1984.66000000
2021-06-10,44.32200000,44.93300000,44.18900000,44.78300000,1243.11900000
2021-06-10,44.84900000,45.49400000,43.64100000,44.12300000,5039.03100000
2021-06-10,44.10000000,44.21600000,42.97200000,43.43500000,1301.01900000
2021-06-10,43.37300000,43.76000000,42.64300000,43.66100000,5392.22200000
2021-06-10,43.53500000,43.93900000,42.93700000,43.37300000,2581.44900000
2021-06-10,43.46800000,43.90900000,43.34000000,43.67600000,804.83800000
2021-06-10,43.59700000,43.70100000,42.93600000,43.09500000,1303.23600000
2021-06-10,43.03900000,44.14700000,42.54700000,44.02500000,3526.44000000
2021-06-10,43.92500000,44.37500000,43.50100000,43.61700000,2361.29100000
2021-06-10,43.61700000,45.09000000,43.61700000,44.57200000,4999.21300000
2021-06-10,44.56600000,44.84400000,42.78500000,43.32700000,14022.56900000
2021-06-10,43.45500000,43.49200000,43.00000000,43.38300000,1259.66100000
2021-06-10,43.49200000,43.84400000,42.40000000,42.76600000,3391.59400000
2021-06-10,42.83200000,43.29900000,42.00000000,42.35900000,1778.28700000
2021-06-11,42.36000000,42.45500000,41.66500000,42.07100000,739.98500000
2021-06-11,41.97100000,42.14300000,40.50000000,41.11300000,5972.88200000
2021-06-11,41.01600000,41.28600000,40.84000000,41.10900000,1786.14300000
2021-06-11,41.15000000,41.18700000,40.52700000,40.77000000,753.35200000
2021-06-11,40.71700000,41.51600000,40.19500000,41.31000000,2469.08200000
2021-06-11,41.47100000,41.47100000,40.61900000,40.71400000,2705.67700000
2021-06-11,40.71400000,41.41400000,40.62400000,41.40800000,506.47700000
2021-06-11,41.32100000,41.39900000,40.86000000,40.86000000,968.36700000
2021-06-11,40.98600000,41.45900000,40.00000000,40.00200000,1759.61700000
2021-06-11,40.17800000,40.59900000,40.00000000,40.35600000,667.97200000
2021-06-11,40.36200000,40.88000000,40.22000000,40.82500000,847.42700000
2021-06-11,40.90600000,41.43000000,40.60400000,41.10000000,1403.59800000
2021-06-11,41.18200000,41.33700000,40.76400000,41.26800000,1827.03300000
2021-06-11,41.26800000,41.61700000,40.89000000,41.21500000,679.85000000
2021-06-11,41.14400000,41.16500000,40.32000000,40.40500000,1221.56500000
2021-06-11,40.38300000,41.60300000,40.31100000,41.27400000,2717.66800000
2021-06-11,41.48900000,41.69200000,40.90200000,41.31000000,1661.99500000
2021-06-11,41.15700000,41.78300000,40.68700000,40.68700000,1886.04000000
2021-06-11,40.80800000,41.93400000,40.74200000,41.85200000,1090.36200000
2021-06-11,41.91700000,41.92200000,40.81100000,41.23400000,1954.93200000
2021-06-11,41.27100000,41.62200000,40.81000000,41.47700000,1568.61000000
2021-06-11,41.38100000,42.61800000,41.35600000,42.33200000,4029.76500000
2021-06-11,42.44700000,42.57900000,41.91600000,42.32200000,3059.97000000
2021-06-11,42.32200000,42.38400000,41.63300000,41.69800000,2255.68100000
2021-06-12,41.65800000,41.65800000,40.17300000,40.44600000,1813.83100000
2021-06-12,40.40700000,41.15500000,40.30900000,40.78800000,952.03800000
2021-06-12,40.79300000,41.23100000,40.38600000,41.03800000,3822.89300000
2021-06-12,40.87300000,41.08900000,40.25800000,40.48700000,1446.69200000
2021-06-12,40.46200000,40.91200000,40.27700000,40.35900000,2418.01500000
2021-06-12,40.39600000,40.74500000,39.95300000,40.23500000,7434.76100000
2021-06-12,40.08000000,40.43300000,40.00000000,40.05900000,3450.12900000
2021-06-12,40.07000000,40.12300000,38.65700000,39.16900000,3942.25900000
2021-06-12,39.08500000,39.44300000,38.00000000,38.07600000,2719.92200000
2021-06-12,38.05000000,38.67400000,37.86000000,38.10500000,3075.39800000
2021-06-12,38.10500000,38.43700000,36.56900000,36.79100000,4405.17700000
2021-06-12,36.81700000,37.57600000,36.18500000,36.86100000,4744.62200000
2021-06-12,36.83800000,38.59400000,36.49300000,37.36300000,5274.40300000
2021-06-12,37.45500000,37.62600000,36.55900000,36.97300000,3895.34100000
2021-06-12,36.83400000,38.26700000,36.74300000,38.14400000,4742.80900000
2021-06-12,37.93800000,38.57100000,37.64000000,37.64800000,847.03900000
2021-06-12,37.64800000,38.59300000,37.50500000,37.63900000,4847.32300000
2021-06-12,37.54300000,37.85500000,37.27700000,37.43300000,591.96600000
2021-06-12,37.43400000,38.58200000,37.13800000,38.51500000,1874.50200000
2021-06-12,38.47900000,38.50000000,38.00000000,38.46000000,491.90700000
2021-06-12,38.37600000,39.84000000,38.37300000,39.84000000,2493.29700000
2021-06-12,39.84200000,39.96400000,39.14200000,39.26600000,1012.55800000
2021-06-12,39.21700000,39.44400000,38.51100000,38.60000000,1205.45000000
2021-06-12,38.64200000,39.08100000,38.54500000,39.08100000,376.13100000
2021-06-13,39.10700000,39.32500000,38.76800000,38.87700000,550.66300000
2021-06-13,38.82000000,39.19300000,38.61800000,38.69400000,305.31200000
2021-06-13,38.65200000,39.90800000,38.61600000,39.78900000,1369.31700000
2021-06-13,39.72300000,39.84900000,38.74300000,38.76400000,277.26900000
2021-06-13,38.90400000,39.45000000,38.90400000,39.26800000,730.46700000
2021-06-13,39.07800000,39.34100000,38.65000000,38.65000000,638.92900000
2021-06-13,38.67500000,39.23800000,38.37500000,39.17600000,350.71300000
2021-06-13,39.17600000,39.29300000,38.22200000,38.29200000,466.04900000
2021-06-13,38.39700000,39.29300000,37.85900000,39.19300000,1049.74500000
2021-06-13,39.29300000,39.88900000,38.95200000,39.37900000,1458.59700000
2021-06-13,39.43300000,40.00000000,38.20300000,38.53100000,3491.88800000
2021-06-13,38.51200000,38.51200000,36.88400000,37.03500000,2197.97700000
2021-06-13,37.00100000,37.65400000,36.88100000,37.40200000,433.59800000
2021-06-13,37.28600000,37.58500000,37.00000000,37.17200000,653.44200000
2021-06-13,37.02100000,37.80100000,36.92200000,37.28000000,3489.42200000
2021-06-13,37.25500000,37.36400000,36.50600000,36.87400000,1945.54000000
2021-06-13,36.84000000,37.65300000,36.79100000,37.20400000,1573.96500000
2021-06-13,37.37800000,37.96800000,37.15600000,37.90500000,1313.57700000
2021-06-13,37.96800000,38.70000000,37.83200000,38.22700000,3571.32400000
2021-06-13,38.21100000,38.21100000,37.61900000,37.74700000,550.91100000
2021-06-13,37.77400000,37.92400000,37.40400000,37.51000000,613.37900000
2021-06-13,37.32100000,37.71900000,37.17000000,37.69200000,495.10100000
2021-06-13,37.69500000,37.81500000,36.77800000,36.95200000,923.19300000
2021-06-13,36.85700000,37.21900000,36.75500000,37.20000000,239.45700000
2021-06-14,37.10100000,38.10000000,36.90500000,37.95700000,1709.41400000
2021-06-14,37.86600000,38.30900000,37.66300000,37.97400000,965.81200000
2021-06-14,37.95300000,39.99000000,37.94800000,38.72600000,13500.35600000
2021-06-14,38.70100000,38.72700000,38.01200000,38.46000000,893.72500000
2021-06-14,38.52000000,40.03200000,38.52000000,40.00000000,4446.74200000
2021-06-14,39.90600000,40.00000000,39.41700000,39.59000000,1504.27200000
2021-06-14,39.61100000,39.95000000,39.40000000,39.93300000,1581.73000000
2021-06-14,39.93300000,39.97200000,39.35100000,39.45600000,1370.04300000
2021-06-14,39.52000000,39.79000000,39.43000000,39.47400000,187.17600000
2021-06-14,39.56700000,40.26800000,39.48800000,39.82000000,1121.55600000
2021-06-14,39.74800000,41.48800000,39.71300000,40.52900000,2722.48900000
2021-06-14,40.47900000,40.70800000,39.67500000,39.96500000,1076.40100000
2021-06-14,39.96200000,40.40200000,39.79600000,40.40200000,179.59500000
2021-06-14,40.32200000,40.47300000,40.00000000,40.32600000,560.61900000
2021-06-14,40.38700000,40.52100000,40.02300000,40.22600000,1175.60500000
2021-06-14,40.22000000,40.39400000,40.09300000,40.31800000,378.24900000
2021-06-14,40.31600000,40.31600000,39.74600000,39.80000000,499.77300000
2021-06-14,39.82100000,40.32500000,39.23400000,39.58400000,1987.48600000
2021-06-14,39.55600000,39.61100000,39.13600000,39.49800000,894.30400000
2021-06-14,39.41300000,39.52700000,39.39000000,39.50500000,162.95400000
2021-06-14,39.40700000,39.60000000,38.96500000,39.24000000,979.49400000
2021-06-14,39.24000000,40.80000000,39.24000000,40.66200000,2655.17900000
2021-06-14,40.57600000,41.16500000,40.14600000,40.36800000,2379.59400000
2021-06-14,40.46300000,40.95100000,40.18200000,40.85700000,895.05400000
2021-06-15,40.85700000,40.88200000,39.65800000,40.08800000,1808.88500000
2021-06-15,39.94100000,40.37200000,39.88100000,40.36900000,589.00300000
2021-06-15,40.26900000,40.37000000,39.76800000,39.98300000,427.26600000
2021-06-15,39.96900000,40.10400000,39.22900000,39.83500000,1428.51000000
2021-06-15,39.71600000,40.02500000,39.40000000,39.54900000,616.00800000
2021-06-15,39.73000000,40.44600000,39.50100000,40.25300000,2637.41900000
2021-06-15,40.24100000,40.41800000,39.86600000,40.39500000,1014.53300000
2021-06-15,40.45800000,40.80000000,40.24300000,40.69300000,597.13900000
2021-06-15,40.69300000,41.15000000,40.29300000,40.74200000,1546.06800000
2021-06-15,40.81700000,41.01600000,40.48500000,40.48500000,1866.58000000
2021-06-15,40.56500000,42.49100000,40.51900000,42.39000000,3032.73700000
2021-06-15,42.44300000,42.60000000,41.19200000,41.33800000,1911.70000000
2021-06-15,41.33700000,41.70600000,40.73300000,41.25500000,1246.01700000
2021-06-15,41.25500000,41.84000000,41.25500000,41.51600000,1011.51400000
2021-06-15,41.62700000,41.92500000,41.46000000,41.84100000,777.29200000
2021-06-15,41.84400000,43.90000000,41.28700000,42.39300000,6108.72500000
2021-06-15,42.28000000,43.16500000,41.72900000,41.83700000,3694.78100000
2021-06-15,41.86500000,42.29900000,41.28200000,41.48800000,1560.73600000
2021-06-15,41.55900000,42.33400000,41.44700000,41.61400000,1136.49600000
2021-06-15,41.61400000,42.11300000,41.10500000,41.83000000,1657.66000000
2021-06-15,41.80000000,41.98900000,41.17200000,41.72900000,1261.76100000
2021-06-15,41.73200000,41.82100000,41.37400000,41.63300000,783.06600000
2021-06-15,41.50200000,41.50200000,40.33600000,40.86800000,1271.15000000
2021-06-15,40.87300000,41.06700000,40.47100000,40.82300000,681.24400000
2021-06-16,40.78300000,41.83000000,40.66200000,41.58700000,4839.13900000
2021-06-16,41.57600000,42.18200000,41.18600000,41.91300000,2816.23300000
2021-06-16,41.99900000,42.16300000,40.85800000,41.05100000,1315.49500000
2021-06-16,40.91500000,41.59500000,40.40000000,40.67500000,1623.90400000
2021-06-16,40.62800000,41.73700000,40.51100000,40.81900000,1159.88900000
2021-06-16,40.81800000,41.00700000,40.44700000,40.57700000,754.40100000
2021-06-16,40.64900000,41.18400000,40.54900000,40.69900000,1217.11700000
2021-06-16,40.72800000,40.93700000,40.63500000,40.73900000,282.05600000
2021-06-16,40.71600000,40.71600000,40.17300000,40.17300000,580.06400000
2021-06-16,40.13900000,42.30000000,39.60000000,40.28700000,34033.63200000
2021-06-16,40.29700000,41.10000000,39.86900000,40.00600000,8674.93200000
2021-06-16,40.08000000,40.11300000,39.46200000,39.66000000,1541.66300000
2021-06-16,39.63300000,40.09500000,39.45300000,39.92000000,1023.17200000
2021-06-16,40.01200000,40.32600000,39.64200000,40.25600000,1273.86200000
2021-06-16,40.25400000,40.34000000,40.07200000,40.15300000,299.35500000
2021-06-16,40.25800000,40.29300000,39.77800000,39.88900000,553.49100000
2021-06-16,39.95000000,40.79800000,39.94900000,40.36500000,1813.85100000
2021-06-16,40.43600000,40.50200000,40.06600000,40.06600000,1017.22200000
2021-06-16,40.06600000,40.13800000,39.60000000,39.61200000,370.78100000
2021-06-16,39.62900000,39.64800000,38.39400000,38.90700000,3222.97600000
2021-06-16,38.86300000,38.92700000,38.30700000,38.39400000,1527.60000000
2021-06-16,38.48200000,39.35500000,38.39800000,39.00000000,2403.90200000
2021-06-16,39.07600000,39.42500000,38.52700000,38.57400000,1642.24700000
2021-06-16,38.55100000,38.87300000,38.38300000,38.87300000,588.21200000
2021-06-17,38.84200000,39.13000000,38.12700000,38.13400000,1758.03400000
2021-06-17,38.13700000,39.07200000,38.11000000,39.07200000,1906.18600000
2021-06-17,39.03000000,39.72700000,38.30400000,39.14300000,3092.66400000
2021-06-17,39.14500000,39.43500000,38.70800000,39.06500000,668.84000000
2021-06-17,38.98300000,39.16600000,38.54300000,38.87400000,717.51900000
2021-06-17,38.78100000,38.87500000,38.47900000,38.85800000,490.21900000
2021-06-17,38.87900000,38.93700000,38.63600000,38.64100000,447.87000000
2021-06-17,38.58200000,38.58200000,38.08600000,38.33900000,480.71000000
2021-06-17,38.40300000,39.53000000,38.29400000,39.41300000,1334.68300000
2021-06-17,39.48000000,39.63100000,38.84900000,39.08000000,1755.36300000
2021-06-17,39.02900000,39.19800000,39.00100000,39.07600000,209.27700000
2021-06-17,39.07600000,39.14000000,39.01400000,39.08200000,85.58800000
2021-06-17,39.08200000,40.17800000,38.95900000,40.11900000,1620.10000000
2021-06-17,40.17800000,42.21000000,39.84200000,41.03300000,11545.43500000
2021-06-17,40.98200000,41.24200000,40.19800000,40.89800000,4962.39800000
2021-06-17,40.89000000,41.09600000,40.62500000,40.69700000,719.55000000
2021-06-17,40.68300000,40.79700000,40.23400000,40.44900000,872.17700000
2021-06-17,40.52400000,41.48700000,40.20800000,41.16000000,1672.86500000
2021-06-17,41.19000000,41.60000000,40.27700000,40.34100000,1633.18600000
2021-06-17,40.34200000,40.60000000,40.23500000,40.40800000,779.93700000
2021-06-17,40.40800000,40.44000000,39.05900000,39.46900000,2834.36000000
2021-06-17,39.55800000,39.82500000,39.13500000,39.32100000,2667.05800000
2021-06-17,39.36900000,39.78500000,39.02200000,39.43700000,962.50300000
2021-06-17,39.44900000,39.90200000,39.44900000,39.55100000,901.62700000
2021-06-18,39.60300000,39.60300000,38.98200000,39.13800000,1656.01100000
2021-06-18,39.06900000,39.22400000,38.30000000,39.20400000,2376.17200000
2021-06-18,39.13500000,39.35900000,38.58100000,38.90500000,1831.67200000
2021-06-18,38.84500000,38.86000000,38.55600000,38.67800000,621.14500000
2021-06-18,38.63400000,38.69300000,38.39400000,38.56100000,492.82800000
2021-06-18,38.56100000,38.64300000,38.50000000,38.57200000,201.31300000
2021-06-18,38.57300000,38.71600000,38.52200000,38.71600000,284.44700000
2021-06-18,38.69700000,39.08100000,38.58200000,38.65500000,673.37300000
2021-06-18,38.62600000,38.90000000,38.53000000,38.66500000,981.84000000
2021-06-18,38.66500000,38.75600000,38.56500000,38.68600000,157.67200000
2021-06-18,38.60400000,39.24300000,38.17100000,39.04300000,2186.10700000
2021-06-18,39.05900000,40.34300000,38.85900000,40.34300000,2597.02300000
2021-06-18,40.34300000,40.49500000,39.53200000,39.53700000,1501.14200000
2021-06-18,39.50000000,39.75300000,38.87500000,39.10100000,642.75200000
2021-06-18,39.08800000,39.48400000,38.86400000,38.86500000,1005.14100000
2021-06-18,38.86500000,39.29800000,38.85000000,38.85000000,1130.91600000
2021-06-18,38.85000000,40.36100000,38.65900000,39.46000000,12538.31300000
2021-06-18,39.47900000,40.11800000,38.68100000,38.69500000,25733.04100000
2021-06-18,38.72000000,39.67200000,38.48100000,39.09600000,13358.92100000
2021-06-18,39.12500000,39.55000000,38.65100000,39.26200000,22536.48000000
2021-06-18,39.18600000,39.35800000,38.41300000,38.68100000,14641.63000000
2021-06-18,38.67000000,38.75800000,38.39300000,38.62400000,860.85800000
2021-06-18,38.62400000,38.72700000,38.00000000,38.44300000,11379.84000000
2021-06-18,38.42000000,39.24900000,38.10700000,38.30700000,37819.96200000
2021-06-19,38.20100000,39.10600000,38.18700000,38.58500000,28185.96600000
2021-06-19,38.58200000,39.06700000,38.30000000,38.50700000,42072.50300000
2021-06-19,38.45300000,38.90200000,38.00000000,38.22700000,20879.26300000
2021-06-19,38.23900000,39.00000000,38.00000000,38.59900000,31064.79200000
2021-06-19,38.57500000,39.84900000,38.36600000,38.78400000,17583.63500000
2021-06-19,38.79300000,39.23300000,38.51000000,38.91600000,1987.20500000
2021-06-19,38.91500000,39.47600000,38.70100000,39.31200000,965.81800000
2021-06-19,39.30000000,39.44600000,38.53100000,38.64400000,1262.25100000
2021-06-19,38.59900000,38.92800000,38.31300000,38.39100000,998.27400000
2021-06-19,38.39200000,38.69500000,38.07500000,38.30400000,984.48000000
2021-06-19,38.18300000,38.38800000,37.97800000,38.10200000,2291.36400000
2021-06-19,38.11200000,38.11200000,36.22600000,36.55000000,10633.38300000
2021-06-19,36.63300000,37.02500000,36.27200000,36.59400000,2930.52900000
2021-06-19,36.71900000,37.14300000,36.70000000,37.06100000,1675.65100000
2021-06-19,37.06200000,37.30500000,37.06100000,37.22000000,1216.62800000
2021-06-19,37.30400000,37.42000000,36.72500000,36.99400000,1944.04800000
2021-06-19,36.95600000,37.52300000,36.88000000,37.39600000,1791.16200000
2021-06-19,37.44500000,37.53400000,37.04000000,37.12200000,770.80300000
2021-06-19,37.14300000,37.59000000,36.99400000,37.28100000,2425.76100000
2021-06-19,37.16700000,37.36700000,37.00100000,37.28100000,812.22300000
2021-06-19,37.22700000,37.84500000,36.84400000,37.22400000,4267.45600000
2021-06-19,37.18600000,37.27600000,36.76000000,36.88200000,1512.30900000
2021-06-19,36.88200000,37.32200000,36.88200000,37.26500000,1337.66400000
2021-06-19,37.26500000,37.71100000,37.00100000,37.38100000,26360.97500000
2021-06-20,37.37900000,37.53500000,36.60000000,36.91700000,11565.81500000
2021-06-20,36.91100000,37.54000000,36.54700000,37.04800000,12949.74900000
2021-06-20,36.95300000,37.21800000,36.45700000,36.70900000,14858.15700000
2021-06-20,36.70900000,37.55500000,36.70900000,37.38000000,32659.76700000
2021-06-20,37.32100000,37.55700000,36.83300000,37.26000000,27732.53200000
2021-06-20,37.23100000,37.23100000,36.60000000,36.60000000,535.28500000
2021-06-20,36.55000000,36.83900000,36.52400000,36.69000000,502.01400000
2021-06-20,36.67400000,36.79100000,36.46000000,36.54500000,467.50500000
2021-06-20,36.54800000,36.79300000,36.40800000,36.67100000,1163.17400000
2021-06-20,36.72700000,37.02600000,36.68100000,36.91200000,468.40700000
2021-06-20,36.77000000,36.85900000,36.48200000,36.68800000,264.83500000
2021-06-20,36.61800000,37.39400000,36.59800000,36.75500000,10090.05800000
2021-06-20,36.60900000,36.99100000,36.54500000,36.89500000,788.21600000
2021-06-20,37.00200000,37.36400000,36.82500000,36.93000000,677.38500000
2021-06-20,36.93600000,37.01600000,36.46400000,36.46400000,510.96100000
2021-06-20,36.48700000,36.73900000,36.40900000,36.70800000,293.70600000
2021-06-20,36.68900000,36.68900000,36.29900000,36.40600000,1563.50000000
2021-06-20,36.33600000,36.57500000,36.11600000,36.17100000,1460.93900000
2021-06-20,36.11700000,36.28700000,35.57000000,35.91600000,4589.32400000
2021-06-20,35.91600000,36.07200000,35.37500000,35.87000000,2483.97000000
2021-06-20,35.75600000,35.84000000,35.10100000,35.23700000,1288.19400000
2021-06-20,35.18600000,35.59700000,35.14600000,35.15600000,607.41000000
2021-06-20,35.15600000,35.64900000,35.06900000,35.62000000,1249.06900000
2021-06-20,35.63300000,36.35000000,35.61500000,35.95300000,4142.53200000
2021-06-21,35.95100000,36.34800000,35.67700000,36.03700000,1418.93800000
2021-06-21,36.04800000,37.20800000,35.70600000,35.93700000,14826.59500000
2021-06-21,35.89100000,36.31100000,35.89100000,36.23800000,781.26400000
2021-06-21,36.26200000,36.78800000,36.06200000,36.44600000,847.13700000
2021-06-21,36.56700000,37.01600000,36.45800000,36.89200000,1237.81400000
2021-06-21,36.85300000,36.89100000,36.41000000,36.49000000,1378.34500000
2021-06-21,36.60400000,36.95100000,36.53800000,36.84000000,286.79500000
2021-06-21,36.80500000,36.87000000,36.59700000,36.70300000,194.02300000
2021-06-21,36.58400000,36.72800000,36.12300000,36.36400000,162.33200000
2021-06-21,36.53900000,36.59400000,35.85000000,35.89500000,713.83700000
2021-06-21,36.02600000,36.20300000,35.54500000,35.86800000,432.88100000
2021-06-21,35.81200000,35.98000000,35.54000000,35.55700000,164.32000000
2021-06-21,35.59600000,35.59600000,34.56200000,34.97300000,3202.84300000
2021-06-21,34.95600000,35.30700000,34.54100000,35.24500000,1628.43800000
2021-06-21,35.34400000,35.55400000,34.00000000,34.02600000,2771.99900000
2021-06-21,34.02500000,34.75400000,34.00000000,34.24500000,1570.52000000
2021-06-21,34.18300000,34.38600000,34.00000000,34.10400000,1027.73600000
2021-06-21,34.10400000,34.81700000,34.00000000,34.22800000,1431.42600000
2021-06-21,34.28300000,34.29600000,34.00000000,34.00000000,1788.09300000
2021-06-21,34.00000000,34.26200000,33.46500000,33.61400000,2427.63300000
2021-06-21,33.61000000,33.61000000,32.33400000,32.42300000,4012.91100000
2021-06-21,32.48800000,33.47500000,32.22000000,33.47500000,3153.95300000
2021-06-21,33.45400000,33.60700000,32.98700000,33.01000000,1020.10500000
2021-06-21,33.10600000,33.26000000,32.43400000,32.87400000,2197.89300000
2021-06-22,32.69300000,33.03100000,32.16600000,32.16600000,909.54200000
2021-06-22,32.20900000,32.50900000,32.00000000,32.24000000,1407.43100000
2021-06-22,32.19600000,32.49700000,32.10500000,32.36200000,842.09600000
2021-06-22,32.35900000,32.35900000,32.00800000,32.15200000,772.56300000
2021-06-22,32.16400000,32.59800000,32.04300000,32.11800000,1691.23200000
2021-06-22,32.03900000,32.10600000,30.79200000,30.89400000,2439.94600000
2021-06-22,30.92700000,31.32800000,30.03100000,30.17300000,1308.56500000
2021-06-22,30.09000000,31.10800000,30.00100000,30.39300000,2680.62200000
2021-06-22,30.28300000,30.55400000,30.00000000,30.37500000,2682.93600000
2021-06-22,30.42900000,31.18000000,30.18000000,30.63700000,1627.79800000
2021-06-22,30.71400000,31.00200000,30.14000000,30.91000000,1717.65300000
2021-06-22,31.05300000,31.89900000,31.03700000,31.86400000,1226.61900000
2021-06-22,31.86700000,33.00000000,31.69200000,32.89300000,2255.64100000
2021-06-22,32.90900000,33.38400000,32.31700000,32.31700000,2132.72500000
2021-06-22,32.31700000,32.67800000,31.70500000,32.01500000,1883.57700000
2021-06-22,32.09900000,32.23700000,31.22200000,31.40000000,1594.87200000
2021-06-22,31.39900000,31.39900000,26.25300000,26.75000000,85431.09700000
2021-06-22,26.75000000,27.12800000,26.43700000,26.60800000,7502.16400000
2021-06-22,26.68900000,27.19800000,26.21800000,26.88000000,7754.57200000
2021-06-22,26.97700000,27.07500000,26.32700000,26.44200000,3171.95000000
2021-06-22,26.35800000,26.35800000,23.14300000,25.14300000,13078.87000000
2021-06-22,25.16100000,25.54700000,23.98000000,24.22100000,5007.98600000
2021-06-22,24.15300000,26.00000000,23.92000000,26.00000000,4614.23000000
2021-06-22,25.93000000,27.05500000,25.62900000,26.99000000,5030.58700000
2021-06-23,26.97400000,27.65300000,26.44200000,27.44800000,3655.03400000
2021-06-23,27.49500000,27.64800000,26.70100000,27.47100000,2093.40500000
2021-06-23,27.38200000,28.16000000,27.04500000,27.87000000,3904.36300000
2021-06-23,27.89800000,27.89800000,27.27800000,27.59600000,1663.84200000
2021-06-23,27.51800000,28.26300000,27.36100000,28.09900000,973.66900000
2021-06-23,27.94800000,28.01200000,27.14700000,27.26400000,778.87400000
2021-06-23,27.24000000,27.38300000,26.92900000,27.20200000,1397.36300000
2021-06-23,27.25300000,27.43900000,26.62700000,27.29900000,750.55400000
2021-06-23,27.35900000,29.08900000,26.60200000,28.94600000,3387.13400000
2021-06-23,29.04100000,29.55500000,28.40700000,28.89300000,4145.56000000
2021-06-23,28.89000000,29.08000000,28.44300000,28.79700000,2132.27200000
2021-06-23,28.77800000,30.08100000,28.51100000,29.93700000,3423.83000000
2021-06-23,29.96200000,31.10300000,29.43300000,29.59700000,2678.16400000
2021-06-23,29.54000000,30.00200000,29.31400000,29.94800000,1088.55000000
2021-06-23,30.04700000,30.11300000,29.65100000,29.66100000,1203.07100000
2021-06-23,29.68400000,30.33400000,29.21000000,29.55200000,8352.42900000
2021-06-23,29.53100000,30.28300000,29.50000000,29.50000000,2104.73300000
2021-06-23,29.50900000,30.39700000,29.43400000,29.51200000,5806.29200000
2021-06-23,29.54100000,30.43000000,29.41100000,30.20800000,4467.22100000
2021-06-23,30.20800000,30.34100000,29.48200000,29.57800000,2183.96100000
2021-06-23,29.56000000,30.17900000,29.49800000,29.92100000,1015.25500000
2021-06-23,29.96800000,30.42100000,29.79000000,29.81700000,2228.89300000
2021-06-23,29.81500000,30.09900000,29.21700000,29.94100000,1255.53200000
2021-06-23,29.94100000,30.12900000,28.59700000,28.63000000,2932.24400000
2021-06-24,28.59800000,29.09800000,28.27700000,28.70500000,1118.83500000
2021-06-24,28.78300000,28.94900000,28.51000000,28.56000000,538.14900000
2021-06-24,28.53500000,28.55000000,27.75900000,27.82800000,2591.41100000
2021-06-24,27.82900000,28.22000000,27.31800000,27.33300000,1605.53100000
2021-06-24,27.43500000,27.89400000,27.31300000,27.64900000,1384.76000000
2021-06-24,27.75900000,28.27000000,27.70400000,28.09800000,730.88300000
2021-06-24,28.00000000,28.13600000,27.78700000,28.01200000,219.67800000
2021-06-24,28.03000000,28.80000000,27.87900000,28.77000000,885.77300000
2021-06-24,28.59800000,28.68600000,28.15400000,28.16200000,241.26000000
2021-06-24,28.23600000,28.50000000,27.53900000,27.78600000,510.06000000
2021-06-24,27.64100000,27.94300000,27.38000000,27.64400000,870.30800000
2021-06-24,27.57700000,28.20300000,27.55600000,27.87200000,544.13800000
2021-06-24,27.94300000,28.06000000,27.81400000,27.91600000,216.42000000
2021-06-24,27.95400000,28.19900000,27.85300000,28.19900000,338.25700000
2021-06-24,28.14200000,28.64000000,28.08800000,28.51000000,565.84400000
2021-06-24,28.44700000,28.71800000,28.31700000,28.37200000,738.13300000
2021-06-24,28.39100000,28.50000000,28.07100000,28.37500000,1855.39000000
2021-06-24,28.42700000,28.74300000,28.42700000,28.62100000,532.09300000
2021-06-24,28.48400000,28.70700000,28.32000000,28.32000000,781.87000000
2021-06-24,28.30700000,29.32400000,28.29400000,29.32400000,2216.36700000
2021-06-24,29.33900000,29.33900000,28.96200000,29.27100000,255.92700000
2021-06-24,29.05600000,29.28400000,28.59800000,28.99800000,954.06500000
2021-06-24,29.11300000,29.19500000,28.78100000,28.84800000,308.82200000
2021-06-24,28.89900000,29.19900000,28.16600000,28.48100000,1123.07900000
2021-06-25,28.46900000,29.00000000,28.24100000,28.97500000,1611.45000000
2021-06-25,29.02800000,29.33900000,28.50300000,29.26200000,2192.62600000
2021-06-25,29.33800000,29.54400000,29.24300000,29.39000000,1908.86300000
2021-06-25,29.39000000,29.43400000,29.07800000,29.27900000,703.51300000
2021-06-25,29.25300000,29.47900000,29.17200000,29.28300000,425.00400000
2021-06-25,29.28900000,29.29100000,28.67700000,28.74200000,577.64500000
2021-06-25,28.77400000,28.81000000,28.35300000,28.50100000,665.63200000
2021-06-25,28.50100000,28.80700000,28.42000000,28.63900000,583.11100000
2021-06-25,28.63600000,29.34700000,28.63600000,28.77700000,827.86500000
2021-06-25,28.76200000,29.09000000,28.32700000,29.09000000,786.77900000
2021-06-25,29.11300000,29.47600000,28.99000000,29.34700000,1681.67000000
2021-06-25,29.29900000,29.35500000,29.08400000,29.19500000,508.21400000
2021-06-25,29.11000000,29.12600000,28.60400000,28.62900000,425.86700000
2021-06-25,28.62900000,28.78800000,28.12900000,28.21800000,1017.22700000
2021-06-25,28.26100000,28.50100000,28.00000000,28.41900000,780.98800000
2021-06-25,28.39300000,28.47500000,27.62500000,27.80400000,1147.62600000
2021-06-25,27.76800000,27.92000000,27.54100000,27.85600000,716.84500000
2021-06-25,27.87000000,27.92000000,27.17600000,27.17600000,990.06900000
2021-06-25,27.16500000,27.47600000,27.13300000,27.20800000,1003.94400000
2021-06-25,27.20800000,27.21500000,27.04600000,27.12300000,508.65800000
2021-06-25,27.06700000,27.21400000,27.00000000,27.11300000,1110.33900000
2021-06-25,27.12400000,27.27800000,27.00000000,27.15100000,1039.57700000
2021-06-25,27.17400000,27.98000000,27.00000000,27.70200000,2183.33900000
2021-06-25,27.68800000,27.68900000,27.03500000,27.07600000,1108.39300000
2021-06-26,27.07600000,27.24300000,27.00000000,27.07400000,805.85800000
2021-06-26,27.00300000,27.44000000,27.00000000,27.02400000,824.03400000
2021-06-26,27.01200000,27.35000000,27.00600000,27.16100000,682.60200000
2021-06-26,27.16200000,27.61800000,27.00000000,27.17800000,2060.06700000
2021-06-26,27.14500000,27.22500000,27.04800000,27.19200000,445.35100000
2021-06-26,27.08000000,28.00000000,26.56300000,27.10600000,11793.06800000
2021-06-26,27.10600000,27.13300000,26.65200000,26.69100000,999.84100000
2021-06-26,26.76300000,27.00000000,26.70700000,26.83800000,274.32400000
2021-06-26,26.73200000,27.22900000,26.63600000,26.96900000,689.38800000
2021-06-26,26.96300000,27.53900000,26.71800000,27.22200000,1374.36900000
2021-06-26,27.30800000,27.30800000,26.72700000,26.94600000,582.92900000
2021-06-26,26.94600000,27.02900000,26.73500000,26.81800000,240.97800000
2021-06-26,26.73300000,26.99900000,26.71000000,26.99900000,308.15400000
2021-06-26,26.99400000,27.32200000,26.81300000,26.85000000,638.15200000
2021-06-26,26.85000000,28.00200000,26.66500000,27.22100000,64872.83100000
2021-06-26,27.17900000,27.17900000,25.98000000,26.49000000,29454.02300000
2021-06-26,26.32700000,27.05800000,25.68500000,26.67500000,54457.73200000
2021-06-26,26.64900000,26.67500000,25.73300000,26.37200000,32497.25000000
2021-06-26,26.39200000,26.61400000,26.00900000,26.09500000,987.93800000
2021-06-26,26.15300000,26.87500000,26.15300000,26.73600000,953.47800000
2021-06-26,26.62700000,26.73900000,26.03100000,26.14800000,1640.64300000
2021-06-26,26.17700000,26.49600000,25.75000000,25.81600000,1334.42000000
2021-06-26,25.84200000,26.55200000,25.56600000,26.54300000,986.23500000
2021-06-26,26.57600000,27.13500000,25.88700000,26.87400000,1819.79700000
2021-06-27,26.76300000,26.86300000,26.18700000,26.35500000,982.43200000
2021-06-27,26.37100000,27.61000000,26.32800000,27.49700000,2106.90000000
2021-06-27,27.49100000,27.86900000,27.13200000,27.16900000,1809.45200000
2021-06-27,27.20800000,27.88300000,27.12000000,27.15900000,1232.87900000
2021-06-27,27.15800000,27.15800000,26.69100000,26.74700000,588.84100000
2021-06-27,26.68000000,26.68000000,26.31900000,26.45300000,758.45300000
2021-06-27,26.41800000,26.72900000,26.41800000,26.69900000,444.75700000
2021-06-27,26.73700000,27.15400000,26.60300000,27.11100000,1188.43100000
2021-06-27,27.17000000,27.28700000,26.94400000,27.10600000,1038.95500000
2021-06-27,27.11900000,27.47500000,26.92100000,27.34300000,948.40100000
2021-06-27,27.34900000,27.45000000,27.26800000,27.28700000,235.03600000
2021-06-27,27.26800000,27.48000000,27.22600000,27.47900000,613.30500000
2021-06-27,27.48800000,27.80900000,27.34200000,27.73500000,1003.88200000
2021-06-27,27.73600000,27.81200000,27.29300000,27.60500000,1376.03700000
2021-06-27,27.62200000,28.23800000,27.22500000,27.70900000,10215.25400000
2021-06-27,27.66800000,28.78300000,27.49300000,27.84300000,22425.09000000
2021-06-27,27.82200000,28.10000000,27.55000000,27.55000000,4444.64200000
2021-06-27,27.54600000,28.37800000,27.15600000,27.22900000,13481.82600000
2021-06-27,27.18800000,27.62200000,27.03600000,27.26400000,3393.75600000
2021-06-27,27.33600000,27.40800000,26.98600000,27.18200000,1608.12100000
2021-06-27,27.05200000,28.13100000,27.05200000,27.34000000,16929.08100000
2021-06-27,27.35000000,27.38500000,27.03200000,27.07200000,1722.32300000
2021-06-27,27.08500000,27.47000000,26.75100000,27.47000000,668.32300000
2021-06-27,27.40700000,27.67000000,27.16000000,27.59700000,2370.71800000
2021-06-28,27.59700000,27.66500000,27.31200000,27.31200000,209.64300000
2021-06-28,27.32700000,27.46900000,27.21600000,27.21600000,129.62800000
2021-06-28,27.22200000,27.22200000,26.78900000,26.89700000,521.68800000
2021-06-28,26.90000000,27.67000000,26.88700000,27.37300000,2988.03800000
2021-06-28,27.31800000,27.86900000,27.05200000,27.75000000,1526.18800000
2021-06-28,27.78600000,27.82500000,27.30000000,27.70800000,1312.40300000
2021-06-28,27.70800000,28.45600000,27.70800000,28.08100000,1184.28400000
2021-06-28,28.11600000,28.50000000,27.96400000,28.40400000,983.42600000
2021-06-28,28.40400000,28.71700000,28.35600000,28.55400000,1055.79800000
2021-06-28,28.63400000,28.63800000,28.14700000,28.14700000,506.32900000
2021-06-28,28.15200000,29.38900000,28.06000000,29.17600000,19107.91800000
2021-06-28,29.12500000,29.92300000,28.82500000,29.40500000,15466.90900000
2021-06-28,29.28800000,29.57500000,27.92500000,28.16200000,7223.44600000
2021-06-28,28.15200000,28.50700000,27.95000000,28.02700000,10363.27200000
2021-06-28,28.03900000,28.67000000,28.03900000,28.22900000,4221.15500000
2021-06-28,28.20500000,28.90700000,28.14800000,28.70900000,1733.11700000
2021-06-28,28.70900000,28.77000000,28.29900000,28.49600000,1491.63500000
2021-06-28,28.45600000,28.59400000,28.07100000,28.09700000,690.88900000
2021-06-28,28.21400000,28.29000000,27.62000000,27.98000000,3002.30500000
2021-06-28,28.00400000,28.25700000,27.74900000,28.17100000,4403.59000000
2021-06-28,28.15700000,28.20400000,27.88300000,28.07600000,5256.64500000
2021-06-28,27.99700000,28.17700000,27.90000000,28.16800000,2868.71400000
2021-06-28,28.13600000,28.33400000,27.99200000,28.03700000,7297.37900000
2021-06-28,28.02900000,28.65400000,28.02200000,28.65400000,866.11000000
2021-06-29,28.65400000,28.69900000,28.25000000,28.53200000,1067.73500000
2021-06-29,28.49700000,28.49700000,28.05000000,28.20100000,670.28400000
2021-06-29,28.20100000,28.96600000,28.20000000,28.47200000,2522.69900000
2021-06-29,28.44500000,29.70000000,28.41300000,29.59900000,2974.55200000
2021-06-29,29.53100000,29.58100000,29.17600000,29.58100000,1507.50200000
2021-06-29,29.58100000,29.61000000,28.86800000,29.43000000,3259.43100000
2021-06-29,29.31700000,29.31700000,28.93900000,29.11400000,618.74700000
2021-06-29,29.11400000,29.31800000,28.82500000,29.10900000,2548.25200000
2021-06-29,29.15800000,29.68800000,29.01900000,29.42100000,5379.17800000
2021-06-29,29.36100000,29.41100000,28.99000000,29.05800000,3783.57300000
2021-06-29,29.11100000,29.22100000,28.70400000,28.72700000,345.87200000
2021-06-29,28.68800000,29.35700000,28.67200000,29.32600000,17583.65300000
2021-06-29,29.13800000,29.42000000,29.05400000,29.29200000,3576.26300000
2021-06-29,29.18700000,29.30900000,28.85300000,29.14000000,8798.13500000
2021-06-29,29.13700000,29.63100000,29.04600000,29.56200000,1180.98500000
2021-06-29,29.63300000,29.90100000,29.38400000,29.65300000,1578.58700000
2021-06-29,29.66200000,29.83900000,29.44800000,29.62600000,1033.94800000
2021-06-29,29.56100000,29.71700000,29.30700000,29.65100000,499.69400000
2021-06-29,29.64100000,30.18900000,29.52900000,30.14100000,1280.61800000
2021-06-29,30.07400000,30.40400000,29.81600000,29.97000000,1152.85100000
2021-06-29,29.97000000,30.49900000,29.78200000,30.24700000,2139.92800000
2021-06-29,30.15500000,30.98000000,30.13200000,30.62000000,4902.17700000
2021-06-29,30.63100000,30.63200000,30.24700000,30.30400000,1745.32900000
2021-06-29,30.28400000,30.35200000,29.87100000,30.18000000,1306.19400000
2021-06-30,30.18000000,30.24100000,29.90000000,30.15600000,1115.46400000
2021-06-30,30.15500000,30.35400000,30.03200000,30.16900000,865.19300000
2021-06-30,30.07400000,30.09700000,29.58000000,29.93900000,1734.68900000
2021-06-30,29.94300000,30.06800000,29.91800000,30.04200000,330.51600000
2021-06-30,30.09000000,30.52900000,30.01000000,30.05600000,2778.21300000
2021-06-30,30.01100000,30.22500000,29.38900000,29.69900000,7198.73300000
2021-06-30,29.70400000,29.77600000,29.31100000,29.35300000,1425.31700000
2021-06-30,29.40700000,29.48900000,29.24300000,29.35600000,285.70100000
2021-06-30,29.34600000,29.96200000,29.22300000,29.81900000,9945.14000000
2021-06-30,29.84600000,29.94200000,29.26600000,29.82800000,26801.42000000
2021-06-30,29.75800000,29.98500000,29.44600000,29.63000000,31922.09500000
2021-06-30,29.65900000,29.86700000,28.75000000,28.89400000,8781.83100000
2021-06-30,28.88700000,29.00700000,28.01400000,28.02300000,9488.04000000
2021-06-30,28.01700000,28.40100000,27.91400000,28.35500000,1506.52500000
2021-06-30,28.33500000,29.65500000,28.32500000,28.73600000,11152.42100000
2021-06-30,28.74100000,30.01000000,28.59800000,29.20300000,3576.08200000
2021-06-30,29.24400000,29.27400000,28.51100000,28.58300000,2181.68300000
2021-06-30,28.57200000,29.78600000,28.34300000,29.36500000,3325.70000000
2021-06-30,29.36500000,30.21400000,29.23800000,30.11500000,2730.03500000
2021-06-30,30.10000000,31.76200000,30.02900000,31.01800000,9379.78600000
2021-06-30,31.02600000,34.97900000,31.02600000,32.93800000,28534.33400000
2021-06-30,32.93800000,35.75200000,32.37900000,34.75500000,16733.14600000
2021-06-30,34.70100000,43.36700000,33.57000000,40.42400000,127426.82500000
2021-06-30,40.42600000,43.50000000,38.09500000,39.22600000,211368.71600000
2021-07-01,39.24200000,40.84500000,36.59600000,36.70600000,45673.89500000
2021-07-01,36.64500000,37.85400000,36.20600000,36.50400000,24719.72000000
2021-07-01,36.44900000,37.45000000,36.05000000,36.97600000,19567.12400000
2021-07-01,37.01100000,39.70000000,36.78000000,37.27500000,89094.72000000
2021-07-01,37.28000000,37.49000000,35.63600000,35.64800000,12817.71800000
2021-07-01,35.69800000,36.63600000,35.69800000,36.21600000,9384.90600000
2021-07-01,36.29400000,36.29700000,35.15100000,35.26500000,5259.29500000
2021-07-01,35.30000000,36.34900000,35.28200000,36.10400000,7897.56600000
2021-07-01,36.11400000,36.13000000,34.48900000,34.54200000,7579.68400000
2021-07-01,34.56300000,35.09300000,34.20000000,35.09300000,14378.51200000
2021-07-01,35.01100000,35.08400000,34.00000000,34.67100000,7701.55700000
2021-07-01,34.67100000,35.26800000,33.97600000,34.00000000,8058.66200000
2021-07-01,34.00000000,34.33800000,34.00000000,34.24300000,6195.14900000
2021-07-01,34.24300000,34.95300000,34.08200000,34.37200000,7986.89800000
2021-07-01,34.34000000,34.47900000,32.33300000,32.64800000,23637.17800000
2021-07-01,32.64800000,33.33100000,32.57400000,33.00000000,7823.47900000
2021-07-01,33.02200000,33.05600000,32.37000000,32.58500000,5675.92900000
2021-07-01,32.62800000,32.64400000,32.01900000,32.11800000,3522.58300000
2021-07-01,32.12200000,32.77200000,32.00000000,32.74700000,5498.47300000
2021-07-01,32.67800000,35.37300000,32.65100000,33.71900000,31765.67000000
2021-07-01,33.63700000,33.71900000,32.63100000,32.82600000,10629.36100000
2021-07-01,32.82600000,32.99200000,32.07000000,32.21700000,8488.00000000
2021-07-01,32.28500000,32.56800000,32.00000000,32.48700000,5946.34000000
2021-07-01,32.48600000,35.37500000,32.39700000,34.40300000,29747.37800000
2021-07-02,34.50100000,35.46800000,33.66100000,33.75300000,16470.27500000
2021-07-02,33.68400000,34.00000000,32.88200000,33.79700000,6674.03600000
2021-07-02,33.69600000,33.82900000,33.31300000,33.40100000,2564.22700000
2021-07-02,33.46000000,33.64700000,32.29400000,33.10900000,5946.09100000
2021-07-02,33.15100000,33.47100000,32.53700000,32.65700000,2522.07300000
2021-07-02,32.67200000,32.81500000,32.31100000,32.40600000,3131.97800000
2021-07-02,32.47700000,32.74000000,32.38100000,32.65600000,1361.62700000
2021-07-02,32.65600000,33.36400000,32.50600000,33.36400000,9766.30400000
2021-07-02,33.29200000,33.44900000,32.88100000,33.01600000,2754.72900000
2021-07-02,33.01700000,33.01700000,32.20000000,32.36800000,4235.75300000
2021-07-02,32.36300000,32.54900000,32.13400000,32.14000000,1110.77400000
2021-07-02,32.14000000,32.19000000,32.00000000,32.04600000,1584.35100000
2021-07-02,32.04900000,32.83100000,32.03800000,32.63900000,3436.82200000
2021-07-02,32.64200000,32.69000000,32.09300000,32.33100000,2495.57700000
2021-07-02,32.40300000,32.46400000,32.00000000,32.09600000,1886.76000000
2021-07-02,32.02400000,32.40800000,32.02400000,32.37600000,769.46900000
2021-07-02,32.31000000,32.45800000,32.01900000,32.11000000,1946.42600000
2021-07-02,32.11000000,32.11100000,31.30600000,31.47100000,5235.96600000
2021-07-02,31.44600000,32.06700000,31.10000000,31.11500000,4765.17500000
2021-07-02,31.17400000,31.42200000,30.78200000,31.05200000,3360.29800000
2021-07-02,30.97800000,31.17700000,30.61200000,30.96800000,3844.51300000
2021-07-02,30.96800000,31.40100000,30.74500000,31.12600000,3256.17100000
2021-07-02,31.10500000,31.55200000,31.00400000,31.55000000,3426.44600000
2021-07-02,31.55200000,32.80900000,31.15400000,32.73600000,5661.12400000
2021-07-03,32.75800000,32.93900000,31.63200000,31.71200000,5311.30000000
2021-07-03,31.71200000,32.22100000,31.41100000,31.69300000,2395.96000000
2021-07-03,31.63500000,31.93600000,31.52400000,31.55300000,645.69900000
2021-07-03,31.56800000,32.19600000,31.51400000,31.99000000,925.74200000
2021-07-03,32.00400000,32.06700000,31.48100000,31.75200000,1179.26300000
2021-07-03,31.68900000,31.80800000,31.52300000,31.54700000,1464.91200000
2021-07-03,31.57800000,31.83600000,31.54300000,31.79300000,519.48400000
2021-07-03,31.72300000,31.85400000,31.59500000,31.70000000,1023.50700000
2021-07-03,31.70000000,31.93700000,31.25100000,31.32400000,1430.13500000
2021-07-03,31.35600000,31.57300000,31.29200000,31.50500000,1568.51500000
2021-07-03,31.43700000,31.43700000,31.20800000,31.21800000,754.90400000
2021-07-03,31.20800000,31.38600000,31.11400000,31.24000000,883.05100000
2021-07-03,31.29900000,31.75900000,31.29900000,31.63800000,1549.04000000
2021-07-03,31.63800000,31.82500000,31.51300000,31.67100000,1834.37300000
2021-07-03,31.72300000,32.01700000,31.71500000,32.00400000,1312.02800000
2021-07-03,32.00800000,33.08300000,31.97900000,32.80600000,6375.76600000
2021-07-03,32.83700000,32.85200000,32.46000000,32.68800000,3128.27300000
2021-07-03,32.68800000,33.01000000,32.67100000,32.80400000,1536.82300000
2021-07-03,32.82900000,32.82900000,32.43200000,32.57800000,1443.16200000
2021-07-03,32.56600000,32.71800000,32.24000000,32.31300000,1577.97300000
2021-07-03,32.33600000,32.33600000,31.99900000,32.05000000,2620.97800000
2021-07-03,32.09200000,32.42300000,32.00900000,32.42300000,1971.06900000
2021-07-03,32.43000000,32.74800000,32.20900000,32.48700000,1485.38800000
2021-07-03,32.48700000,32.60000000,32.09600000,32.28200000,2765.53700000
2021-07-04,32.28300000,32.70000000,32.18400000,32.39200000,1732.37300000
2021-07-04,32.37300000,32.66700000,32.34700000,32.43800000,832.42900000
2021-07-04,32.48100000,32.55400000,31.70000000,31.97000000,4906.19300000
2021-07-04,31.97300000,32.28100000,31.82200000,32.05000000,2188.99900000
2021-07-04,32.10700000,32.24100000,32.03600000,32.03600000,890.33600000
2021-07-04,32.07300000,32.08400000,31.80000000,31.80000000,820.40100000
2021-07-04,31.80300000,31.83000000,31.40000000,31.74000000,2361.49100000
2021-07-04,31.63300000,32.16800000,31.42800000,31.83400000,3467.08600000
2021-07-04,31.82200000,32.38900000,31.69400000,32.20200000,5026.62500000
2021-07-04,32.00500000,32.00500000,31.17300000,31.28500000,3278.48600000
2021-07-04,31.28500000,31.66700000,31.28500000,31.52900000,1053.62000000
2021-07-04,31.54200000,31.65800000,31.35500000,31.40100000,874.23900000
2021-07-04,31.44800000,31.80800000,31.39500000,31.51500000,2430.31700000
2021-07-04,31.51500000,32.12100000,31.48300000,31.98000000,3018.88800000
2021-07-04,31.98100000,32.55300000,31.79200000,32.37100000,5152.61300000
2021-07-04,32.36800000,33.61100000,32.25300000,33.52000000,8658.22000000
2021-07-04,33.39500000,33.51500000,32.50100000,33.12000000,2654.06000000
2021-07-04,33.09000000,33.09000000,32.62000000,32.82900000,1042.74200000
2021-07-04,32.73700000,33.57700000,32.63200000,33.12900000,8604.59200000
2021-07-04,33.04600000,33.15300000,32.49000000,32.62300000,1845.96400000
2021-07-04,32.59900000,32.95700000,32.18100000,32.38000000,4294.10400000
2021-07-04,32.34900000,32.95900000,32.33800000,32.81900000,10039.74500000
2021-07-04,32.81900000,33.00000000,32.61000000,32.79800000,1298.25400000
2021-07-04,32.73200000,33.01800000,32.60000000,32.70200000,13632.15900000
2021-07-05,32.69400000,32.98400000,32.40800000,32.58600000,2562.54000000
2021-07-05,32.61900000,32.99900000,32.60500000,32.76000000,8025.76800000
2021-07-05,32.82900000,32.87400000,32.63200000,32.80700000,1202.10100000
2021-07-05,32.82200000,33.93500000,32.63000000,33.00000000,7673.98400000
2021-07-05,32.98300000,33.65400000,32.64000000,32.70000000,3989.71100000
2021-07-05,32.76500000,33.04200000,32.55800000,32.86500000,1840.18600000
2021-07-05,32.86400000,33.01700000,32.42700000,32.42700000,1142.79200000
2021-07-05,32.48000000,32.57400000,32.16000000,32.22000000,1648.89500000
2021-07-05,32.20000000,32.20000000,31.58600000,31.77300000,2231.11400000
2021-07-05,31.76100000,31.81200000,31.42500000,31.44000000,530.22600000
2021-07-05,31.49600000,31.80700000,31.47100000,31.55100000,1525.74100000
2021-07-05,31.55300000,32.37100000,31.26100000,32.34900000,3613.26100000
2021-07-05,32.24500000,32.36400000,31.52300000,31.52300000,3325.45900000
2021-07-05,31.52200000,31.63300000,31.30100000,31.50500000,1883.00100000
2021-07-05,31.51300000,32.04800000,31.47100000,31.94100000,2546.94700000
2021-07-05,31.87300000,31.91800000,31.74000000,31.77700000,369.69000000
2021-07-05,31.70900000,31.85000000,31.50000000,31.72000000,1077.50700000
2021-07-05,31.70900000,31.81100000,31.70900000,31.71800000,255.56500000
2021-07-05,31.72700000,32.94300000,31.68800000,32.28500000,8663.55300000
2021-07-05,32.28800000,32.89900000,31.24000000,31.48300000,22613.97300000
2021-07-05,31.47800000,32.01500000,31.47800000,31.53400000,6905.48600000
2021-07-05,31.59300000,32.08400000,31.52400000,31.56300000,11568.68800000
2021-07-05,31.55000000,32.41500000,31.54700000,32.07200000,3634.08900000
2021-07-05,32.00500000,34.40600000,31.91200000,32.99400000,10867.73900000
2021-07-06,32.93600000,33.50000000,32.30300000,32.30300000,5456.04800000
2021-07-06,32.30900000,32.90700000,32.02900000,32.85800000,30222.10400000
2021-07-06,32.86000000,32.91400000,32.35200000,32.68100000,2970.37300000
2021-07-06,32.69200000,32.80000000,32.19500000,32.22400000,1886.05400000
2021-07-06,32.29600000,32.31200000,31.80100000,31.87800000,1972.07100000
2021-07-06,31.93800000,32.47800000,31.93800000,32.35300000,2036.90500000
2021-07-06,32.27600000,33.95700000,32.02100000,33.88400000,5195.49600000
2021-07-06,33.88400000,35.44200000,33.34600000,33.43400000,14859.53100000
2021-07-06,33.52000000,33.63700000,32.98700000,33.07000000,3285.73800000
2021-07-06,33.06900000,33.10600000,32.45900000,32.55100000,5505.13200000
2021-07-06,32.56200000,33.33500000,32.49000000,33.33500000,2097.05900000
2021-07-06,33.28600000,33.34900000,33.10500000,33.10600000,444.06200000
2021-07-06,33.17700000,34.80600000,33.10700000,33.85100000,6782.15000000
2021-07-06,33.91500000,34.37800000,33.80300000,34.03000000,1325.21100000
2021-07-06,34.14700000,34.18200000,33.39500000,33.39500000,2127.48100000
2021-07-06,33.41300000,34.29500000,33.40500000,34.26800000,1632.85100000
2021-07-06,34.26400000,34.50100000,33.84000000,34.16500000,1597.49800000
2021-07-06,34.09000000,34.09000000,33.02500000,33.32700000,4827.95200000
2021-07-06,33.37600000,33.79700000,33.23200000,33.46500000,1221.54300000
2021-07-06,33.42600000,33.79700000,33.15900000,33.68800000,2081.80300000
2021-07-06,33.68800000,33.78900000,33.32900000,33.67200000,3503.72600000
2021-07-06,33.65300000,33.65300000,32.98900000,33.19500000,2259.78500000
2021-07-06,33.24500000,33.89600000,33.18700000,33.29300000,28092.36600000
2021-07-06,33.27800000,33.39900000,33.01800000,33.35000000,4296.55800000
2021-07-07,33.37900000,34.29100000,32.98800000,33.38500000,13980.10300000
2021-07-07,33.28400000,33.28400000,32.72900000,33.14500000,1153.63200000
2021-07-07,33.01200000,33.33300000,32.93600000,33.09400000,1010.64800000
2021-07-07,33.06000000,33.50500000,33.03200000,33.13700000,1336.43800000
2021-07-07,33.21500000,33.26800000,32.86700000,33.19900000,1156.35800000
2021-07-07,33.19800000,33.50500000,32.51800000,32.61500000,1907.81300000
2021-07-07,32.67600000,33.36700000,32.67600000,33.16400000,913.67900000
2021-07-07,33.13000000,33.17200000,32.76100000,33.00300000,1350.51100000
2021-07-07,32.93100000,34.00000000,32.73800000,33.53800000,21528.20600000
2021-07-07,33.50500000,33.67500000,32.75300000,33.17900000,13719.00100000
2021-07-07,33.11500000,33.19500000,32.68000000,32.95700000,4531.13100000
2021-07-07,32.92500000,33.42200000,32.77900000,33.23900000,1678.23500000
2021-07-07,33.16400000,33.60000000,33.13400000,33.46700000,1641.14000000
2021-07-07,33.56500000,34.07200000,33.30800000,33.92500000,7816.10000000
2021-07-07,33.92500000,34.40200000,33.51200000,33.71600000,38446.87500000
2021-07-07,33.71100000,34.41700000,33.57100000,33.68300000,35583.14200000
2021-07-07,33.64700000,33.91900000,33.34600000,33.45600000,20593.03800000
2021-07-07,33.44400000,33.59300000,33.16200000,33.32600000,9346.50800000
2021-07-07,33.32600000,33.38800000,33.14700000,33.36200000,429.59900000
2021-07-07,33.31700000,33.83800000,33.31600000,33.66400000,1958.69700000
2021-07-07,33.74500000,34.50000000,33.52600000,33.89600000,7861.15900000
2021-07-07,33.89600000,34.42800000,33.60600000,33.87100000,27451.58000000
2021-07-07,33.84300000,33.89800000,33.19600000,33.27400000,3309.79000000
2021-07-07,33.27400000,34.14900000,33.17100000,33.60100000,18802.29300000
2021-07-08,33.59800000,33.89300000,33.40600000,33.77300000,671.87600000
2021-07-08,33.73800000,34.17200000,33.64100000,33.67800000,13035.66400000
2021-07-08,33.64400000,34.15800000,33.64200000,33.81200000,6105.81200000
2021-07-08,33.76600000,34.16700000,33.53200000,33.73300000,18363.83400000
2021-07-08,33.73300000,34.09900000,33.69300000,33.89000000,4887.44300000
2021-07-08,33.88100000,33.89000000,33.33000000,33.40800000,1926.10100000
2021-07-08,33.38600000,33.40600000,33.20000000,33.20000000,469.37400000
2021-07-08,33.21600000,33.23800000,32.80700000,33.08700000,880.08800000
2021-07-08,33.02600000,33.12000000,32.01400000,32.23400000,2820.45200000
2021-07-08,32.15100000,32.40800000,32.14800000,32.37700000,332.76300000
2021-07-08,32.27600000,32.32900000,32.00100000,32.06700000,1074.92900000
2021-07-08,32.07000000,32.17300000,31.57500000,32.17300000,1598.71700000
2021-07-08,32.05400000,32.05400000,31.50000000,31.88000000,3312.41800000
2021-07-08,31.85000000,31.93900000,31.46000000,31.50000000,3939.50600000
2021-07-08,31.50000000,32.32400000,31.50000000,31.75900000,2624.08400000
2021-07-08,31.79700000,31.87000000,31.17400000,31.54000000,1869.18100000
2021-07-08,31.45600000,31.77600000,31.21000000,31.67300000,3623.53200000
2021-07-08,31.67300000,31.67300000,31.41300000,31.41300000,537.20300000
2021-07-08,31.41300000,31.64500000,31.16700000,31.40100000,645.42300000
2021-07-08,31.39900000,31.39900000,30.73600000,31.09300000,964.63900000
2021-07-08,31.08000000,31.29800000,30.85100000,30.95900000,2176.90000000
2021-07-08,30.95900000,31.13900000,30.80100000,30.95200000,471.28900000
2021-07-08,31.04000000,31.22400000,30.74600000,31.07500000,987.68900000
2021-07-08,31.02300000,31.67900000,31.02300000,31.21400000,2222.96100000
2021-07-09,31.25300000,31.64500000,31.22100000,31.51300000,378.27100000
2021-07-09,31.64600000,31.67000000,31.41600000,31.42200000,479.91600000
2021-07-09,31.50000000,31.50900000,31.30000000,31.34600000,215.45000000
2021-07-09,31.47700000,31.85000000,31.03900000,31.32800000,1547.31700000
2021-07-09,31.36800000,31.55200000,31.01000000,31.23200000,562.95200000
2021-07-09,31.23700000,31.23700000,30.48600000,30.52700000,985.93400000
2021-07-09,30.59800000,30.59800000,30.00000000,30.08300000,1376.46100000
2021-07-09,30.08200000,30.55400000,30.08200000,30.36900000,282.74200000
2021-07-09,30.29100000,30.61500000,30.00000000,30.00100000,591.02000000
2021-07-09,30.00100000,30.56700000,30.00000000,30.43000000,1062.04900000
2021-07-09,30.43700000,31.30000000,30.41900000,31.21300000,2200.38900000
2021-07-09,31.25000000,31.66600000,30.89000000,31.12200000,1334.38200000
2021-07-09,31.12900000,31.28200000,31.02800000,31.19700000,65.01900000
2021-07-09,31.16900000,31.53900000,30.94100000,31.22000000,1547.90600000
2021-07-09,31.08400000,31.31600000,30.72600000,30.74900000,1114.81600000
2021-07-09,30.77600000,30.96100000,30.68100000,30.95000000,963.55300000
2021-07-09,30.87000000,30.92300000,30.69600000,30.80300000,394.54900000
2021-07-09,30.85900000,31.20400000,30.85900000,31.02400000,200.44000000
2021-07-09,31.02600000,31.08300000,30.69400000,30.72300000,353.97300000
2021-07-09,30.72800000,30.86400000,30.67300000,30.67300000,435.03900000
2021-07-09,30.72900000,30.96200000,30.35800000,30.90100000,1098.22500000
2021-07-09,30.96300000,31.38100000,30.88900000,31.38100000,915.27300000
2021-07-09,31.38100000,31.72500000,31.22200000,31.64500000,2116.16300000
2021-07-09,31.56200000,31.84000000,31.43300000,31.54800000,754.87600000
2021-07-10,31.53000000,32.32000000,31.27800000,31.56400000,5425.18500000
2021-07-10,31.57700000,34.58700000,31.54000000,32.51400000,16717.78200000
2021-07-10,32.51400000,32.69500000,31.90200000,31.98200000,2300.00300000
2021-07-10,31.98300000,32.32000000,31.84000000,32.30100000,867.62000000
2021-07-10,32.29800000,34.12500000,32.21500000,32.52300000,7476.67900000
2021-07-10,32.51800000,33.10000000,32.26000000,32.53700000,1677.84500000
2021-07-10,32.64100000,32.74200000,32.47700000,32.62700000,788.03400000
2021-07-10,32.62700000,32.79700000,32.06100000,32.11400000,590.47500000
2021-07-10,32.08200000,32.35500000,32.00000000,32.11200000,1831.33400000
2021-07-10,32.16100000,32.18700000,31.79300000,31.81400000,634.10500000
2021-07-10,31.88200000,32.24000000,31.62900000,31.74300000,870.95100000
2021-07-10,31.69500000,31.84300000,31.61300000,31.65300000,227.21800000
2021-07-10,31.65400000,31.80800000,31.50000000,31.50000000,881.84700000
2021-07-10,31.50000000,31.85700000,31.30700000,31.50600000,800.08400000
2021-07-10,31.50600000,31.77600000,31.45300000,31.67300000,205.40700000
2021-07-10,31.67300000,32.32400000,31.51700000,32.13800000,1728.86300000
2021-07-10,32.18300000,32.80600000,31.79200000,32.05500000,4449.94300000
2021-07-10,32.08600000,32.88200000,31.94200000,32.59900000,4625.18300000
2021-07-10,32.59900000,32.75000000,32.29300000,32.33800000,814.48400000
2021-07-10,32.27600000,32.27600000,31.81800000,32.11000000,1164.51800000
2021-07-10,32.11100000,32.19300000,31.92000000,31.92000000,298.37600000
2021-07-10,31.92000000,32.01100000,31.58400000,31.58400000,513.32700000
2021-07-10,31.61600000,31.80600000,31.52600000,31.80600000,596.58300000
2021-07-10,31.79000000,31.79000000,31.55000000,31.62600000,452.33500000
2021-07-11,31.57300000,32.07800000,31.55500000,31.87500000,1314.44900000
2021-07-11,31.81000000,31.98000000,31.03000000,31.20500000,1688.29600000
2021-07-11,31.16300000,31.23200000,31.03400000,31.14000000,83.57700000
2021-07-11,31.23500000,31.31300000,31.06200000,31.18000000,419.43900000
2021-07-11,31.06100000,31.20400000,30.67700000,31.20000000,646.06800000
2021-07-11,31.25900000,31.26000000,31.06400000,31.09700000,313.12000000
2021-07-11,31.17200000,31.33500000,31.07800000,31.26700000,397.91300000
2021-07-11,31.27800000,31.87900000,31.20500000,31.37700000,1196.63900000
2021-07-11,31.37700000,31.79800000,31.16000000,31.49600000,1387.64400000
2021-07-11,31.39900000,31.43900000,31.28000000,31.30700000,63.47300000
2021-07-11,31.30000000,31.46400000,31.05100000,31.34200000,473.92100000
2021-07-11,31.38900000,31.49600000,31.30400000,31.31800000,532.94700000
2021-07-11,31.31600000,32.22200000,31.14300000,31.77000000,5615.41900000
2021-07-11,31.84300000,32.49000000,31.36800000,31.70600000,7203.75000000
2021-07-11,31.66900000,32.41700000,31.30000000,31.58800000,7870.28500000
2021-07-11,31.67200000,32.33300000,31.57000000,31.70200000,6124.95800000
2021-07-11,31.76200000,31.83900000,31.51400000,31.75400000,413.71100000
2021-07-11,31.77300000,31.93700000,31.68100000,31.73600000,557.62200000
2021-07-11,31.73500000,31.78300000,31.48500000,31.68300000,856.85100000
2021-07-11,31.69000000,31.77600000,31.55500000,31.68400000,301.85700000
2021-07-11,31.68400000,31.74400000,31.59600000,31.65000000,162.50200000
2021-07-11,31.65000000,31.75400000,31.51400000,31.66000000,465.79400000
2021-07-11,31.65900000,31.78900000,31.36400000,31.56300000,1125.87400000
2021-07-11,31.53900000,31.66600000,31.38900000,31.52200000,485.85500000
2021-07-12,31.50300000,31.57500000,31.36400000,31.54600000,436.30100000
2021-07-12,31.47000000,31.52700000,31.32500000,31.41300000,191.61000000
2021-07-12,31.40700000,31.66000000,31.34400000,31.55600000,233.26100000
2021-07-12,31.55600000,32.60000000,31.40200000,31.49000000,9529.73700000
2021-07-12,31.49000000,32.16800000,31.08200000,31.31300000,10134.95900000
2021-07-12,31.30400000,31.76500000,31.08500000,31.71300000,1470.59800000
2021-07-12,31.67800000,31.71400000,31.42200000,31.46900000,663.03100000
2021-07-12,31.42300000,31.51800000,31.40100000,31.51800000,44.57200000
2021-07-12,31.43700000,31.43700000,31.25000000,31.37200000,407.13000000
2021-07-12,31.37200000,31.67100000,31.37200000,31.55700000,276.08200000
2021-07-12,31.55400000,31.66600000,31.48400000,31.60400000,66.69100000
2021-07-12,31.65500000,31.74400000,31.42100000,31.48000000,902.88400000
2021-07-12,31.45300000,31.50700000,31.19900000,31.43400000,410.39000000
2021-07-12,31.43200000,32.18400000,31.07800000,31.42100000,11968.37500000
2021-07-12,31.39100000,31.60100000,31.25000000,31.51300000,774.91300000
2021-07-12,31.55900000,31.66900000,31.21300000,31.23000000,1197.01000000
2021-07-12,31.35100000,31.56700000,31.23000000,31.44900000,408.65700000
2021-07-12,31.41400000,31.94000000,31.34000000,31.53000000,1224.54600000
2021-07-12,31.52300000,31.52300000,30.80100000,30.83600000,2553.84800000
2021-07-12,30.90900000,30.95800000,30.71900000,30.74200000,746.87700000
2021-07-12,30.70100000,30.97200000,30.51700000,30.75400000,936.29600000
2021-07-12,30.70800000,30.97000000,30.61000000,30.97000000,379.66600000
2021-07-12,30.99100000,31.02500000,30.69600000,30.83700000,388.50800000
2021-07-12,30.82200000,30.84700000,30.65300000,30.80200000,86.44300000
2021-07-13,30.69400000,30.75400000,29.65900000,30.06500000,5713.81200000
2021-07-13,30.08800000,30.18000000,29.52400000,29.65300000,912.11400000
2021-07-13,29.68700000,29.73800000,29.44000000,29.61500000,512.18500000
2021-07-13,29.62900000,30.04000000,29.59400000,29.83100000,615.33200000
2021-07-13,29.74600000,30.11700000,29.41200000,29.98600000,1762.97300000
2021-07-13,30.03500000,30.61900000,30.01400000,30.54700000,1702.56900000
2021-07-13,30.54700000,30.78600000,30.20500000,30.71900000,803.49900000
2021-07-13,30.74300000,31.34000000,30.71400000,31.07900000,1155.30500000
2021-07-13,31.13800000,31.50000000,30.99500000,31.27500000,872.84400000
2021-07-13,31.27500000,32.10000000,31.20800000,31.89500000,2082.09500000
2021-07-13,31.93200000,32.30000000,31.78400000,32.02100000,1642.96300000
2021-07-13,32.03200000,34.35200000,31.92900000,32.89700000,12973.99900000
2021-07-13,32.83900000,34.13700000,32.39000000,33.34300000,6758.84200000
2021-07-13,33.31600000,33.58800000,31.37200000,31.40300000,4065.07100000
2021-07-13,31.42000000,31.98800000,31.35000000,31.82800000,1315.73300000
2021-07-13,31.88800000,33.16000000,31.88800000,33.15200000,2483.78500000
2021-07-13,33.18300000,35.27600000,33.11600000,33.78500000,14672.84600000
2021-07-13,33.75300000,35.12400000,33.55700000,35.01000000,9093.00000000
2021-07-13,34.99300000,36.22300000,34.40700000,35.27700000,13574.87300000
2021-07-13,35.17000000,35.35700000,34.57800000,34.67500000,8924.15700000
2021-07-13,34.60400000,35.00800000,33.38500000,33.78000000,15564.16400000
2021-07-13,33.77100000,34.93000000,33.53100000,34.83400000,5016.13600000
2021-07-13,34.84000000,35.92500000,34.23100000,35.92500000,7819.55600000
2021-07-13,35.92400000,36.66000000,34.70000000,35.18300000,14108.26300000
2021-07-14,35.17700000,35.36500000,34.13500000,34.36300000,3659.69400000
2021-07-14,34.38100000,34.92700000,33.62800000,34.77400000,9564.73200000
2021-07-14,34.70100000,35.89900000,34.37000000,34.80900000,11954.28900000
2021-07-14,34.73800000,34.97300000,33.17000000,33.30100000,12384.67600000
2021-07-14,33.30500000,33.81500000,33.08600000,33.23200000,4170.82400000
2021-07-14,33.21900000,33.41200000,32.00100000,32.00100000,7187.59200000
2021-07-14,32.00100000,32.02800000,31.50100000,31.61400000,4609.35100000
2021-07-14,31.61300000,31.84100000,31.52100000,31.58600000,1328.98500000
2021-07-14,31.65400000,31.71500000,31.43700000,31.48500000,3469.35400000
2021-07-14,31.48400000,31.48400000,30.77900000,30.82900000,2917.42500000
2021-07-14,30.84300000,30.94200000,30.61400000,30.67700000,1617.31900000
2021-07-14,30.69400000,30.71200000,29.99400000,30.21200000,6192.52800000
2021-07-14,30.18800000,30.24700000,29.98000000,30.15900000,1779.79600000
2021-07-14,30.12600000,30.16300000,29.88700000,29.93800000,2161.09300000
2021-07-14,29.92800000,29.92800000,29.42000000,29.50000000,2893.26000000
2021-07-14,29.53200000,30.44100000,29.39400000,29.74500000,12571.76400000
2021-07-14,29.74000000,30.03400000,29.00100000,29.02800000,11110.95300000
2021-07-14,29.02700000,29.98100000,28.88000000,29.55000000,18429.18800000
2021-07-14,29.60000000,30.23800000,29.55000000,30.12800000,5147.16700000
2021-07-14,30.10600000,31.99000000,30.07700000,31.77600000,13777.12400000
2021-07-14,31.79000000,31.79000000,31.06500000,31.43900000,4679.09600000
2021-07-14,31.41000000,31.54200000,30.81500000,30.92100000,4637.85000000
2021-07-14,30.90300000,31.49600000,30.90300000,31.11300000,2878.30700000
2021-07-14,31.12200000,31.25400000,30.67700000,30.92200000,3477.15000000
2021-07-15,30.91000000,30.91000000,30.24500000,30.58700000,3811.87900000
2021-07-15,30.68300000,30.68400000,30.07400000,30.13800000,2822.81400000
2021-07-15,30.13800000,30.80000000,30.07600000,30.52300000,4218.36100000
2021-07-15,30.52300000,31.11600000,30.40000000,30.91700000,3491.88600000
2021-07-15,30.91400000,31.28700000,30.91400000,31.09000000,2040.71300000
2021-07-15,31.08500000,31.46200000,30.92700000,31.12400000,1437.07000000
2021-07-15,31.13700000,31.68700000,30.92300000,31.45100000,2493.32600000
2021-07-15,31.42000000,31.42000000,31.14200000,31.40100000,514.50100000
2021-07-15,31.40100000,31.63700000,31.15600000,31.44100000,2774.31300000
2021-07-15,31.44200000,31.70000000,31.31400000,31.51400000,3030.94500000
2021-07-15,31.46000000,31.74900000,31.44300000,31.72600000,1720.34200000
2021-07-15,31.72600000,31.89100000,31.56900000,31.81000000,1233.02900000
2021-07-15,31.80800000,31.81700000,31.28100000,31.69900000,1624.04800000
2021-07-15,31.65200000,31.87300000,31.61300000,31.71600000,598.13400000
2021-07-15,31.71300000,31.76600000,31.17200000,31.29300000,1505.44400000
2021-07-15,31.24600000,31.50600000,30.79300000,31.07300000,2994.61500000
2021-07-15,31.03900000,31.36900000,31.00500000,31.04400000,1490.70800000
2021-07-15,31.08500000,31.49600000,31.08500000,31.35500000,1004.88100000
2021-07-15,31.44800000,31.55400000,30.38500000,30.72500000,2993.47500000
2021-07-15,30.68600000,30.79900000,30.17500000,30.79900000,1325.76900000
2021-07-15,30.79800000,31.12500000,30.42500000,30.74200000,2926.36200000
2021-07-15,30.75300000,31.02800000,30.60400000,31.02800000,836.25000000
2021-07-15,30.99300000,31.00600000,30.82800000,30.86600000,440.10400000
2021-07-15,30.83700000,30.83700000,30.63600000,30.77900000,656.82300000
2021-07-16,30.72800000,30.88900000,30.64600000,30.77600000,1209.37300000
2021-07-16,30.77600000,30.77600000,30.49300000,30.58400000,978.71200000
2021-07-16,30.61600000,30.96000000,30.56100000,30.79400000,1140.34600000
2021-07-16,30.79800000,31.25300000,30.57500000,30.66400000,1462.53900000
2021-07-16,30.70800000,30.70800000,30.37100000,30.49900000,505.03000000
2021-07-16,30.52100000,30.55100000,30.35500000,30.35500000,628.05400000
2021-07-16,30.34900000,30.42300000,30.32500000,30.36300000,860.35500000
2021-07-16,30.35300000,30.35300000,29.90900000,30.23000000,681.16600000
2021-07-16,30.26300000,30.36700000,29.76800000,29.85000000,635.08700000
2021-07-16,29.86600000,30.39200000,29.86100000,30.27600000,573.80100000
2021-07-16,30.27600000,30.48500000,30.08000000,30.48500000,395.06500000
2021-07-16,30.48500000,30.74000000,30.37400000,30.61600000,231.74800000
2021-07-16,30.56500000,30.89200000,30.56500000,30.85700000,1473.78200000
2021-07-16,30.80600000,30.83000000,30.60900000,30.65000000,587.79200000
2021-07-16,30.71100000,30.72600000,30.50700000,30.67700000,257.27700000
2021-07-16,30.74300000,30.97300000,30.72700000,30.93400000,1086.72200000
2021-07-16,30.92100000,34.00000000,30.09300000,30.60900000,35117.45200000
2021-07-16,30.61200000,30.68500000,30.22500000,30.28800000,2889.45600000
2021-07-16,30.25800000,30.25800000,29.64300000,30.04700000,968.42800000
2021-07-16,30.05900000,30.30600000,29.75100000,29.98700000,1378.32900000
2021-07-16,30.00700000,30.50300000,30.00000000,30.33400000,2620.90400000
2021-07-16,30.36800000,30.76300000,30.30900000,30.44100000,1469.48900000
2021-07-16,30.42500000,30.66100000,30.34800000,30.53400000,956.39900000
2021-07-16,30.60000000,31.20700000,30.43700000,31.20700000,2114.58100000
2021-07-17,31.23600000,31.56200000,30.43900000,31.55200000,3002.44200000
2021-07-17,31.56200000,31.87600000,31.49900000,31.83900000,1269.53600000
2021-07-17,31.77200000,32.60400000,31.66000000,32.56500000,2029.57300000
2021-07-17,32.55600000,33.35600000,31.21200000,31.57700000,5328.48400000
2021-07-17,31.57700000,31.63400000,31.34400000,31.47600000,1093.98700000
2021-07-17,31.51300000,31.92100000,31.43400000,31.57300000,927.68400000
2021-07-17,31.71400000,31.87900000,31.30800000,31.57900000,2052.24200000
2021-07-17,31.57000000,33.41000000,31.53500000,32.90000000,7084.53800000
2021-07-17,32.94700000,32.94700000,32.11100000,32.85900000,5253.20000000
2021-07-17,32.81900000,32.91400000,32.22500000,32.57300000,3879.54000000
2021-07-17,32.48300000,32.48300000,30.75400000,30.79100000,6084.45800000
2021-07-17,30.79100000,31.26800000,30.70300000,31.14500000,2243.95100000
2021-07-17,31.09300000,31.15100000,30.00700000,30.36600000,9428.83600000
2021-07-17,30.37800000,30.75900000,30.33600000,30.71400000,1069.99700000
2021-07-17,30.70600000,31.32100000,30.56000000,31.29400000,1457.24400000
2021-07-17,31.25100000,31.35300000,30.94500000,31.27700000,1133.68100000
2021-07-17,31.29300000,31.70000000,30.90000000,31.29900000,2133.36300000
2021-07-17,31.29900000,31.37100000,30.89900000,31.16100000,677.16000000
2021-07-17,31.17100000,31.22100000,30.68300000,30.68300000,449.96800000
2021-07-17,30.69000000,30.83300000,30.59000000,30.70900000,610.03900000
2021-07-17,30.66600000,31.29600000,30.66600000,30.90800000,1679.85300000
2021-07-17,30.87900000,31.36100000,30.66500000,31.07100000,878.50700000
2021-07-17,31.11300000,31.42200000,30.97700000,31.14100000,671.12100000
2021-07-17,31.08100000,31.26100000,30.89800000,31.14200000,729.86400000
2021-07-18,31.14600000,31.46300000,31.03200000,31.27500000,742.95100000
2021-07-18,31.25100000,31.50000000,31.07800000,31.44100000,427.74500000
2021-07-18,31.40100000,31.40100000,30.80700000,31.02000000,1435.85900000
2021-07-18,30.93300000,31.35600000,30.86400000,31.26900000,601.93300000
2021-07-18,31.22500000,31.36800000,31.00000000,31.00100000,551.18600000
2021-07-18,31.00100000,31.41200000,30.82800000,30.88500000,889.13600000
2021-07-18,30.90000000,30.99300000,30.57600000,30.66100000,357.57700000
2021-07-18,30.65500000,30.69500000,30.41000000,30.61100000,545.01700000
2021-07-18,30.50100000,31.48200000,30.43700000,31.43300000,2341.08900000
2021-07-18,31.49000000,31.84800000,31.25000000,31.66600000,1215.12500000
2021-07-18,31.63100000,31.86400000,31.40100000,31.65400000,463.36500000
2021-07-18,31.63100000,31.99200000,31.57500000,31.78000000,390.10400000
2021-07-18,31.84900000,31.99100000,31.50700000,31.54700000,888.94300000
2021-07-18,31.50400000,31.61100000,31.43300000,31.58100000,102.14300000
2021-07-18,31.55500000,31.75000000,31.10000000,31.27400000,745.87500000
2021-07-18,31.29900000,31.48300000,31.10400000,31.33900000,222.42800000
2021-07-18,31.24100000,31.41100000,31.00000000,31.37400000,563.36000000
2021-07-18,31.38000000,31.55900000,31.27100000,31.46200000,829.77200000
2021-07-18,31.46300000,31.94700000,31.02800000,31.27900000,2261.77800000
2021-07-18,31.25600000,31.34700000,31.25500000,31.29600000,85.68500000
2021-07-18,31.36100000,31.36300000,31.13400000,31.19600000,137.34900000
2021-07-18,31.15300000,31.22800000,30.98100000,31.11600000,429.06700000
2021-07-18,31.07800000,31.25200000,30.60000000,30.89900000,1211.49700000
2021-07-18,30.96100000,31.15100000,30.86100000,31.00700000,791.80200000
2021-07-19,31.00700000,31.03200000,30.55200000,30.65800000,1013.11600000
2021-07-19,30.65400000,31.01300000,30.61900000,30.74400000,218.31500000
2021-07-19,30.73800000,30.86600000,30.73800000,30.77500000,116.63000000
2021-07-19,30.81900000,30.98900000,30.77000000,30.98900000,536.12700000
2021-07-19,30.85200000,31.83800000,30.39400000,30.51300000,19500.83200000
2021-07-19,30.50100000,30.70500000,30.47400000,30.54800000,872.89700000
2021-07-19,30.56100000,30.68600000,30.28700000,30.47200000,893.33700000
2021-07-19,30.46700000,30.78800000,30.41900000,30.56000000,784.01800000
2021-07-19,30.52500000,30.61900000,30.07200000,30.12600000,1552.56300000
2021-07-19,30.12600000,30.29100000,29.97200000,30.27900000,471.19800000
2021-07-19,30.23600000,30.23600000,30.00800000,30.00800000,231.82500000
2021-07-19,30.02000000,30.08200000,30.00000000,30.00000000,135.73600000
2021-07-19,30.11300000,30.18500000,30.02100000,30.12300000,229.49100000
2021-07-19,30.13400000,30.44300000,30.12300000,30.28600000,250.16100000
2021-07-19,30.32300000,30.37300000,30.18100000,30.25400000,194.05900000
2021-07-19,30.31900000,30.59000000,30.18700000,30.28800000,303.61100000
2021-07-19,30.37200000,30.46900000,30.29500000,30.32700000,174.73300000
2021-07-19,30.32800000,30.39500000,30.10000000,30.23000000,280.36300000
2021-07-19,30.23000000,30.23300000,29.67600000,29.75000000,1270.28900000
2021-07-19,29.71000000,29.96900000,29.44300000,29.45800000,886.43700000
2021-07-19,29.43900000,29.61400000,28.47000000,29.10400000,3811.80600000
2021-07-19,29.07900000,29.21500000,28.78300000,28.79300000,1100.32700000
2021-07-19,28.78000000,29.19600000,28.60900000,29.17600000,2131.79400000
2021-07-19,29.17600000,29.49700000,29.04900000,29.09200000,1501.18400000
2021-07-20,29.08700000,29.22400000,29.03900000,29.07800000,312.67300000
2021-07-20,29.08600000,29.27900000,29.08600000,29.16600000,218.65500000
2021-07-20,29.16700000,29.16700000,28.69800000,28.85200000,1610.29000000
2021-07-20,28.87400000,28.98200000,28.71200000,28.86400000,700.07300000
2021-07-20,28.83600000,28.83600000,28.69900000,28.74600000,186.72800000
2021-07-20,28.72600000,28.79400000,28.72600000,28.77500000,198.39900000
2021-07-20,28.72600000,29.30800000,28.68900000,28.96100000,1422.61400000
2021-07-20,28.96000000,28.97800000,28.57200000,28.59000000,1530.09800000
2021-07-20,28.64200000,28.90500000,28.60900000,28.83100000,628.15300000
2021-07-20,28.82600000,28.82600000,28.50000000,28.57600000,338.36800000
2021-07-20,28.63300000,28.63300000,27.41700000,27.45900000,1627.00300000
2021-07-20,27.49000000,28.09600000,26.96800000,27.90100000,4309.21700000
2021-07-20,27.87900000,28.25600000,27.48300000,27.57700000,1526.34200000
2021-07-20,27.61300000,27.75600000,27.25100000,27.31400000,741.22600000
2021-07-20,27.29500000,27.31500000,27.06300000,27.13200000,469.42100000
2021-07-20,27.13200000,27.98200000,27.11600000,27.92600000,2870.50300000
2021-07-20,27.94500000,28.43600000,27.65800000,27.66000000,2200.94900000
2021-07-20,27.70400000,27.78200000,27.29100000,27.52700000,745.60300000
2021-07-20,27.47600000,27.95200000,27.26300000,27.69100000,1116.32000000
2021-07-20,27.69100000,28.43700000,27.67300000,27.93000000,1727.41100000
2021-07-20,27.93500000,28.07100000,27.62200000,27.80600000,806.22700000
2021-07-20,27.82100000,28.13400000,27.62900000,28.09300000,1185.72000000
2021-07-20,28.09200000,28.54000000,27.66900000,28.24100000,3022.88400000
2021-07-20,28.28500000,29.65400000,28.27800000,29.61300000,1804.82300000
2021-07-21,29.67200000,32.00000000,28.77500000,28.93000000,26161.98900000
2021-07-21,28.97600000,28.97900000,28.18600000,28.44700000,4885.86700000
2021-07-21,28.45700000,30.41600000,28.39000000,29.60900000,10867.43700000
2021-07-21,29.67100000,30.45900000,29.20400000,29.30800000,4592.30700000
2021-07-21,29.33600000,30.00300000,29.31800000,29.91400000,3214.88800000
2021-07-21,29.92400000,29.96000000,29.06100000,29.06100000,1415.28200000
2021-07-21,29.08800000,30.28900000,28.96700000,30.18900000,2088.36700000
2021-07-21,30.18600000,31.75000000,29.53800000,29.79500000,6691.61200000
2021-07-21,29.84000000,29.84000000,29.20300000,29.21900000,1405.60800000
2021-07-21,29.21900000,29.46200000,29.16200000,29.39900000,1231.96400000
2021-07-21,29.37100000,29.49500000,29.02800000,29.31200000,2266.85300000
2021-07-21,29.32700000,29.90600000,29.20100000,29.67500000,1715.04600000
2021-07-21,29.72400000,31.18900000,29.60800000,31.10300000,4017.90900000
2021-07-21,31.08500000,32.70900000,30.88200000,31.07600000,10888.80500000
2021-07-21,31.07800000,31.18600000,30.72800000,31.08300000,2007.34200000
2021-07-21,31.13700000,31.35000000,30.24400000,30.41600000,3226.97800000
2021-07-21,30.39500000,30.49500000,30.26900000,30.47700000,809.29600000
2021-07-21,30.48100000,30.96000000,30.37600000,30.96000000,1421.63100000
2021-07-21,30.88800000,31.08300000,30.71100000,30.78900000,1111.39200000
2021-07-21,30.80500000,30.85700000,30.71200000,30.79500000,400.86400000
2021-07-21,30.77100000,31.16000000,30.55700000,30.60000000,2412.30900000
2021-07-21,30.64600000,31.03500000,30.64600000,30.84900000,641.08000000
2021-07-21,30.89700000,31.24200000,30.89700000,31.10100000,638.08800000
2021-07-21,31.09500000,31.35700000,31.01000000,31.27100000,1110.79700000
2021-07-22,31.21700000,31.74700000,31.20700000,31.30700000,2916.13200000
2021-07-22,31.25500000,31.25500000,30.66900000,31.00900000,2442.34000000
2021-07-22,30.95400000,31.48300000,30.50100000,30.50100000,5127.44600000
2021-07-22,30.53200000,30.71200000,30.39000000,30.49600000,1769.11300000
2021-07-22,30.47500000,31.34800000,30.39900000,30.83500000,5817.84400000
2021-07-22,30.84700000,30.91200000,30.66700000,30.74700000,657.75900000
2021-07-22,30.75300000,31.16300000,30.75300000,31.10400000,633.96300000
2021-07-22,31.10500000,31.27400000,30.97800000,30.97800000,480.00600000
2021-07-22,31.03200000,31.22400000,30.65700000,30.88200000,2209.57400000
2021-07-22,30.87800000,30.99700000,30.74200000,30.87200000,374.23800000
2021-07-22,30.83700000,30.97100000,30.71200000,30.88300000,919.43600000
2021-07-22,30.89000000,31.00000000,30.59600000,30.76100000,940.14800000
2021-07-22,30.76100000,31.04500000,30.76100000,30.95000000,770.58200000
2021-07-22,31.03800000,31.05400000,30.63800000,30.86700000,702.01500000
2021-07-22,30.85200000,31.15600000,30.85200000,31.15600000,752.69500000
2021-07-22,31.08400000,31.32500000,31.00100000,31.20100000,848.47700000
2021-07-22,31.21600000,31.47300000,31.02500000,31.31200000,792.14600000
2021-07-22,31.38000000,31.48000000,30.64000000,30.99200000,2709.54200000
2021-07-22,30.88500000,31.06800000,30.76900000,30.85200000,613.65000000
2021-07-22,30.82800000,30.95800000,30.67900000,30.88800000,746.63700000
2021-07-22,30.89200000,30.99700000,30.72700000,30.93900000,470.06400000
2021-07-22,30.95700000,31.20000000,30.73900000,30.85100000,5184.42300000
2021-07-22,30.79100000,30.97100000,30.72200000,30.92600000,829.59800000
2021-07-22,30.94300000,31.29900000,30.87000000,30.98800000,850.19500000
2021-07-23,30.98700000,31.50100000,30.73400000,30.85200000,3411.66900000
2021-07-23,30.85600000,31.09400000,30.58300000,30.98200000,1980.49500000
2021-07-23,31.01200000,31.05400000,30.76700000,30.89800000,1320.76600000
2021-07-23,30.87500000,31.02700000,30.71500000,30.84200000,455.05300000
2021-07-23,30.79500000,31.12000000,30.74400000,31.03600000,987.63600000
2021-07-23,31.09000000,31.21200000,31.02100000,31.11600000,322.34100000
2021-07-23,31.04900000,31.17000000,30.82800000,31.12000000,1342.15600000
2021-07-23,31.07600000,31.24000000,31.06500000,31.14000000,238.25300000
2021-07-23,31.13700000,31.24600000,31.11000000,31.24600000,593.50200000
2021-07-23,31.24200000,31.90000000,31.24200000,31.75300000,2118.23400000
2021-07-23,31.75200000,31.83000000,31.47200000,31.59500000,524.22300000
2021-07-23,31.59600000,31.65400000,31.35100000,31.40400000,403.62000000
2021-07-23,31.44200000,31.62200000,31.40500000,31.62200000,794.15600000
2021-07-23,31.62200000,31.66600000,31.34000000,31.34000000,2006.61200000
2021-07-23,31.33500000,32.00000000,31.16800000,31.46800000,9683.76100000
2021-07-23,31.43100000,31.57600000,31.11300000,31.25100000,2530.64900000
2021-07-23,31.27300000,31.43400000,31.07800000,31.15400000,714.11000000
2021-07-23,31.13200000,31.44500000,31.10700000,31.27300000,1319.93200000
2021-07-23,31.27400000,31.63100000,31.11200000,31.58300000,463.35100000
2021-07-23,31.62200000,31.62200000,31.13400000,31.25300000,1832.49200000
2021-07-23,31.24600000,31.34300000,31.00000000,31.34300000,377.69900000
2021-07-23,31.36100000,31.72800000,31.00600000,31.61000000,2600.06600000
2021-07-23,31.54500000,31.58200000,31.23700000,31.42200000,431.83000000
2021-07-23,31.42300000,31.48500000,31.32000000,31.38800000,275.57900000
2021-07-24,31.32800000,31.37700000,30.59900000,30.86300000,2225.39900000
2021-07-24,30.82800000,30.94300000,30.59700000,30.78600000,642.43800000
2021-07-24,30.77000000,30.95500000,30.76400000,30.76400000,128.88800000
2021-07-24,30.78800000,31.18500000,30.78800000,31.11000000,796.10500000
2021-07-24,31.00100000,31.43200000,30.95500000,31.32900000,720.78000000
2021-07-24,31.37200000,31.85900000,31.32400000,31.85900000,536.57400000
2021-07-24,31.85900000,32.32500000,31.59800000,31.99000000,2630.39600000
2021-07-24,32.03600000,32.36000000,31.86600000,32.36000000,2348.73000000
2021-07-24,32.36000000,32.42000000,31.76700000,32.08300000,1791.24900000
2021-07-24,32.04200000,32.47100000,32.00900000,32.34200000,1308.16700000
2021-07-24,32.32700000,32.71400000,32.32700000,32.46600000,1314.78500000
2021-07-24,32.43500000,32.80000000,32.39900000,32.80000000,480.61700000
2021-07-24,32.80900000,33.24300000,32.30900000,32.33100000,1905.74900000
2021-07-24,32.33100000,32.59000000,32.22100000,32.51100000,1243.34200000
2021-07-24,32.55500000,32.75500000,32.31700000,32.72300000,771.50000000
2021-07-24,32.72300000,32.75500000,32.50000000,32.50100000,186.57500000
2021-07-24,32.54000000,32.96200000,32.20200000,32.39900000,1580.22500000
2021-07-24,32.34800000,32.87900000,32.28100000,32.83300000,1349.12900000
2021-07-24,32.83500000,33.04100000,32.38400000,32.60200000,1212.64200000
2021-07-24,32.52500000,34.21000000,32.41600000,33.05200000,3653.47400000
2021-07-24,33.06100000,33.37000000,32.97200000,33.09800000,1008.11300000
2021-07-24,33.03600000,33.07600000,32.54100000,32.65800000,1455.44200000
2021-07-24,32.63600000,32.78900000,32.29300000,32.61400000,1655.21400000
2021-07-24,32.60400000,32.70600000,32.36000000,32.57900000,644.01700000
2021-07-25,32.52600000,32.89000000,32.06300000,32.72600000,2363.91800000
2021-07-25,32.72600000,32.97500000,32.59600000,32.87500000,2110.78300000
2021-07-25,32.87500000,33.04100000,32.69700000,32.89200000,1110.19000000
2021-07-25,32.88400000,33.51000000,32.22800000,32.56000000,10479.78700000
2021-07-25,32.50300000,32.77300000,32.35200000,32.56900000,890.09500000
2021-07-25,32.56000000,32.71800000,32.53800000,32.63800000,244.01500000
2021-07-25,32.63800000,32.75500000,32.63200000,32.68300000,90.01000000
2021-07-25,32.69100000,32.84700000,32.68200000,32.82500000,684.11700000
2021-07-25,32.76800000,33.77500000,32.76500000,32.78200000,3127.44600000
2021-07-25,32.73300000,32.89100000,32.58100000,32.76000000,755.07100000
2021-07-25,32.76200000,35.19900000,32.76200000,35.18000000,5686.85100000
2021-07-25,35.19300000,39.26400000,35.15100000,36.46100000,41990.87500000
2021-07-25,36.44500000,36.69500000,34.30100000,34.49300000,11771.01300000
2021-07-25,34.49300000,34.91600000,33.95200000,34.50800000,5326.99800000
2021-07-25,34.50700000,34.50800000,33.41800000,34.24200000,4988.70200000
2021-07-25,34.24100000,34.54600000,33.71900000,34.12800000,3469.27400000
2021-07-25,34.12800000,34.75000000,33.58500000,34.75000000,5758.50800000
2021-07-25,34.75000000,34.83600000,33.85800000,34.04300000,4142.00800000
2021-07-25,34.05300000,34.12100000,33.52800000,33.95800000,2433.59600000
2021-07-25,34.01200000,34.26600000,33.90200000,34.13900000,2298.40100000
2021-07-25,34.13900000,35.22700000,34.00600000,34.69000000,7039.23200000
2021-07-25,34.69100000,36.44000000,34.29500000,34.56400000,19341.78200000
2021-07-25,34.53500000,34.60000000,33.22500000,34.50900000,13484.91200000
2021-07-25,34.45800000,34.51000000,33.83900000,34.31700000,3009.17600000
2021-07-26,34.27600000,34.64700000,34.00100000,34.04800000,3225.06900000
2021-07-26,33.99700000,34.52300000,33.77400000,34.04300000,3087.95200000
2021-07-26,34.04400000,34.10800000,33.68800000,33.74600000,1324.60000000
2021-07-26,33.74600000,33.96000000,33.29100000,33.72900000,2413.44100000
2021-07-26,33.69900000,34.09200000,33.69900000,34.00000000,1088.81300000
2021-07-26,34.00000000,35.19500000,33.95400000,34.60600000,4365.58600000
2021-07-26,34.59300000,34.72700000,34.12500000,34.51400000,911.54600000
2021-07-26,34.55000000,35.44000000,34.44000000,35.05500000,1298.12800000
2021-07-26,35.01000000,35.90000000,34.55100000,35.40200000,2986.62600000
2021-07-26,35.44800000,36.50000000,34.80000000,35.43400000,7735.12600000
2021-07-26,35.51700000,37.39000000,34.86400000,36.24100000,7322.58000000
2021-07-26,36.24500000,36.57600000,35.13400000,35.63600000,8663.66800000
2021-07-26,35.60100000,36.03100000,35.19000000,35.52600000,4838.00000000
2021-07-26,35.57700000,36.00000000,35.51600000,35.99900000,2159.39700000
2021-07-26,35.95200000,36.50900000,35.50800000,35.60000000,3459.72900000
2021-07-26,35.59900000,36.03100000,34.87000000,35.19000000,2666.49400000
2021-07-26,35.19000000,35.77800000,34.80800000,35.72600000,2473.93300000
2021-07-26,35.77800000,36.02500000,35.10000000,35.48900000,1200.28700000
2021-07-26,35.49400000,35.80800000,35.36900000,35.80800000,1475.01000000
2021-07-26,35.73600000,35.84600000,35.28600000,35.84600000,1775.61500000
2021-07-26,35.80100000,36.88400000,35.53800000,35.93700000,16154.68400000
2021-07-26,35.96300000,37.31700000,35.21000000,36.59900000,9946.16200000
2021-07-26,36.58200000,36.74500000,35.86600000,35.94900000,7273.71700000
2021-07-26,35.94900000,36.37800000,35.86300000,36.23100000,1151.84900000
2021-07-27,36.23100000,36.42500000,35.79100000,35.98800000,6433.24700000
2021-07-27,36.03400000,36.41400000,35.62500000,36.16200000,11445.08200000
2021-07-27,36.11500000,36.39200000,35.68700000,35.84900000,2062.00200000
2021-07-27,35.85000000,36.38000000,35.46300000,35.68000000,5126.96600000
2021-07-27,35.68000000,35.77600000,33.70000000,34.30500000,6787.81900000
2021-07-27,34.32300000,34.33800000,33.47500000,33.74000000,1893.02000000
2021-07-27,33.66800000,34.85500000,33.50000000,33.89600000,6332.72700000
2021-07-27,33.92300000,34.27700000,33.69600000,33.86600000,2264.89500000
2021-07-27,33.85100000,34.36400000,33.62500000,34.30900000,1571.84500000
2021-07-27,34.33000000,34.60500000,33.66900000,34.26100000,2946.71600000
2021-07-27,34.37700000,34.83700000,33.79100000,33.89500000,2939.60800000
2021-07-27,33.87200000,34.44200000,33.57200000,34.42900000,2539.85000000
2021-07-27,34.44600000,34.85800000,34.23600000,34.62700000,879.10200000
2021-07-27,34.58900000,34.87000000,34.53000000,34.82000000,1108.22500000
2021-07-27,34.82000000,35.71500000,34.47300000,34.61200000,3663.82100000
2021-07-27,34.62700000,35.16300000,34.61000000,35.15500000,1994.81600000
2021-07-27,35.14400000,35.81800000,35.08800000,35.20600000,1921.72700000
2021-07-27,35.23300000,35.88700000,35.19700000,35.70100000,1313.51500000
2021-07-27,35.74000000,36.92100000,35.62400000,36.86900000,3272.56200000
2021-07-27,36.82700000,36.97500000,35.94700000,36.78700000,4157.86700000
2021-07-27,36.79000000,36.79000000,36.11200000,36.20900000,1592.03800000
2021-07-27,36.20700000,37.27600000,36.18900000,36.81000000,3402.64900000
2021-07-27,36.78200000,36.94200000,35.82100000,36.15000000,5125.93900000
2021-07-27,36.12500000,36.74000000,35.80300000,36.12600000,1120.41300000
2021-07-28,36.04800000,36.07200000,35.16100000,35.49900000,5655.38900000
2021-07-28,35.46500000,35.95800000,35.42700000,35.92400000,387.79800000
2021-07-28,35.85800000,36.70600000,35.47500000,36.43300000,2581.91300000
2021-07-28,36.34900000,37.07000000,36.20000000,36.62900000,1407.35200000
2021-07-28,36.63600000,37.88500000,36.26800000,37.87700000,3101.06000000
2021-07-28,37.77300000,37.94200000,35.95900000,36.30200000,4267.70300000
2021-07-28,36.37300000,37.33500000,36.30300000,36.88700000,723.95200000
2021-07-28,36.88700000,37.20100000,36.27600000,37.19700000,1720.27100000
2021-07-28,37.13700000,37.13700000,36.00500000,36.30300000,2587.42600000
2021-07-28,36.30300000,36.56000000,36.12800000,36.53900000,935.11500000
2021-07-28,36.57300000,36.68600000,36.03800000,36.09900000,1427.91900000
2021-07-28,36.12700000,36.63500000,35.78100000,36.11600000,2494.13200000
2021-07-28,36.08900000,36.54300000,35.74600000,36.28600000,2219.32400000
2021-07-28,36.28000000,36.38500000,36.26000000,36.33000000,1002.52300000
2021-07-28,36.33000000,36.37600000,35.35000000,35.78900000,1726.45500000
2021-07-28,35.74500000,36.03100000,35.62500000,35.92800000,926.73000000
2021-07-28,35.92800000,35.96100000,35.50100000,35.93100000,2121.15000000
2021-07-28,35.94200000,36.24700000,35.76200000,36.01300000,1180.48700000
2021-07-28,36.01300000,36.26700000,35.90600000,35.98400000,1943.20300000
2021-07-28,35.98400000,36.15800000,35.70500000,35.97700000,3032.93800000
2021-07-28,36.04000000,36.05200000,35.22000000,35.29000000,2706.48700000
2021-07-28,35.29000000,35.54200000,35.22200000,35.25400000,1027.25500000
2021-07-28,35.24800000,35.72600000,35.22400000,35.39200000,2646.08100000
2021-07-28,35.42600000,35.98900000,35.42600000,35.84200000,2426.67800000
2021-07-29,35.83700000,35.93600000,35.69300000,35.76000000,840.84200000
2021-07-29,35.76000000,35.98900000,35.02200000,35.41500000,3287.60300000
2021-07-29,35.40600000,36.23900000,35.18400000,35.86000000,3830.69500000
2021-07-29,35.91100000,36.16200000,35.31400000,35.76800000,3431.07000000
2021-07-29,35.77800000,35.97400000,35.10200000,35.53300000,2700.17500000
2021-07-29,35.52200000,36.25000000,35.17400000,36.03300000,1698.13500000
2021-07-29,36.01600000,36.25000000,35.82100000,36.01100000,441.66100000
2021-07-29,35.95000000,36.50000000,35.58100000,36.33800000,2028.36000000
2021-07-29,36.33800000,37.00000000,36.10700000,36.32400000,3408.13800000
2021-07-29,36.29300000,36.56000000,35.81200000,36.24900000,982.27300000
2021-07-29,36.28700000,37.24600000,36.28700000,36.37500000,2040.08400000
2021-07-29,36.29300000,36.73600000,36.23900000,36.68000000,556.56600000
2021-07-29,36.61200000,36.79600000,36.44300000,36.75000000,1730.11900000
2021-07-29,36.79600000,37.35900000,36.43500000,37.19100000,2013.55800000
2021-07-29,37.18300000,37.52500000,36.93600000,37.52500000,1757.42200000
2021-07-29,37.49400000,37.74400000,37.35900000,37.47500000,1536.56200000
2021-07-29,37.55100000,37.91000000,37.41200000,37.68100000,741.44100000
2021-07-29,37.68200000,37.95200000,37.67800000,37.78200000,336.96200000
2021-07-29,37.75200000,37.97500000,37.39100000,37.49300000,682.06400000
2021-07-29,37.45800000,37.67100000,36.98100000,37.44200000,998.98900000
2021-07-29,37.44200000,37.44200000,37.08900000,37.36400000,1121.97300000
2021-07-29,37.31500000,37.74500000,37.31500000,37.57300000,1194.55600000
2021-07-29,37.60200000,38.77500000,37.36900000,38.62100000,1882.97300000
2021-07-29,38.69200000,38.78500000,37.48800000,37.93800000,3298.22800000
2021-07-30,37.92500000,38.47800000,37.51800000,38.47800000,1118.39500000
2021-07-30,38.41200000,38.48300000,37.89800000,37.97800000,1259.94000000
2021-07-30,37.96000000,38.43400000,37.82000000,38.08800000,2140.54600000
2021-07-30,38.13200000,38.16200000,37.48700000,38.03800000,2274.46000000
2021-07-30,37.99700000,38.14500000,37.95100000,38.03000000,277.02900000
2021-07-30,38.03000000,38.08200000,37.34500000,37.59400000,772.65300000
2021-07-30,37.59400000,37.76400000,37.59400000,37.74700000,259.25700000
2021-07-30,37.78700000,38.80300000,37.60200000,38.04200000,29461.34100000
2021-07-30,38.04200000,38.45600000,37.65200000,37.68400000,8379.83100000
2021-07-30,37.76100000,38.33500000,37.76100000,38.31900000,1245.95000000
2021-07-30,38.32400000,38.37000000,37.89300000,37.89300000,464.78100000
2021-07-30,37.87800000,38.28600000,37.79500000,38.19000000,1799.18200000
2021-07-30,38.21400000,38.21400000,37.96000000,38.16000000,444.76700000
2021-07-30,38.11400000,38.16000000,37.86700000,37.86700000,195.38000000
2021-07-30,37.87900000,38.03000000,37.75200000,38.03000000,511.30000000
2021-07-30,37.99600000,37.99600000,37.55900000,37.67800000,880.74500000
2021-07-30,37.65200000,38.32000000,36.72300000,36.91400000,2581.94600000
2021-07-30,36.83900000,37.14800000,36.05200000,36.84000000,3426.54600000
2021-07-30,36.84000000,37.05900000,36.52200000,36.59300000,4146.69500000
2021-07-30,36.58800000,36.85700000,36.19600000,36.27200000,3384.68900000
2021-07-30,36.27200000,36.78900000,36.14500000,36.52900000,1754.62900000
2021-07-30,36.59100000,36.60700000,36.34800000,36.40900000,905.09300000
2021-07-30,36.43200000,37.02900000,36.43200000,36.78500000,1984.70800000
2021-07-30,36.72200000,36.89100000,36.70900000,36.81900000,255.77700000
2021-07-31,36.83800000,37.58900000,36.63100000,37.04800000,4476.90100000
2021-07-31,37.06900000,37.54400000,37.01600000,37.15000000,2172.14500000
2021-07-31,37.09000000,37.12800000,36.86300000,37.00800000,434.05000000
2021-07-31,37.10100000,37.45100000,37.05700000,37.44300000,701.72700000
2021-07-31,37.44300000,38.09100000,37.21000000,37.73100000,2786.73300000
2021-07-31,37.70800000,38.36300000,37.70800000,38.05100000,1072.76000000
2021-07-31,38.01300000,38.16200000,37.89300000,38.08500000,248.89000000
2021-07-31,38.12100000,38.73700000,37.98700000,38.71900000,1096.97200000
2021-07-31,38.73500000,39.00000000,38.11900000,38.86800000,2431.96300000
2021-07-31,38.86000000,40.59600000,38.52800000,40.46600000,3558.94100000
2021-07-31,40.38900000,40.38900000,38.41100000,38.55900000,7732.44300000
2021-07-31,38.59200000,38.83800000,38.45400000,38.53600000,1543.57200000
2021-07-31,38.45500000,38.49000000,38.24300000,38.34000000,1236.93300000
2021-07-31,38.33200000,38.33200000,37.69400000,38.17000000,792.84200000
2021-07-31,38.13400000,38.13900000,37.93800000,38.02500000,288.08100000
2021-07-31,38.08100000,38.26200000,38.02400000,38.13200000,248.75600000
2021-07-31,38.13900000,39.05300000,38.05700000,38.49700000,17695.92000000
2021-07-31,38.51700000,38.65900000,38.27500000,38.35600000,1874.77300000
2021-07-31,38.34500000,38.45100000,38.13800000,38.24000000,1889.67800000
2021-07-31,38.24900000,38.56300000,38.03700000,38.09100000,2159.07000000
2021-07-31,38.08700000,38.58800000,38.00000000,38.38000000,1526.33600000
2021-07-31,38.39500000,38.40200000,38.00000000,38.18500000,1146.03500000
2021-07-31,38.15200000,38.39500000,37.84600000,38.19200000,2104.77400000
2021-07-31,38.17500000,38.64000000,37.90400000,38.19700000,8852.03500000
2021-08-01,38.24200000,38.61200000,38.01600000,38.38100000,3901.00900000
2021-08-01,38.43100000,38.68800000,38.35200000,38.44000000,662.42200000
2021-08-01,38.40000000,38.69700000,38.28200000,38.43200000,1256.13000000
2021-08-01,38.43200000,38.57100000,38.13100000,38.19600000,442.13100000
2021-08-01,38.13200000,38.71900000,37.96000000,38.22900000,1338.21900000
2021-08-01,38.29000000,38.72500000,38.29000000,38.69700000,1256.18300000
2021-08-01,38.63600000,39.28500000,38.33900000,39.09200000,1249.22000000
2021-08-01,39.09100000,39.09100000,38.28700000,38.33800000,1315.82500000
2021-08-01,38.37200000,38.90300000,38.30700000,38.89000000,2112.47100000
2021-08-01,38.89000000,38.93900000,38.48000000,38.62100000,1264.54800000
2021-08-01,38.57400000,38.93500000,38.38100000,38.79700000,1177.98900000
2021-08-01,38.81900000,39.20000000,38.68400000,39.20000000,916.99500000
2021-08-01,39.20000000,39.24600000,38.87100000,39.13200000,1182.32400000
2021-08-01,39.03600000,39.65100000,38.67300000,38.72500000,4646.75500000
2021-08-01,38.73700000,39.49000000,38.54600000,38.94600000,6270.27800000
2021-08-01,38.89300000,39.23000000,38.71200000,38.86700000,3036.98100000
2021-08-01,38.86800000,39.21500000,38.76500000,38.87800000,788.18400000
2021-08-01,38.92700000,39.15100000,38.92700000,39.04800000,514.37100000
2021-08-01,38.98300000,38.98300000,38.48100000,38.48400000,1117.79100000
2021-08-01,38.48000000,38.69300000,38.25900000,38.39000000,2043.90300000
2021-08-01,38.40400000,39.14800000,38.37000000,38.54000000,5811.70800000
2021-08-01,38.57700000,38.58500000,38.31200000,38.33000000,632.15600000
2021-08-01,38.32000000,38.65600000,38.28700000,38.46100000,770.80700000
2021-08-01,38.44100000,38.92800000,38.36600000,38.57100000,1669.73000000
2021-08-02,38.50400000,38.74900000,38.09600000,38.43000000,1794.65500000
2021-08-02,38.44300000,38.72000000,38.08000000,38.52000000,1203.03100000
2021-08-02,38.43100000,39.25500000,38.36200000,39.12200000,2269.37100000
2021-08-02,39.09500000,39.73300000,38.87100000,39.01500000,8660.74100000
2021-08-02,39.08000000,39.24300000,38.70000000,38.94400000,714.59500000
2021-08-02,38.94200000,39.11500000,38.62000000,38.62000000,612.42900000
2021-08-02,38.68400000,39.19400000,38.02800000,39.19400000,1517.08600000
2021-08-02,39.15100000,39.22100000,38.36000000,38.57700000,953.59400000
2021-08-02,38.59400000,38.64000000,37.04300000,37.16900000,3026.44600000
2021-08-02,37.03300000,37.32400000,36.83200000,37.12100000,1376.07500000
2021-08-02,37.10000000,37.54700000,36.92600000,37.52300000,587.95800000
2021-08-02,37.54600000,37.64400000,37.28500000,37.33200000,674.55300000
2021-08-02,37.31300000,37.51600000,37.13200000,37.28100000,678.76100000
2021-08-02,37.28700000,37.34600000,37.26500000,37.26500000,226.38900000
2021-08-02,37.28900000,38.36500000,37.17400000,38.13900000,3123.96200000
2021-08-02,38.17000000,38.43400000,37.81200000,37.92500000,5498.07600000
2021-08-02,37.92600000,37.92600000,37.37800000,37.54900000,1073.12700000
2021-08-02,37.60200000,37.78900000,37.46100000,37.73500000,448.85000000
2021-08-02,37.73500000,38.01400000,37.73500000,37.85600000,1115.67400000
2021-08-02,37.84100000,37.84100000,37.37700000,37.55500000,826.43800000
2021-08-02,37.62200000,37.72700000,37.16000000,37.58100000,1795.03000000
2021-08-02,37.56400000,38.78400000,37.41200000,38.42000000,3189.91000000
2021-08-02,38.35800000,38.43600000,37.81300000,38.00400000,1158.97600000
2021-08-02,38.02200000,38.17800000,37.98600000,38.02600000,170.95400000
2021-08-03,38.03500000,38.21300000,37.96000000,37.97100000,640.51000000
2021-08-03,37.97700000,38.32000000,37.94400000,38.19000000,18445.43300000
2021-08-03,38.17600000,38.30100000,37.85500000,38.19100000,7025.40500000
2021-08-03,38.21500000,38.78000000,37.96000000,38.12400000,855.89400000
2021-08-03,38.18300000,38.45000000,37.81300000,38.02100000,1060.28600000
2021-08-03,38.02100000,38.55500000,38.02100000,38.53700000,504.53800000
2021-08-03,38.58100000,38.66600000,38.56800000,38.64400000,108.75000000
2021-08-03,38.62600000,38.66600000,38.39000000,38.49100000,984.87100000
2021-08-03,38.56700000,38.99600000,38.34200000,38.82800000,1297.51500000
2021-08-03,38.76300000,38.78900000,38.56800000,38.66500000,441.63900000
2021-08-03,38.66400000,56.58700000,38.66400000,50.09300000,248662.91400000
2021-08-03,50.05200000,50.64600000,46.09200000,46.36200000,35867.64500000
2021-08-03,46.41400000,46.80400000,44.69000000,44.77500000,24164.98200000
2021-08-03,44.81900000,46.15700000,43.93800000,44.99500000,20568.27400000
2021-08-03,44.99400000,45.49200000,43.82000000,44.60000000,13527.29400000
2021-08-03,44.58700000,47.92000000,44.00000000,45.04000000,44471.35400000
2021-08-03,45.04000000,46.93700000,44.64900000,46.43100000,23601.49800000
2021-08-03,46.41200000,48.67400000,45.26900000,45.65000000,36471.39100000
2021-08-03,45.69800000,46.19500000,44.96800000,45.09900000,12700.29700000
2021-08-03,45.09900000,45.17400000,41.91200000,41.98600000,47306.32900000
2021-08-03,41.99700000,42.33400000,38.90000000,39.98700000,147641.66300000
2021-08-03,39.98200000,40.75900000,39.67300000,40.33600000,18255.84400000
2021-08-03,40.32400000,40.57800000,39.60600000,40.12000000,11785.05800000
2021-08-03,40.07000000,40.20000000,39.21400000,39.22400000,8438.77900000
2021-08-04,39.24600000,39.75300000,38.94400000,39.43900000,9100.68200000
2021-08-04,39.43900000,39.67700000,38.48000000,38.71600000,11441.29300000
2021-08-04,38.67400000,39.05100000,38.34000000,38.86200000,10897.06000000
2021-08-04,38.86200000,39.07600000,38.09600000,38.27800000,7726.85500000
2021-08-04,38.20000000,38.55700000,38.06000000,38.24000000,4166.93300000
2021-08-04,38.24700000,38.37200000,37.95400000,38.11500000,4140.93800000
2021-08-04,38.06300000,38.14600000,37.60500000,37.74600000,5394.49800000
2021-08-04,37.76100000,38.57600000,37.60800000,37.89500000,4553.01400000
2021-08-04,37.89500000,38.03800000,37.61200000,37.62600000,3491.25800000
2021-08-04,37.62600000,37.67200000,37.29600000,37.36000000,4818.73000000
2021-08-04,37.40100000,38.25500000,37.37400000,38.10000000,14383.82400000
2021-08-04,38.10000000,38.44600000,37.85000000,38.31500000,10168.24600000
2021-08-04,38.32000000,39.25500000,38.02700000,39.05400000,13390.56900000
2021-08-04,39.05400000,42.99000000,38.85200000,39.85500000,51455.12400000
2021-08-04,39.80000000,39.95000000,39.21000000,39.30200000,8196.02300000
2021-08-04,39.30200000,39.30200000,38.28700000,38.54200000,11824.75200000
2021-08-04,38.59700000,39.62500000,38.18000000,39.23100000,9868.40500000
2021-08-04,39.17900000,39.89200000,38.98200000,39.56000000,11351.20500000
2021-08-04,39.56000000,39.61200000,39.11500000,39.40300000,4527.11900000
2021-08-04,39.43000000,39.61500000,39.11200000,39.20900000,3317.91200000
2021-08-04,39.16300000,39.56200000,39.10100000,39.13600000,7163.74400000
2021-08-04,39.13600000,39.34800000,38.74700000,39.22400000,11058.91700000
2021-08-04,39.22400000,39.80500000,38.94100000,39.79700000,5584.53500000
2021-08-04,39.78700000,39.80500000,39.00800000,39.64400000,7085.43300000
2021-08-05,39.60600000,39.66000000,39.12600000,39.21700000,3310.00100000
2021-08-05,39.21700000,39.23000000,38.98700000,39.12600000,2346.16700000
2021-08-05,39.12600000,39.35000000,39.05200000,39.30100000,3187.71000000
2021-08-05,39.31000000,39.67700000,39.14600000,39.25000000,4139.88300000
2021-08-05,39.32300000,39.49400000,39.13500000,39.48700000,2569.97800000
2021-08-05,39.50600000,39.51900000,39.11100000,39.36900000,1495.42100000
2021-08-05,39.37000000,39.44800000,38.64500000,38.71400000,5573.25500000
2021-08-05,38.71400000,38.99000000,38.67300000,38.89100000,1602.65200000
2021-08-05,38.87100000,38.93200000,38.32300000,38.41000000,2781.98300000
2021-08-05,38.41000000,38.49300000,38.10100000,38.44800000,3094.55200000
2021-08-05,38.38800000,38.50000000,38.20800000,38.33300000,1494.88600000
2021-08-05,38.34700000,38.62300000,38.20800000,38.40900000,2307.79700000
2021-08-05,38.40900000,38.79200000,38.40900000,38.61300000,2552.10700000
2021-08-05,38.60600000,38.79300000,38.44400000,38.77400000,2454.62200000
2021-08-05,38.78900000,38.81500000,38.10000000,38.50200000,3820.39700000
2021-08-05,38.50000000,39.09200000,38.45700000,38.83800000,5013.91100000
2021-08-05,38.84500000,39.25200000,38.58200000,38.79900000,4705.17100000
2021-08-05,38.75500000,39.40100000,38.05200000,38.07400000,7339.21000000
2021-08-05,38.07400000,38.50000000,38.03800000,38.35200000,5006.21900000
2021-08-05,38.35200000,38.35200000,38.09600000,38.23900000,3007.32100000
2021-08-05,38.19400000,38.40400000,37.52900000,37.85500000,4809.57100000
2021-08-05,37.80300000,38.08900000,37.54500000,37.85000000,3684.08100000
2021-08-05,37.86300000,38.62700000,37.79400000,38.52400000,2694.45700000
2021-08-05,38.49300000,38.78100000,38.13700000,38.30500000,3281.66300000
2021-08-06,38.28500000,38.95900000,38.28500000,38.84800000,4595.92400000
2021-08-06,38.84600000,39.37400000,38.67300000,39.20800000,2713.75700000
2021-08-06,39.18300000,39.34000000,38.78200000,38.99900000,3607.23400000
2021-08-06,39.05300000,39.65600000,39.04900000,39.11900000,7319.67800000
2021-08-06,39.17100000,39.60200000,39.02200000,39.02200000,1958.12500000
2021-08-06,39.02200000,39.26700000,38.79300000,39.11200000,2204.98400000
2021-08-06,39.11000000,39.18200000,38.94600000,39.00000000,841.81400000
2021-08-06,38.97300000,39.28600000,38.95500000,39.15000000,1070.17400000
2021-08-06,39.14900000,39.29400000,38.52700000,38.62400000,2684.70700000
2021-08-06,38.62400000,39.28500000,38.60700000,39.10100000,3306.06900000
2021-08-06,39.16700000,39.20600000,38.75300000,38.94400000,1440.37700000
2021-08-06,38.91300000,39.03700000,38.35500000,38.39200000,2604.06800000
2021-08-06,38.47400000,39.08400000,38.28200000,38.84100000,3667.25800000
2021-08-06,38.76200000,39.01500000,38.39300000,38.71100000,3199.58700000
2021-08-06,38.66200000,38.99900000,38.39100000,38.71500000,3183.99500000
2021-08-06,38.66100000,38.97800000,38.41000000,38.91600000,3072.28900000
2021-08-06,38.90600000,38.97500000,38.62600000,38.82600000,1758.69400000
2021-08-06,38.75300000,38.99400000,38.53000000,38.62800000,1867.40500000
2021-08-06,38.62800000,38.82700000,38.33900000,38.61200000,4567.06600000
2021-08-06,38.57500000,38.84000000,38.47800000,38.50400000,1138.25300000
2021-08-06,38.50400000,38.87000000,38.28300000,38.51700000,2481.52000000
2021-08-06,38.51700000,39.01300000,37.60000000,38.37200000,21196.10800000
2021-08-06,38.37200000,38.65500000,38.26900000,38.56600000,2988.03000000
2021-08-06,38.50800000,39.23100000,38.50800000,39.18700000,4766.08000000
2021-08-07,39.18500000,39.51200000,38.97900000,39.06700000,4806.20400000
2021-08-07,39.13600000,39.57900000,39.06500000,39.39700000,3943.24100000
2021-08-07,39.45200000,39.45200000,39.08800000,39.33200000,2818.01700000
2021-08-07,39.33300000,39.39800000,38.95200000,39.23900000,3137.18700000
2021-08-07,39.28300000,39.36800000,38.86800000,39.10300000,2610.21100000
2021-08-07,39.10300000,39.23100000,38.76300000,38.84800000,1712.67200000
2021-08-07,38.84800000,39.20500000,38.64500000,39.04300000,2883.92300000
2021-08-07,39.07800000,39.13000000,38.84800000,38.96000000,893.33900000
2021-08-07,38.96000000,39.06000000,38.80000000,39.04200000,1512.81700000
2021-08-07,39.05500000,39.19700000,38.82300000,38.93700000,2162.26900000
2021-08-07,38.93400000,39.33700000,38.79500000,39.28300000,2809.44200000
2021-08-07,39.22300000,39.51700000,38.99200000,39.16200000,4419.51400000
2021-08-07,39.17200000,39.66300000,38.95100000,39.24100000,9198.02400000
2021-08-07,39.24100000,39.60000000,39.17400000,39.37400000,3607.59800000
2021-08-07,39.37400000,40.73300000,39.19100000,39.79500000,17851.82200000
2021-08-07,39.75100000,39.89000000,39.31500000,39.80000000,4453.44200000
2021-08-07,39.80000000,40.30600000,39.59800000,39.84100000,6312.22600000
2021-08-07,39.90900000,40.28100000,39.77900000,39.80000000,5889.78500000
2021-08-07,39.85000000,40.03700000,39.60300000,40.03700000,4276.98100000
2021-08-07,40.03700000,40.30100000,39.82000000,40.01700000,3558.67400000
2021-08-07,40.01500000,40.42200000,39.35600000,39.44300000,4864.02800000
2021-08-07,39.50400000,39.89900000,39.17200000,39.21200000,5367.65500000
2021-08-07,39.25500000,39.91700000,39.23600000,39.86000000,3938.82800000
2021-08-07,39.86000000,41.50000000,39.67300000,39.92000000,12907.66100000
2021-08-08,39.85500000,40.21000000,39.20900000,40.12800000,6111.72000000
2021-08-08,40.21000000,40.49000000,39.93300000,40.28200000,4276.80000000
2021-08-08,40.22400000,40.45500000,39.88600000,40.37400000,3867.84500000
2021-08-08,40.44000000,40.86700000,39.85500000,40.76700000,3882.28800000
2021-08-08,40.76700000,40.96700000,39.53100000,39.58700000,7945.92700000
2021-08-08,39.58700000,40.06800000,39.33000000,39.46300000,7105.00400000
2021-08-08,39.43000000,39.91600000,39.31500000,39.78900000,3690.24800000
2021-08-08,39.83800000,39.88300000,39.22800000,39.59400000,3591.55200000
2021-08-08,39.62100000,40.50000000,39.36700000,39.87900000,8755.53700000
2021-08-08,39.90100000,40.09100000,39.06800000,39.16000000,7061.08700000
2021-08-08,39.17800000,39.41600000,38.94400000,39.06500000,4346.33000000
2021-08-08,39.00800000,39.33600000,39.00800000,39.25600000,1940.91500000
2021-08-08,39.25600000,39.70000000,39.18600000,39.51000000,3472.76500000
2021-08-08,39.45300000,39.70000000,39.03000000,39.49900000,2440.01300000
2021-08-08,39.49800000,39.85000000,39.37700000,39.49000000,4679.73600000
2021-08-08,39.49000000,39.85200000,39.25200000,39.25200000,3492.09000000
2021-08-08,39.35000000,39.82300000,39.31200000,39.36500000,3077.47300000
2021-08-08,39.36500000,39.65000000,39.25000000,39.38000000,2214.55800000
2021-08-08,39.47600000,39.65900000,38.95100000,39.42500000,7575.78000000
2021-08-08,39.44600000,39.52400000,39.00800000,39.00800000,2714.84700000
2021-08-08,39.00500000,39.40000000,38.97000000,39.04000000,2295.02000000
2021-08-08,39.04000000,39.25000000,38.97700000,39.15000000,971.16300000
2021-08-08,39.15000000,39.79900000,38.89600000,39.02400000,5772.61700000
2021-08-08,39.17200000,39.74900000,38.55900000,38.74400000,6338.04700000
2021-08-09,38.76200000,39.42700000,38.70100000,38.86800000,3539.20900000
2021-08-09,38.88400000,38.96900000,38.21800000,38.60200000,3581.36900000
2021-08-09,38.58100000,38.92800000,38.19600000,38.36000000,1852.98200000
2021-08-09,38.36000000,38.52100000,38.05000000,38.23200000,2424.28100000
2021-08-09,38.19500000,38.51700000,38.00000000,38.00000000,2580.32300000
2021-08-09,38.00000000,38.32800000,37.95900000,38.32800000,1143.22700000
2021-08-09,38.29300000,39.75000000,38.28000000,38.66800000,17888.57800000
2021-08-09,38.63000000,39.09500000,38.19200000,38.29400000,3305.37900000
2021-08-09,38.28000000,38.54100000,37.98600000,38.11800000,1843.31400000
2021-08-09,38.06700000,38.06700000,37.11000000,37.27700000,4168.60600000
2021-08-09,37.27700000,38.00000000,37.21800000,38.00000000,854.23700000
2021-08-09,37.98400000,38.00000000,37.79200000,37.91200000,562.90600000
2021-08-09,37.98800000,38.02000000,37.70600000,37.97100000,1514.24800000
2021-08-09,37.91600000,38.01300000,37.52000000,37.57500000,2088.86500000
2021-08-09,37.64700000,37.72600000,37.05700000,37.15100000,2720.01700000
2021-08-09,37.22100000,37.54700000,37.19100000,37.53500000,2024.78300000
2021-08-09,37.53500000,37.84800000,37.53200000,37.80300000,2368.89800000
2021-08-09,37.78600000,38.43700000,37.78300000,38.27600000,3931.78400000
2021-08-09,38.29500000,38.66800000,38.25100000,38.66100000,4568.18300000
2021-08-09,38.68800000,39.04900000,38.57000000,38.96400000,3071.02300000
2021-08-09,38.97700000,38.98900000,38.50300000,38.85100000,2969.10400000
2021-08-09,38.85700000,39.10400000,38.28700000,38.34400000,3652.01900000
2021-08-09,38.34400000,38.82000000,38.22900000,38.66300000,3086.21900000
2021-08-09,38.64500000,39.65400000,38.58300000,39.65400000,4381.68600000
2021-08-10,39.65400000,39.80000000,39.08000000,39.08000000,4747.29400000
2021-08-10,39.12700000,39.61900000,39.12700000,39.52700000,1268.51800000
2021-08-10,39.52600000,39.60200000,39.24900000,39.44000000,1673.04900000
2021-08-10,39.44000000,39.58000000,38.87800000,39.05900000,2454.57800000
2021-08-10,39.05900000,39.61700000,38.70400000,38.93700000,3493.69600000
2021-08-10,38.92300000,39.15500000,38.70500000,38.91700000,1937.75100000
2021-08-10,38.91700000,39.66100000,38.77600000,39.42200000,3156.26500000
2021-08-10,39.48000000,39.52000000,38.97900000,39.27400000,3148.56500000
2021-08-10,39.27400000,39.78400000,39.14400000,39.76900000,2485.85200000
2021-08-10,39.72700000,40.92400000,39.64300000,40.55000000,7434.45400000
2021-08-10,40.55000000,40.55000000,39.36000000,39.40000000,3283.42900000
2021-08-10,39.39700000,39.45500000,38.95000000,39.15400000,3610.25800000
2021-08-10,39.15500000,39.27300000,38.97300000,39.05200000,672.00000000
2021-08-10,39.05200000,39.47600000,39.05200000,39.28900000,1019.96600000
2021-08-10,39.27900000,39.37100000,38.85600000,39.02100000,2405.72800000
2021-08-10,39.02100000,39.70000000,38.94000000,39.63900000,1461.33800000
2021-08-10,39.63900000,40.14600000,39.37400000,39.99900000,3304.83400000
2021-08-10,39.98700000,40.07700000,39.60000000,39.82100000,1146.96300000
2021-08-10,39.82100000,39.85900000,39.15800000,39.20800000,2634.73000000
2021-08-10,39.20800000,39.89100000,39.20000000,39.68000000,1521.27300000
2021-08-10,39.68000000,40.43100000,39.55300000,40.26700000,2225.67900000
2021-08-10,40.28000000,40.40000000,39.50800000,39.85000000,3565.85300000
2021-08-10,39.79100000,39.85000000,39.36700000,39.51000000,899.89900000
2021-08-10,39.51000000,39.70000000,39.24000000,39.24000000,2778.46300000
2021-08-11,39.23500000,39.37700000,38.80000000,38.80400000,2747.27500000
2021-08-11,38.80500000,39.16800000,38.75900000,38.97900000,1434.38100000
2021-08-11,38.97900000,39.41600000,38.88200000,39.14900000,1697.46300000
2021-08-11,39.14800000,39.44600000,39.10000000,39.38300000,1930.05800000
2021-08-11,39.38300000,39.76500000,39.36300000,39.67000000,1178.05900000
2021-08-11,39.65200000,40.15200000,39.65200000,39.82900000,3402.26500000
2021-08-11,39.77900000,40.17700000,39.77500000,39.94500000,1203.71700000
2021-08-11,39.86900000,39.86900000,39.33100000,39.60900000,1227.82700000
2021-08-11,39.65000000,39.99100000,39.57400000,39.92100000,1408.69700000
2021-08-11,39.90900000,40.62900000,39.73100000,40.02100000,2356.09000000
2021-08-11,40.04600000,40.82100000,39.59400000,40.70400000,2995.79000000
2021-08-11,40.70400000,40.95000000,40.36200000,40.63200000,3019.83200000
2021-08-11,40.55400000,40.60300000,40.34700000,40.46100000,1800.45700000
2021-08-11,40.40600000,40.56000000,40.15300000,40.35300000,1383.99500000
2021-08-11,40.37100000,40.71900000,40.22700000,40.47700000,2659.69700000
2021-08-11,40.51200000,41.28800000,40.51200000,41.28800000,4141.62200000
2021-08-11,41.23500000,41.35900000,40.62000000,40.66200000,4006.02500000
2021-08-11,40.66000000,40.74100000,40.32000000,40.54100000,3252.86800000
2021-08-11,40.54100000,40.80700000,40.38700000,40.71900000,2072.07000000
2021-08-11,40.76900000,40.95500000,40.41500000,40.42200000,1703.36000000
2021-08-11,40.49700000,40.88000000,40.32000000,40.84200000,1385.38700000
2021-08-11,40.84200000,41.31000000,40.84200000,41.24800000,2401.23900000
2021-08-11,41.24800000,42.42700000,41.23300000,42.27600000,6359.85600000
2021-08-11,42.29300000,42.53000000,41.31300000,42.00000000,10339.32100000
2021-08-12,41.93300000,43.82600000,41.85000000,42.95400000,39018.01700000
2021-08-12,42.91900000,43.75100000,42.60300000,42.77500000,7110.04300000
2021-08-12,42.76200000,43.45200000,42.10100000,42.76800000,6858.22200000
2021-08-12,42.71800000,43.08900000,42.35100000,42.70100000,4359.78400000
2021-08-12,42.71700000,43.19900000,42.59600000,42.68100000,1959.27900000
2021-08-12,42.71700000,42.73200000,41.27500000,41.99400000,5878.22700000
2021-08-12,41.91300000,42.00000000,41.20400000,41.44000000,3555.22800000
2021-08-12,41.44000000,41.67800000,41.17800000,41.40800000,1175.91700000
2021-08-12,41.40800000,41.58700000,41.18100000,41.39800000,2180.24900000
2021-08-12,41.39100000,41.98500000,41.20000000,41.90100000,1617.46400000
2021-08-12,41.89700000,42.53400000,41.86200000,42.47900000,2802.72200000
2021-08-12,42.47300000,42.53700000,41.64500000,41.84300000,1757.68600000
2021-08-12,41.84000000,42.00200000,41.34400000,41.37900000,1567.08100000
2021-08-12,41.32900000,41.40400000,39.69400000,39.97100000,5437.29300000
2021-08-12,40.00300000,40.04200000,39.51100000,39.86500000,2838.04900000
2021-08-12,39.83900000,41.54800000,39.67200000,41.41000000,5899.35900000
2021-08-12,41.46400000,41.68800000,40.85000000,41.48000000,2276.79900000
2021-08-12,41.41600000,41.92200000,40.89800000,41.70000000,4033.39500000
2021-08-12,41.69900000,42.00600000,41.69900000,41.80000000,1034.87300000
2021-08-12,41.74600000,41.90400000,40.66100000,40.79700000,2462.01300000
2021-08-12,40.71000000,41.13200000,40.50500000,40.50600000,3568.73600000
2021-08-12,40.50600000,40.50600000,39.86200000,40.10000000,6409.12400000
2021-08-12,40.10000000,40.10000000,38.90000000,39.15700000,3422.60700000
2021-08-12,39.07800000,39.59200000,39.01300000,39.31000000,1211.35000000
2021-08-13,39.30100000,39.46800000,38.59800000,38.97300000,2190.71000000
2021-08-13,39.02500000,39.53300000,38.97300000,39.19600000,726.05600000
2021-08-13,39.24400000,39.97800000,39.24400000,39.86300000,663.25100000
2021-08-13,39.93300000,39.94200000,39.58300000,39.68000000,710.86600000
2021-08-13,39.75200000,39.96600000,39.34500000,39.58400000,956.12000000
2021-08-13,39.65300000,39.67500000,39.13100000,39.13500000,1180.88800000
2021-08-13,39.19000000,39.19000000,38.72900000,38.78200000,574.62500000
2021-08-13,38.83000000,39.64900000,38.78700000,39.61900000,880.21100000
2021-08-13,39.60800000,40.24200000,39.45500000,39.65200000,3756.42300000
2021-08-13,39.66200000,40.20900000,39.59800000,39.85200000,1024.92200000
2021-08-13,39.95200000,40.74900000,39.95200000,40.70500000,1324.45900000
2021-08-13,40.72100000,41.57700000,40.72100000,41.43800000,4279.44700000
2021-08-13,41.43800000,41.57400000,41.16000000,41.36200000,2019.73200000
2021-08-13,41.37600000,42.03900000,41.37600000,41.66300000,2560.08200000
2021-08-13,41.74800000,41.97100000,41.53800000,41.72500000,1201.89300000
2021-08-13,41.79500000,42.09700000,41.23200000,41.54100000,3098.91000000
2021-08-13,41.54100000,41.65300000,41.36600000,41.60000000,2127.34600000
2021-08-13,41.60000000,42.34200000,41.50100000,42.01800000,3365.43600000
2021-08-13,42.08300000,42.09900000,41.50000000,41.60000000,2430.81200000
2021-08-13,41.63500000,41.79300000,41.08500000,41.44900000,2490.81800000
2021-08-14,41.45100000,41.99900000,41.37900000,41.69700000,1688.42600000
2021-08-14,41.68300000,42.47100000,41.68300000,42.35000000,1977.57900000
2021-08-14,42.35000000,42.35000000,41.96300000,42.07900000,2036.30100000
2021-08-14,42.07900000,42.16400000,41.50000000,41.69700000,1087.46300000
2021-08-14,41.69700000,42.67100000,41.62600000,42.56100000,2867.35400000
2021-08-14,42.60700000,42.98300000,42.48100000,42.61800000,3045.30600000
2021-08-14,42.61800000,42.91500000,42.21000000,42.27900000,2414.22300000
2021-08-14,42.28100000,42.93000000,42.25000000,42.77900000,1010.25200000
2021-08-14,42.77700000,42.85500000,42.36400000,42.42100000,2576.27700000
2021-08-14,42.45400000,42.56700000,42.20700000,42.24100000,1103.00800000
2021-08-14,42.20200000,42.78800000,42.14400000,42.74100000,1009.77800000
2021-08-14,42.79000000,43.15000000,42.60800000,42.74700000,1527.22100000
2021-08-14,42.74700000,42.87700000,42.43500000,42.50400000,1104.73900000
2021-08-14,42.44500000,42.77700000,42.44500000,42.74000000,974.85200000
2021-08-14,42.74000000,42.90000000,42.49800000,42.80400000,1606.00200000
2021-08-14,42.80400000,42.99900000,42.73400000,42.81200000,649.66600000
2021-08-14,42.80700000,43.14100000,42.78400000,43.06700000,1819.86000000
2021-08-14,43.06700000,43.15300000,41.43500000,41.52100000,2515.34000000
2021-08-14,41.43900000,41.94700000,40.50200000,40.58700000,6935.41300000
2021-08-14,40.69500000,41.42800000,40.14100000,41.38800000,5030.48100000
2021-08-14,41.42700000,41.50000000,41.02700000,41.20800000,3421.00000000
2021-08-14,41.24900000,41.72700000,40.92100000,41.68400000,3373.42200000
2021-08-14,41.73300000,42.02600000,41.47100000,41.81600000,3216.80400000
2021-08-14,41.82200000,41.88000000,41.30500000,41.51400000,1568.03100000
2021-08-15,41.51500000,41.58700000,41.14500000,41.48500000,1961.37100000
2021-08-15,41.51200000,42.08800000,41.46700000,41.82700000,2165.02000000
2021-08-15,41.76800000,41.95400000,41.76100000,41.82700000,479.59500000
2021-08-15,41.86000000,42.40900000,41.76100000,42.05700000,2691.86800000
2021-08-15,42.05700000,42.14600000,41.12700000,41.90400000,2962.27000000
2021-08-15,41.86700000,41.98600000,41.73200000,41.81300000,824.41800000
2021-08-15,41.81200000,41.86500000,41.50300000,41.51300000,1117.60300000
2021-08-15,41.54700000,41.73600000,41.48600000,41.65000000,1076.56000000
2021-08-15,41.67600000,41.81000000,41.45100000,41.61000000,825.06900000
2021-08-15,41.67400000,41.72400000,41.49200000,41.57200000,1078.91100000
2021-08-15,41.63300000,41.67400000,41.36800000,41.54300000,1956.84600000
2021-08-15,41.54300000,41.81900000,41.26500000,41.26500000,2148.54100000
2021-08-15,41.26300000,41.58600000,41.01600000,41.51600000,1630.00200000
2021-08-15,41.55400000,41.60600000,41.26600000,41.45400000,1262.90600000
2021-08-15,41.38200000,41.69000000,41.36500000,41.40500000,1488.50200000
2021-08-15,41.40300000,41.54700000,40.51300000,40.76400000,3643.04000000
2021-08-15,40.75600000,40.99100000,40.71800000,40.95400000,1133.57000000
2021-08-15,40.86700000,41.33600000,40.72800000,41.03600000,878.23200000
2021-08-15,41.03600000,41.32800000,41.02000000,41.31200000,792.02300000
2021-08-15,41.29400000,41.33600000,40.78300000,41.01300000,1723.53800000
2021-08-15,41.01400000,41.33000000,40.63200000,41.19200000,2586.66600000
2021-08-15,41.18400000,41.40000000,40.68000000,41.09900000,5388.79700000
2021-08-15,41.09700000,41.77800000,41.03800000,41.28500000,68666.71800000
2021-08-15,41.26700000,41.53000000,41.09500000,41.53000000,1198.20300000
2021-08-16,41.54800000,41.57400000,41.16400000,41.33800000,3354.14600000
2021-08-16,41.31600000,41.37400000,41.23300000,41.23300000,1921.81000000
2021-08-16,41.24400000,41.52300000,41.24300000,41.52300000,413.65800000
2021-08-16,41.52300000,41.56500000,41.24300000,41.53700000,948.81600000
2021-08-16,41.46400000,42.00100000,41.31300000,41.84800000,2164.55500000
2021-08-16,41.85500000,42.01900000,41.67200000,41.79400000,1036.21000000
2021-08-16,41.85700000,42.33800000,41.81800000,42.18900000,1130.37000000
2021-08-16,42.25900000,42.25900000,41.90000000,42.09100000,850.41600000
2021-08-16,42.10900000,42.70700000,41.89600000,42.18400000,4996.46100000
2021-08-16,42.17700000,42.82900000,42.11800000,42.43100000,29329.89600000
2021-08-16,42.43100000,42.73800000,42.41200000,42.54400000,1785.16500000
2021-08-16,42.54400000,42.54400000,41.77400000,41.80500000,3014.31400000
2021-08-16,41.80700000,42.30700000,41.80200000,42.28200000,978.31900000
2021-08-16,42.28400000,42.55900000,42.23000000,42.55800000,1338.23400000
2021-08-16,42.55800000,42.56800000,41.95000000,42.42000000,2215.22100000
2021-08-16,42.49300000,42.68400000,42.21600000,42.21600000,3737.83200000
2021-08-16,42.24200000,42.61000000,42.10000000,42.43300000,2776.76200000
2021-08-16,42.43100000,42.85600000,42.33000000,42.79300000,1252.18200000
2021-08-16,42.85100000,43.73400000,42.79500000,43.35000000,4296.82800000
2021-08-16,43.30100000,43.73000000,43.24200000,43.40800000,3348.56000000
2021-08-16,43.40800000,43.45200000,42.61500000,42.80600000,2374.44800000
2021-08-16,42.80300000,42.92400000,41.98700000,41.98700000,3991.23300000
2021-08-16,41.98600000,42.06500000,41.55000000,41.76900000,2619.60700000
2021-08-16,41.77000000,42.28100000,41.66200000,42.22900000,1984.78400000
2021-08-17,42.23000000,42.50200000,42.17500000,42.32000000,1573.79500000
2021-08-17,42.30400000,42.94900000,42.15300000,42.32900000,2379.60000000
2021-08-17,42.29600000,42.88400000,42.20500000,42.30600000,1082.26500000
2021-08-17,42.30600000,42.31500000,41.72200000,41.76900000,1418.65900000
2021-08-17,41.83300000,41.96800000,40.50000000,41.29900000,3613.99800000
2021-08-17,41.23300000,41.67700000,40.02000000,40.81900000,12160.02500000
2021-08-17,40.81900000,41.24500000,40.76200000,41.10100000,4004.70400000
2021-08-17,41.09900000,41.14000000,40.62200000,40.62200000,1013.32700000
2021-08-17,40.67100000,40.72800000,39.48700000,39.84000000,2793.07300000
2021-08-17,39.84000000,40.65300000,39.84000000,40.65100000,1665.73700000
2021-08-17,40.64200000,40.95000000,40.60900000,40.93000000,1530.55600000
2021-08-17,40.93000000,41.16600000,40.82100000,41.02100000,1788.94600000
2021-08-17,41.02100000,41.39200000,40.95400000,41.37100000,1432.91100000
2021-08-17,41.37800000,41.38400000,40.67700000,40.88200000,2482.38600000
2021-08-17,40.88200000,40.94500000,40.55300000,40.62200000,1528.56500000
2021-08-17,40.62200000,40.96300000,40.40600000,40.96100000,1177.01300000
2021-08-17,40.96100000,41.45100000,40.91900000,41.43700000,1609.55900000
2021-08-17,41.43700000,41.93400000,41.39000000,41.93400000,1604.22600000
2021-08-17,41.93400000,42.24100000,41.36800000,41.42300000,1814.39700000
2021-08-17,41.42400000,42.03900000,41.42400000,41.90000000,3350.28600000
2021-08-17,41.93300000,42.46100000,41.87600000,41.94200000,2274.18700000
2021-08-17,41.94200000,41.94900000,41.01000000,41.67900000,3256.04300000
2021-08-17,41.67900000,41.89100000,41.21800000,41.63200000,2047.45900000
2021-08-17,41.63200000,41.79700000,41.31500000,41.43300000,1917.88600000
2021-08-18,41.50900000,41.75000000,41.01000000,41.07800000,2396.06400000
2021-08-18,41.06600000,41.64500000,40.79100000,41.46300000,2696.10100000
2021-08-18,41.46300000,41.99900000,41.27500000,41.64100000,2304.00000000
2021-08-18,41.65500000,41.89300000,40.76200000,41.10900000,3149.23300000
2021-08-18,41.04900000,41.04900000,39.80300000,40.35700000,3798.37300000
2021-08-18,40.36300000,40.55400000,39.72900000,39.77500000,2001.80100000
2021-08-18,39.77500000,39.95400000,39.00000000,39.47800000,6189.03900000
2021-08-18,39.47800000,39.70100000,39.15300000,39.37100000,1640.55600000
2021-08-18,39.37100000,39.69100000,39.29400000,39.61400000,1898.91000000
2021-08-18,39.61400000,39.68000000,38.60800000,39.45500000,3434.26800000
2021-08-18,39.43900000,39.43900000,38.55600000,38.91600000,2444.77100000
2021-08-18,38.92200000,39.08000000,38.42000000,38.59400000,3262.36300000
2021-08-18,38.63700000,39.01600000,38.59200000,38.79600000,2320.64800000
2021-08-18,38.71000000,39.58400000,38.71000000,39.34600000,2244.05900000
2021-08-18,39.35900000,39.70300000,39.08800000,39.30000000,5304.87200000
2021-08-18,39.33300000,39.36000000,38.64900000,38.71500000,2679.11400000
2021-08-18,38.70100000,39.25300000,38.70100000,39.25300000,2272.02300000
2021-08-18,39.28600000,39.75300000,39.16300000,39.37100000,3501.29100000
2021-08-18,39.43200000,39.50700000,39.05600000,39.27800000,1445.51000000
2021-08-18,39.30300000,39.30500000,38.52400000,38.59900000,2351.49100000
2021-08-18,38.63700000,39.29200000,38.60800000,39.08000000,2539.57800000
2021-08-18,39.10200000,39.54800000,38.87600000,39.21500000,2411.76700000
2021-08-18,39.28100000,39.57100000,38.92600000,39.22800000,4062.68000000
2021-08-18,39.27500000,40.07900000,39.12800000,39.83200000,1756.95600000
2021-08-19,39.88300000,40.16300000,39.73000000,40.14400000,1543.75100000
2021-08-19,40.17900000,40.27400000,40.06400000,40.13800000,737.97800000
2021-08-19,40.13600000,40.25200000,39.61400000,39.79200000,1405.95000000
2021-08-19,39.72900000,39.88700000,39.12800000,39.21600000,2050.58700000
2021-08-19,39.27900000,39.49200000,38.47500000,38.50700000,7247.78300000
2021-08-19,38.44100000,39.18000000,38.00000000,38.00400000,6038.55500000
2021-08-19,38.02100000,38.49400000,37.96000000,38.49400000,3392.38500000
2021-08-19,38.44800000,38.85800000,38.42600000,38.50500000,1270.96500000
2021-08-19,38.50500000,38.71600000,37.68900000,38.64400000,4679.08700000
2021-08-19,38.59800000,38.99500000,38.30200000,38.69500000,954.04900000
2021-08-19,38.69500000,38.69500000,38.29600000,38.30200000,1370.86900000
2021-08-19,38.28700000,38.33900000,37.71600000,37.71600000,1529.71300000
2021-08-19,37.71600000,38.04000000,37.70800000,38.02100000,988.10800000
2021-08-19,37.99800000,38.51700000,37.84200000,38.33200000,1025.37200000
2021-08-19,38.25000000,38.65900000,38.25000000,38.59500000,1420.07400000
2021-08-19,38.59400000,38.78700000,38.38100000,38.78000000,2208.18300000
2021-08-19,38.82900000,39.18600000,38.70800000,39.02500000,1546.16100000
2021-08-19,38.96500000,39.31500000,38.69500000,38.88800000,4665.45600000
2021-08-19,38.86800000,38.98100000,38.56800000,38.56800000,1077.89100000
2021-08-19,38.56800000,38.66100000,38.33100000,38.40900000,1206.29700000
2021-08-19,38.44300000,38.92100000,38.33100000,38.92100000,976.11900000
2021-08-19,38.92100000,39.31700000,38.66300000,39.31700000,1000.74400000
2021-08-19,39.33100000,39.69900000,39.11700000,39.59700000,2322.77400000
2021-08-19,39.66500000,39.83800000,39.57700000,39.83800000,588.03600000
2021-08-20,39.85000000,39.97600000,39.75800000,39.80000000,1019.74800000
2021-08-20,39.87300000,39.91200000,39.56000000,39.88500000,1524.03700000
2021-08-20,39.89900000,40.63400000,39.89900000,40.59100000,1727.14000000
2021-08-20,40.63300000,40.96100000,40.59400000,40.96100000,1652.79800000
2021-08-20,40.96100000,40.96400000,40.53000000,40.94600000,1219.80700000
2021-08-20,40.96300000,40.96300000,40.64300000,40.71100000,283.48600000
2021-08-20,40.76900000,40.82100000,40.55600000,40.82100000,522.39400000
2021-08-20,40.82100000,40.96000000,40.64600000,40.95600000,344.05800000
2021-08-20,40.95600000,41.34300000,40.82100000,41.29500000,2180.26100000
2021-08-20,41.29100000,41.62200000,41.19000000,41.57000000,1295.38600000
2021-08-20,41.62200000,41.98600000,41.50300000,41.97700000,1370.81200000
2021-08-20,41.97700000,41.98400000,41.72000000,41.90000000,706.06300000
2021-08-20,41.93400000,42.05900000,41.83700000,41.88500000,854.10800000
2021-08-20,41.98400000,42.12400000,41.85100000,42.00600000,867.29400000
2021-08-20,42.02700000,42.10500000,41.61000000,41.91200000,1242.66800000
2021-08-20,41.99700000,42.35200000,41.92600000,42.19600000,1480.04200000
2021-08-20,42.27200000,42.77900000,42.21200000,42.75000000,1465.54000000
2021-08-20,42.75000000,42.79500000,42.43200000,42.55000000,1193.29900000
2021-08-20,42.55000000,42.61100000,42.37000000,42.60000000,2648.74400000
2021-08-20,42.59800000,42.80600000,42.27700000,42.42800000,10663.02900000
2021-08-20,42.51900000,42.65000000,42.34300000,42.48400000,2170.12500000
2021-08-20,42.47700000,43.00000000,42.20700000,42.68400000,3090.62100000
2021-08-20,42.68400000,42.75700000,42.46100000,42.62900000,1536.42400000
2021-08-20,42.62600000,43.32300000,42.34700000,43.27000000,2843.52900000
2021-08-21,43.32200000,43.50000000,42.47700000,42.91000000,2082.38700000
2021-08-21,42.91100000,43.05200000,42.59600000,42.61200000,1630.64500000
2021-08-21,42.68300000,42.69400000,42.00000000,42.19100000,1119.12600000
2021-08-21,42.25300000,42.60800000,42.19200000,42.45700000,560.28000000
2021-08-21,42.49800000,42.57300000,42.39500000,42.42000000,464.03000000
2021-08-21,42.46000000,43.60000000,42.39200000,43.31500000,13287.50900000
2021-08-21,43.25500000,43.54300000,42.75100000,42.96500000,1813.52900000
2021-08-21,42.96500000,43.70000000,42.29600000,42.86300000,13149.27400000
2021-08-21,42.92300000,44.57600000,42.50000000,42.92600000,17979.62500000
2021-08-21,42.91900000,44.15200000,42.59100000,43.41700000,12388.71100000
2021-08-21,43.48000000,45.71600000,43.40800000,45.09500000,7416.52600000
2021-08-21,44.99200000,45.06600000,43.50600000,43.68300000,5072.55200000
2021-08-21,43.67400000,43.67400000,43.11500000,43.18500000,1285.84600000
2021-08-21,43.23500000,43.43700000,43.15500000,43.23500000,1159.16100000
2021-08-21,43.22900000,43.38900000,42.90600000,42.95200000,1237.11700000
2021-08-21,42.92600000,43.15500000,42.66500000,43.07300000,1307.05800000
2021-08-21,43.06100000,44.07800000,42.94000000,43.40300000,4046.60700000
2021-08-21,43.41400000,46.09300000,43.41400000,44.09400000,13514.75300000
2021-08-21,44.10900000,44.25700000,43.99100000,44.14300000,3332.23500000
2021-08-21,44.09000000,44.13800000,42.01500000,42.42500000,5433.97500000
2021-08-21,42.42800000,43.29200000,42.42500000,42.94600000,1110.53300000
2021-08-21,42.94600000,43.21100000,42.89100000,43.20100000,1550.64400000
2021-08-21,43.20100000,43.21800000,42.91700000,43.02300000,1271.17500000
2021-08-21,43.08400000,43.53000000,43.00700000,43.36000000,1439.59300000
2021-08-22,43.30000000,43.88200000,43.30000000,43.66100000,1173.24800000
2021-08-22,43.66600000,44.26400000,43.24200000,43.50300000,1781.00600000
2021-08-22,43.45000000,43.71600000,42.93000000,43.51300000,1306.40700000
2021-08-22,43.51300000,43.55300000,42.69900000,42.74700000,1926.02200000
2021-08-22,42.68500000,43.18800000,42.67100000,43.02200000,782.33300000
2021-08-22,43.02200000,43.16700000,42.85000000,43.01400000,1115.43900000
2021-08-22,43.03800000,43.18900000,42.91800000,43.02000000,462.02200000
2021-08-22,43.15900000,43.43300000,42.62100000,42.62100000,1084.60100000
2021-08-22,42.62100000,43.06600000,42.56900000,42.90100000,1357.62200000
2021-08-22,42.99500000,43.24500000,42.85000000,43.07900000,711.94600000
2021-08-22,43.14000000,43.23400000,42.75700000,42.99700000,672.98700000
2021-08-22,42.99700000,43.02300000,42.50500000,42.96900000,866.49000000
2021-08-22,43.03400000,43.32700000,42.92300000,43.31800000,1182.88400000
2021-08-22,43.36000000,43.40000000,42.75000000,42.86500000,1208.60900000
2021-08-22,42.87000000,43.16000000,42.85000000,42.98000000,1138.54800000
2021-08-22,43.00300000,43.10300000,42.98000000,43.06600000,493.44900000
2021-08-22,43.06600000,43.12000000,42.71100000,42.92700000,893.15800000
2021-08-22,42.85500000,43.37700000,42.82300000,43.33100000,1760.30700000
2021-08-22,43.33100000,44.54900000,43.17500000,43.65400000,3910.67000000
2021-08-22,43.70500000,44.08600000,43.62600000,44.05900000,1097.80300000
2021-08-22,44.09200000,44.54900000,43.64800000,43.82700000,3752.63000000
2021-08-22,43.77100000,44.34400000,43.15700000,43.86100000,1952.41000000
2021-08-22,43.89100000,44.28000000,43.34600000,43.34600000,3184.04300000
2021-08-22,43.34600000,43.49600000,42.93300000,43.28700000,2352.82100000
2021-08-23,43.28000000,43.47900000,42.85100000,43.33900000,982.05800000
2021-08-23,43.34100000,43.69500000,42.98500000,43.65600000,904.71000000
2021-08-23,43.65600000,44.68600000,43.24500000,43.90000000,9286.96300000
2021-08-23,43.97400000,44.21200000,43.78800000,44.09500000,1531.68300000
2021-08-23,44.07600000,44.18100000,43.45800000,43.80700000,1847.03600000
2021-08-23,43.82600000,44.10700000,43.48000000,44.10700000,749.43400000
2021-08-23,44.11700000,44.50000000,43.85800000,44.35800000,2892.01400000
2021-08-23,44.29500000,44.63600000,44.16100000,44.47200000,2868.57400000
2021-08-23,44.54900000,44.55000000,44.08800000,44.39200000,1569.11800000
2021-08-23,44.42300000,44.65800000,44.39500000,44.46800000,1233.47800000
2021-08-23,44.50800000,44.52500000,44.06100000,44.49100000,1497.53900000
2021-08-23,44.49100000,44.58600000,44.16800000,44.48300000,1798.67500000
2021-08-23,44.48400000,44.62700000,44.41000000,44.59800000,588.54900000
2021-08-23,44.59800000,44.79800000,44.41400000,44.79800000,2060.78500000
2021-08-23,44.78400000,44.93900000,44.63000000,44.69200000,1345.88200000
2021-08-23,44.76200000,44.84200000,44.24300000,44.39700000,2382.73500000
2021-08-23,44.37300000,44.63300000,44.29700000,44.60600000,1172.09200000
2021-08-23,44.60200000,44.70800000,44.42900000,44.51300000,2541.18600000
2021-08-23,44.51300000,44.58700000,44.00000000,44.15600000,1769.82200000
2021-08-23,44.20500000,44.48300000,44.10000000,44.42300000,900.30200000
2021-08-23,44.42300000,44.46700000,44.19400000,44.33700000,819.25800000
2021-08-23,44.33700000,44.47300000,44.16000000,44.39700000,1060.95900000
2021-08-23,44.40000000,44.70000000,43.90000000,43.96700000,2728.49000000
2021-08-23,43.91100000,44.26100000,43.74600000,44.17900000,2121.29200000
2021-08-24,44.25900000,45.26300000,43.58300000,45.01100000,42303.72900000
2021-08-24,45.08400000,45.49900000,43.94800000,44.00100000,56481.82700000
2021-08-24,43.93000000,44.20200000,43.77200000,44.20200000,1394.24000000
2021-08-24,44.20200000,44.20200000,43.52900000,44.14200000,2468.91100000
2021-08-24,44.14200000,44.76800000,43.93000000,44.65500000,1306.92200000
2021-08-24,44.57400000,44.74900000,44.15600000,44.58300000,1046.77800000
2021-08-24,44.58300000,44.94200000,44.41000000,44.87200000,762.34100000
2021-08-24,44.85000000,44.96900000,44.53400000,44.75400000,1384.44300000
2021-08-24,44.74500000,44.97500000,43.91900000,44.13100000,1040.64900000
2021-08-24,44.06900000,44.10400000,43.59500000,43.66200000,2570.22800000
2021-08-24,43.63300000,44.19500000,43.63300000,44.12700000,899.28800000
2021-08-24,44.18800000,44.44600000,43.94000000,43.99900000,5926.23000000
2021-08-24,43.99900000,44.44100000,43.86000000,44.26900000,741.01800000
2021-08-24,44.21800000,44.43800000,44.18200000,44.34400000,367.45900000
2021-08-24,44.31400000,44.79800000,44.04300000,44.44800000,3518.85200000
2021-08-24,44.50400000,44.58600000,44.39800000,44.58600000,777.99100000
2021-08-24,44.58600000,44.75300000,44.42800000,44.75300000,1075.77100000
2021-08-24,44.74500000,44.76200000,44.44500000,44.56800000,772.31200000
2021-08-24,44.63300000,44.67800000,44.31900000,44.45200000,2312.22600000
2021-08-24,44.49600000,44.51300000,44.06100000,44.30100000,1178.70300000
2021-08-24,44.36500000,44.36500000,43.82800000,44.07400000,1143.97800000
2021-08-24,44.06900000,44.06900000,42.53400000,43.05200000,2742.04500000
2021-08-24,42.97100000,44.45700000,42.66300000,43.55200000,10283.25400000
2021-08-24,43.51600000,43.73000000,43.04800000,43.47200000,4855.91700000
2021-08-25,43.38700000,43.47200000,41.67800000,42.25700000,4033.73800000
2021-08-25,42.28400000,42.89800000,42.21000000,42.59800000,796.40300000
2021-08-25,42.59800000,42.62300000,42.20500000,42.47400000,795.87800000
2021-08-25,42.55800000,43.31500000,42.53300000,43.26800000,1659.07000000
2021-08-25,43.19000000,43.38000000,42.90000000,43.07400000,868.86500000
2021-08-25,43.18600000,43.38000000,42.71200000,42.82000000,1344.16800000
2021-08-25,42.82000000,43.38000000,42.76900000,43.34400000,1001.95300000
2021-08-25,43.36300000,43.65900000,42.52700000,42.54400000,1994.07500000
2021-08-25,42.52800000,43.70200000,42.42700000,43.50200000,2996.03700000
2021-08-25,43.50600000,44.11000000,43.29400000,43.92200000,2052.09100000
2021-08-25,43.85100000,43.90600000,43.52000000,43.71600000,1007.78900000
2021-08-25,43.70400000,43.70500000,43.53600000,43.62600000,474.28500000
2021-08-25,43.60000000,43.95400000,43.60000000,43.89300000,679.26700000
2021-08-25,43.89300000,44.44100000,43.82100000,44.33800000,1535.41100000
2021-08-25,44.35700000,44.36300000,44.05300000,44.05300000,857.93800000
2021-08-25,44.09000000,44.17200000,43.69000000,43.80800000,917.72700000
2021-08-25,43.80800000,44.57500000,42.89800000,42.91300000,6642.61200000
2021-08-25,42.84900000,42.84900000,42.11500000,42.65300000,2003.49700000
2021-08-25,42.74100000,43.02100000,42.68400000,42.95100000,857.62100000
2021-08-25,42.95000000,42.95000000,42.15000000,42.81200000,1692.40100000
2021-08-25,42.89100000,43.97900000,42.85400000,43.97900000,1437.28300000
2021-08-25,43.98000000,44.21300000,43.64000000,43.73900000,1865.44200000
2021-08-25,43.63100000,44.64500000,43.16700000,44.34400000,3294.18600000
2021-08-25,44.34700000,44.69900000,44.05900000,44.26800000,5079.87500000
2021-08-26,44.25400000,44.48000000,44.05400000,44.37200000,1861.89600000
2021-08-26,44.37300000,44.55300000,44.02400000,44.51500000,637.13900000
2021-08-26,44.55000000,44.64800000,44.32200000,44.46900000,555.64600000
2021-08-26,44.46900000,44.72100000,43.64700000,44.00700000,1600.01900000
2021-08-26,44.07500000,44.25500000,43.93900000,44.05400000,983.50200000
2021-08-26,44.01100000,44.28100000,44.01100000,44.27900000,260.79900000
2021-08-26,44.27700000,44.45700000,44.11600000,44.26600000,664.34400000
2021-08-26,44.27400000,44.51600000,44.23500000,44.23500000,751.70000000
2021-08-26,44.31400000,44.66700000,44.13300000,44.52500000,2177.16300000
2021-08-26,44.52300000,44.54300000,43.94100000,43.94100000,2448.46800000
2021-08-26,43.91900000,44.18500000,43.81800000,43.95000000,1226.42200000
2021-08-26,44.00700000,44.00700000,42.86400000,42.86400000,1840.43200000
2021-08-26,42.92900000,43.20700000,42.79200000,43.06000000,2207.55000000
2021-08-26,43.04800000,43.06000000,41.73900000,42.06000000,2569.18300000
2021-08-26,41.98900000,42.13000000,41.74000000,41.74000000,1759.68700000
2021-08-26,41.75000000,41.76000000,41.46000000,41.68000000,604.32200000
2021-08-26,41.68000000,42.43600000,41.59000000,41.87000000,8879.63800000
2021-08-26,41.81000000,42.38000000,41.81000000,42.32000000,833.05000000
2021-08-26,42.37000000,42.55000000,42.27000000,42.44000000,348.25000000
2021-08-26,42.50000000,42.74800000,42.47000000,42.51000000,390.89000000
2021-08-26,42.55000000,42.88500000,42.05000000,42.49000000,1740.90200000
2021-08-26,42.47000000,42.55000000,42.25000000,42.44000000,626.34000000
2021-08-26,42.51000000,42.92900000,42.27000000,42.27000000,1774.55000000
2021-08-26,42.25000000,43.81000000,42.15000000,42.25000000,9628.99300000
2021-08-27,42.24000000,42.44000000,40.93500000,41.82000000,26794.86600000
2021-08-27,41.82000000,42.20000000,41.81000000,41.97000000,883.93000000
2021-08-27,42.03000000,42.03000000,41.66000000,41.96000000,944.03000000
2021-08-27,41.94000000,41.97000000,41.55000000,41.69000000,1016.75000000
2021-08-27,41.70000000,41.94000000,41.37000000,41.66000000,2703.60000000
2021-08-27,41.66000000,43.12000000,41.66000000,42.30000000,10978.74000000
2021-08-27,42.25000000,42.48000000,42.22000000,42.25000000,778.23000000
2021-08-27,42.22000000,42.34000000,41.46000000,41.46000000,891.26000000
2021-08-27,41.49000000,41.68000000,40.82200000,41.55000000,1756.04600000
2021-08-27,41.56000000,41.96000000,41.43000000,41.51000000,703.14000000
2021-08-27,41.51000000,42.33000000,41.51000000,42.09000000,2504.39000000
2021-08-27,42.17000000,42.18000000,41.28000000,41.33000000,1856.88000000
2021-08-27,41.35000000,42.25000000,40.99000000,41.16000000,8578.76000000
2021-08-27,41.16000000,41.55000000,41.16000000,41.22000000,2363.47000000
2021-08-27,41.29000000,41.61000000,41.25000000,41.52000000,866.86000000
2021-08-27,41.56000000,41.88000000,41.18000000,41.86000000,1756.65000000
2021-08-27,41.86000000,41.91000000,41.58000000,41.60000000,1332.91000000
2021-08-27,41.64000000,41.81000000,41.53000000,41.55000000,1188.71000000
2021-08-27,41.60000000,41.96000000,41.60000000,41.87000000,483.33000000
2021-08-27,41.90000000,42.87000000,41.78000000,42.31000000,1405.65000000
2021-08-27,42.30000000,42.47000000,42.20000000,42.31000000,1240.84000000
2021-08-27,42.22000000,42.55000000,42.07000000,42.40000000,911.06000000
2021-08-27,42.37000000,43.09000000,42.35000000,42.71000000,4464.27000000
2021-08-27,42.63000000,43.24000000,42.63000000,42.91000000,1991.89000000
2021-08-28,42.89000000,43.22000000,42.64000000,43.19000000,889.56000000
2021-08-28,43.19000000,43.22000000,42.95000000,43.02000000,814.62000000
2021-08-28,42.99000000,43.13000000,42.97000000,42.97000000,289.78000000
2021-08-28,43.04000000,43.12000000,42.96000000,42.98000000,460.09000000
2021-08-28,42.92000000,43.40000000,42.72000000,43.20000000,1889.92000000
2021-08-28,43.20000000,43.28000000,43.03000000,43.28000000,720.06000000
2021-08-28,43.21000000,43.21000000,42.86000000,43.05000000,1032.68000000
2021-08-28,43.02000000,43.29000000,43.00000000,43.29000000,694.07000000
2021-08-28,43.31000000,43.37000000,42.81000000,43.20000000,1424.61000000
2021-08-28,43.19000000,43.38000000,43.04000000,43.16000000,1163.64000000
2021-08-28,43.16000000,43.24000000,43.05000000,43.18000000,356.61000000
2021-08-28,43.18000000,43.26000000,43.08000000,43.09000000,443.92000000
2021-08-28,43.15000000,43.36000000,43.15000000,43.22000000,500.68000000
2021-08-28,43.28000000,43.38000000,43.05000000,43.14000000,1121.74000000
2021-08-28,43.07000000,43.29000000,42.94000000,43.18000000,982.51000000
2021-08-28,43.17000000,43.80000000,43.16000000,43.73000000,1967.81000000
2021-08-28,43.73000000,44.12000000,43.56000000,43.83000000,2570.10600000
2021-08-28,43.77000000,44.13000000,43.77000000,43.98000000,948.72000000
2021-08-28,43.97000000,44.58000000,43.83000000,43.83000000,3009.10900000
2021-08-28,43.83000000,43.86000000,43.14000000,43.52000000,2356.51000000
2021-08-28,43.54000000,43.89000000,43.27000000,43.82000000,2100.42000000
2021-08-28,43.71000000,43.80000000,43.47000000,43.57000000,1087.06000000
2021-08-28,43.57000000,43.57000000,42.79000000,43.05000000,2289.79000000
2021-08-28,43.01000000,43.18000000,42.71000000,43.15000000,1306.63000000
2021-08-29,43.15000000,43.38000000,43.10000000,43.14000000,984.33000000
2021-08-29,43.10000000,43.24000000,43.01000000,43.21000000,648.13000000
2021-08-29,43.21000000,43.28000000,43.01000000,43.01000000,300.56000000
2021-08-29,42.97000000,42.97000000,42.77000000,42.90000000,742.62000000
2021-08-29,42.97000000,43.13000000,42.82000000,42.87000000,512.85000000
2021-08-29,42.87000000,43.06000000,42.87000000,42.95000000,212.30000000
2021-08-29,42.94000000,42.96000000,42.29000000,42.42000000,3143.40000000
2021-08-29,42.41000000,42.93000000,42.35000000,42.65000000,1054.82000000
2021-08-29,42.71000000,43.22000000,42.48000000,42.84000000,1135.52000000
2021-08-29,42.82000000,43.05000000,42.51000000,42.60000000,1911.12000000
2021-08-29,42.65000000,42.97000000,42.19000000,42.21000000,1989.85000000
2021-08-29,42.30000000,42.40000000,41.70000000,42.02000000,1674.43000000
2021-08-29,42.03000000,42.03000000,41.54000000,41.76000000,689.72000000
2021-08-29,41.69000000,42.01000000,41.57000000,42.00000000,685.13000000
2021-08-29,42.01000000,42.01000000,41.78000000,41.98000000,418.14000000
2021-08-29,42.00000000,42.26000000,41.94000000,42.13000000,857.61000000
2021-08-29,42.14000000,42.25000000,41.91000000,42.13000000,862.93000000
2021-08-29,42.11000000,42.17000000,41.71000000,42.13000000,1571.47000000
2021-08-29,42.18000000,42.49000000,41.99000000,42.42000000,2716.37000000
2021-08-29,42.42000000,43.16000000,42.35000000,42.37000000,1706.28000000
2021-08-29,42.45000000,42.72000000,42.23000000,42.27000000,2403.50000000
2021-08-29,42.28000000,42.92000000,42.22000000,42.60000000,1368.73000000
2021-08-29,42.54000000,42.54000000,41.96000000,42.04000000,2278.00000000
2021-08-29,42.00000000,42.49000000,41.95000000,42.16000000,1654.77000000
2021-08-30,42.18000000,43.58000000,42.18000000,42.95000000,4866.16000000
2021-08-30,42.94000000,42.94000000,42.27000000,42.85000000,641.30000000
2021-08-30,42.86000000,43.10000000,42.65000000,42.90000000,422.18000000
2021-08-30,42.90000000,43.04000000,42.77000000,42.77000000,199.74000000
2021-08-30,42.85000000,43.18000000,42.67000000,42.87000000,692.90000000
2021-08-30,42.93000000,43.19000000,42.64000000,42.75000000,1186.05000000
2021-08-30,42.82000000,43.20000000,42.78000000,43.11000000,600.07000000
2021-08-30,43.13000000,43.28000000,43.03000000,43.11000000,644.26000000
2021-08-30,43.11000000,43.11000000,42.44000000,42.58000000,4833.95000000
2021-08-30,42.66000000,43.04000000,42.51000000,42.55000000,756.48000000
2021-08-30,42.54000000,42.76000000,42.46000000,42.76000000,560.38000000
2021-08-30,42.69000000,43.10000000,42.16000000,42.16000000,1786.06000000
2021-08-30,42.15000000,43.04000000,42.15000000,42.61000000,1458.03000000
2021-08-30,42.61000000,43.24000000,42.39000000,43.24000000,2444.85000000
2021-08-30,43.19000000,43.56000000,42.89000000,43.55000000,7358.63000000
2021-08-30,43.54000000,44.02000000,43.40000000,43.59000000,3685.22000000
2021-08-30,43.67000000,43.68000000,43.30000000,43.60000000,917.34000000
2021-08-30,43.60000000,43.74000000,43.20000000,43.24000000,1635.87000000
2021-08-30,43.24000000,43.66000000,43.14000000,43.42000000,624.67000000
2021-08-30,43.36000000,43.51000000,43.08000000,43.21000000,895.61000000
2021-08-30,43.15000000,43.39000000,42.91000000,42.91000000,1153.47000000
2021-08-30,42.98000000,43.53000000,42.90000000,43.49000000,1774.83000000
2021-08-30,43.49000000,45.13000000,43.49000000,44.18000000,21919.95300000
2021-08-30,44.10000000,45.75000000,44.10000000,44.39000000,11654.67000000
2021-08-31,44.37000000,44.47000000,44.09000000,44.17000000,4024.25000000
2021-08-31,44.17000000,44.28000000,43.91000000,44.21000000,1741.67000000
2021-08-31,44.14000000,44.30000000,44.02000000,44.28000000,1350.37000000
2021-08-31,44.28000000,44.29000000,43.85000000,44.17000000,2142.18000000
2021-08-31,44.10000000,45.31000000,44.08000000,44.56000000,3598.62000000
2021-08-31,44.53000000,44.65000000,44.00000000,44.12000000,1562.09000000
2021-08-31,44.05000000,44.18000000,43.74000000,43.87000000,1783.36000000
2021-08-31,43.85000000,43.99000000,42.53000000,42.86000000,3868.66000000
2021-08-31,42.77000000,42.97000000,42.20000000,42.37000000,3027.01000000
2021-08-31,42.38000000,42.49000000,42.20000000,42.38000000,1386.75000000
2021-08-31,42.30000000,42.53000000,42.18000000,42.46000000,853.91000000
2021-08-31,42.50000000,43.26000000,42.50000000,43.25000000,1036.53000000
2021-08-31,43.22000000,43.68000000,43.17000000,43.32000000,1527.84000000
2021-08-31,43.30000000,43.78000000,43.18000000,43.66000000,1804.98000000
2021-08-31,43.61000000,43.76000000,43.26000000,43.26000000,695.63000000
2021-08-31,43.26000000,43.99000000,42.89000000,43.73000000,2533.01000000
2021-08-31,43.75000000,44.02000000,43.56000000,43.61000000,1715.37000000
2021-08-31,43.70000000,44.07000000,43.51000000,43.98000000,1898.63000000
2021-08-31,44.02000000,44.21000000,43.75000000,43.93000000,1501.22000000
2021-08-31,43.93000000,46.00000000,43.88000000,44.92000000,8094.75300000
2021-08-31,44.95000000,45.33000000,44.25000000,44.65000000,3042.20000000
2021-08-31,44.65000000,44.82000000,44.34000000,44.67000000,1577.43000000
2021-08-31,44.75000000,45.30000000,43.68000000,43.74000000,5707.89000000
2021-08-31,43.69000000,44.04000000,43.51000000,43.87000000,2431.50000000
2021-09-01,43.93000000,43.96000000,43.47000000,43.66000000,1411.87000000
2021-09-01,43.59000000,43.67000000,42.90000000,43.02000000,1115.80000000
2021-09-01,43.02000000,43.62000000,43.02000000,43.60000000,858.79000000
2021-09-01,43.63000000,44.02000000,43.09000000,43.80000000,1997.98000000
2021-09-01,43.86000000,43.86000000,43.35000000,43.42000000,525.01000000
2021-09-01,43.45000000,43.97000000,43.22000000,43.90000000,1698.60000000
2021-09-01,43.84000000,44.04000000,43.49000000,44.04000000,1022.11000000
2021-09-01,43.97000000,44.19000000,43.87000000,43.88000000,367.22000000
2021-09-01,43.88000000,44.24000000,43.45000000,43.61000000,1537.24000000
2021-09-01,43.59000000,44.01000000,43.34000000,43.81000000,1965.83000000
2021-09-01,43.81000000,44.14000000,43.81000000,44.14000000,407.81000000
2021-09-01,44.12000000,44.80000000,44.00000000,44.71000000,1620.06000000
2021-09-01,44.73000000,45.26000000,44.58000000,45.22000000,1137.58000000
2021-09-01,45.13000000,45.94000000,44.81000000,45.35000000,4207.40000000
2021-09-01,45.35000000,45.55000000,44.99000000,45.29000000,1690.32000000
2021-09-01,45.27000000,45.29000000,44.75000000,45.26000000,1016.92000000
2021-09-01,45.22000000,45.50000000,45.15000000,45.33000000,1212.17000000
2021-09-01,45.33000000,46.51000000,45.25000000,45.55000000,2511.12000000
2021-09-01,45.58000000,45.95000000,45.30000000,45.66000000,2841.00000000
2021-09-01,45.73000000,47.37000000,45.68000000,47.17000000,5696.73200000
2021-09-01,47.17000000,47.85000000,45.90000000,47.61000000,9324.43200000
2021-09-01,47.70000000,47.87000000,46.15000000,46.74000000,3800.54000000
2021-09-01,46.74000000,48.23000000,46.53000000,46.63000000,6601.45000000
2021-09-01,46.53000000,46.68000000,46.23000000,46.49000000,2923.80000000
2021-09-02,46.42000000,47.29000000,46.04000000,47.12000000,2482.39000000
2021-09-02,47.06000000,47.12000000,46.24000000,46.42000000,3882.95000000
2021-09-02,46.32000000,46.49000000,46.20000000,46.35000000,571.41000000
2021-09-02,46.27000000,46.33000000,45.41000000,45.89000000,2471.56000000
2021-09-02,45.86000000,46.17000000,45.85000000,46.01000000,725.08000000
2021-09-02,45.94000000,46.38000000,45.93000000,46.38000000,751.87000000
2021-09-02,46.40000000,46.49000000,45.70000000,45.77000000,1751.75000000
2021-09-02,45.68000000,46.48000000,45.68000000,46.48000000,1604.52000000
2021-09-02,46.42000000,46.52000000,45.83000000,45.96000000,1254.67000000
2021-09-02,46.01000000,46.63000000,45.64000000,46.44000000,1794.98000000
2021-09-02,46.47000000,46.71000000,46.38000000,46.46000000,1012.02000000
2021-09-02,46.46000000,46.59000000,46.31000000,46.40000000,336.24000000
2021-09-02,46.40000000,46.40000000,45.75000000,46.05000000,1625.85000000
2021-09-02,45.95000000,46.38000000,45.92000000,46.07000000,1750.29000000
2021-09-02,46.03000000,46.29000000,45.96000000,45.99000000,1265.27000000
2021-09-02,46.00000000,46.20000000,45.56000000,45.67000000,2089.03000000
2021-09-02,45.57000000,46.42000000,45.52000000,46.18000000,2114.09000000
2021-09-02,46.18000000,46.20000000,45.69000000,45.86000000,1195.91000000
2021-09-02,45.79000000,46.01000000,45.61000000,46.01000000,1350.74000000
2021-09-02,45.99000000,46.24000000,45.79000000,46.15000000,753.40000000
2021-09-02,46.06000000,46.38000000,45.90000000,46.17000000,1362.64000000
2021-09-02,46.15000000,46.55000000,46.09000000,46.34000000,684.49000000
2021-09-02,46.34000000,47.18000000,46.02000000,46.02000000,3442.51000000
2021-09-02,45.98000000,46.40000000,45.91000000,46.09000000,999.61000000
2021-09-03,46.20000000,46.35000000,45.82000000,45.97000000,1174.30000000
2021-09-03,45.97000000,47.48000000,45.82000000,47.01000000,4316.51000000
2021-09-03,47.01000000,47.49000000,46.53000000,47.40000000,2230.16000000
2021-09-03,47.48000000,47.48000000,46.80000000,46.80000000,689.39000000
2021-09-03,46.87000000,47.24000000,46.65000000,46.81000000,784.07000000
2021-09-03,46.80000000,46.84000000,46.54000000,46.54000000,1082.70000000
2021-09-03,46.54000000,46.88000000,46.48000000,46.74000000,268.57000000
2021-09-03,46.83000000,46.84000000,46.42000000,46.56000000,585.51000000
2021-09-03,46.50000000,47.43000000,46.40000000,46.40000000,2529.67000000
2021-09-03,46.46000000,46.46000000,45.75000000,45.94000000,1289.34000000
2021-09-03,45.94000000,46.59000000,45.94000000,46.55000000,239.59000000
2021-09-03,46.55000000,47.51000000,46.54000000,47.39000000,865.64000000
2021-09-03,47.39000000,47.73000000,47.06000000,47.33000000,1279.90000000
2021-09-03,47.43000000,47.43000000,46.96000000,47.23000000,990.08000000
2021-09-03,47.13000000,47.35000000,47.04000000,47.19000000,547.49000000
2021-09-03,47.17000000,47.19000000,46.74000000,46.74000000,401.20000000
2021-09-03,46.73000000,47.40000000,46.73000000,47.33000000,2026.00000000
2021-09-03,47.28000000,47.40000000,46.80000000,47.20000000,1716.07000000
2021-09-03,47.17000000,47.50000000,46.66000000,46.76000000,1495.85000000
2021-09-03,46.77000000,47.34000000,46.57000000,47.10000000,556.10000000
2021-09-03,47.15000000,47.62000000,46.89000000,47.30000000,1571.09000000
2021-09-03,47.21000000,47.50000000,47.03000000,47.16000000,599.16000000
2021-09-03,47.16000000,48.61000000,47.15000000,48.30000000,7106.47000000
2021-09-03,48.30000000,51.00000000,46.91000000,47.26000000,18361.55000000
2021-09-04,47.21000000,47.29000000,46.65000000,46.91000000,2638.74000000
2021-09-04,46.85000000,47.38000000,46.80000000,47.10000000,1932.85000000
2021-09-04,47.10000000,47.67000000,46.93000000,47.59000000,888.66000000
2021-09-04,47.56000000,47.64000000,46.94000000,47.22000000,906.85000000
2021-09-04,47.18000000,48.38000000,46.66000000,47.68000000,4167.98000000
2021-09-04,47.60000000,48.50000000,47.45000000,48.36000000,1942.45000000
2021-09-04,48.31000000,49.50000000,47.38000000,47.81000000,5702.10000000
2021-09-04,47.85000000,47.95000000,47.35000000,47.84000000,525.69000000
2021-09-04,47.84000000,48.02000000,47.52000000,47.87000000,332.80000000
2021-09-04,47.92000000,47.94000000,47.04000000,47.16000000,1234.08000000
2021-09-04,47.16000000,48.36000000,47.01000000,48.13000000,3826.45000000
2021-09-04,48.11000000,48.34000000,47.97000000,48.21000000,357.76000000
2021-09-04,48.23000000,48.25000000,47.88000000,48.10000000,520.83000000
2021-09-04,47.94000000,48.23000000,47.79000000,48.07000000,817.79000000
2021-09-04,47.98000000,48.55000000,47.96000000,48.54000000,497.66000000
2021-09-04,48.52000000,48.55000000,48.25000000,48.52000000,481.41000000
2021-09-04,48.52000000,48.82000000,48.12000000,48.78000000,823.12000000
2021-09-04,48.78000000,49.28000000,48.59000000,49.09000000,1185.87000000
2021-09-04,49.22000000,49.27000000,48.30000000,48.30000000,2133.76000000
2021-09-04,48.39000000,48.41000000,47.74000000,48.23000000,2424.16000000
2021-09-04,48.13000000,48.53000000,47.88000000,48.48000000,2582.92000000
2021-09-04,48.48000000,48.64000000,48.04000000,48.17000000,1076.67000000
2021-09-04,48.03000000,48.60000000,47.99000000,48.48000000,2593.01000000
2021-09-04,48.48000000,48.74000000,48.26000000,48.46000000,572.78000000
2021-09-05,48.26000000,48.37000000,47.93000000,47.94000000,702.19000000
2021-09-05,47.94000000,48.07000000,47.16000000,47.59000000,1712.20000000
2021-09-05,47.54000000,48.15000000,47.46000000,47.46000000,1309.22000000
2021-09-05,47.59000000,47.66000000,46.79000000,46.98000000,2194.23000000
2021-09-05,46.87000000,47.30000000,46.87000000,47.12000000,965.66000000
2021-09-05,47.30000000,48.25000000,47.13000000,47.94000000,3292.63000000
2021-09-05,47.89000000,48.14000000,47.69000000,47.86000000,478.85000000
2021-09-05,47.72000000,49.10000000,47.65000000,48.07000000,4610.24000000
2021-09-05,48.06000000,48.06000000,47.38000000,47.58000000,1058.62000000
2021-09-05,47.58000000,47.62000000,46.85000000,47.01000000,1442.64000000
2021-09-05,47.06000000,47.30000000,46.97000000,47.00000000,129.57000000
2021-09-05,47.07000000,47.08000000,46.79000000,47.00000000,608.90000000
2021-09-05,46.96000000,47.15000000,46.44000000,46.74000000,3024.20000000
2021-09-05,46.74000000,46.87000000,46.50000000,46.86000000,1169.81000000
2021-09-05,46.74000000,47.25000000,46.43000000,47.14000000,1572.89000000
2021-09-05,47.21000000,47.38000000,47.07000000,47.30000000,591.49000000
2021-09-05,47.23000000,47.88000000,47.20000000,47.81000000,982.61000000
2021-09-05,47.77000000,47.90000000,47.62000000,47.76000000,776.82000000
2021-09-05,47.79000000,47.89000000,47.45000000,47.61000000,551.00000000
2021-09-05,47.61000000,48.10000000,47.22000000,47.51000000,723.72000000
2021-09-05,47.51000000,47.74000000,47.45000000,47.45000000,235.08000000
2021-09-05,47.57000000,48.09000000,47.43000000,47.88000000,890.65000000
2021-09-05,47.97000000,48.09000000,47.75000000,47.75000000,838.80000000
2021-09-05,47.78000000,47.86000000,47.49000000,47.72000000,1102.62000000
2021-09-06,47.73000000,48.13000000,47.67000000,48.12000000,464.13000000
2021-09-06,47.99000000,48.14000000,47.96000000,48.06000000,242.91000000
2021-09-06,48.04000000,48.31000000,47.61000000,47.78000000,807.32000000
2021-09-06,47.78000000,48.51000000,47.71000000,48.46000000,601.67000000
2021-09-06,48.46000000,48.78000000,48.37000000,48.78000000,691.76000000
2021-09-06,48.79000000,49.19000000,48.37000000,49.03000000,1828.82000000
2021-09-06,49.01000000,49.10000000,48.76000000,48.87000000,835.54000000
2021-09-06,48.89000000,48.99000000,48.64000000,48.64000000,337.74000000
2021-09-06,48.74000000,49.06000000,48.27000000,48.49000000,541.86000000
2021-09-06,48.32000000,48.83000000,48.25000000,48.63000000,524.58000000
2021-09-06,48.76000000,50.34000000,48.62000000,49.20000000,3548.33000000
2021-09-06,49.29000000,49.42000000,48.43000000,48.49000000,1869.29000000
2021-09-06,48.52000000,48.57000000,48.28000000,48.44000000,733.37000000
2021-09-06,48.34000000,48.64000000,48.02000000,48.34000000,1228.46000000
2021-09-06,48.33000000,48.68000000,48.17000000,48.46000000,571.98000000
2021-09-06,48.47000000,48.75000000,48.30000000,48.50000000,861.65000000
2021-09-06,48.50000000,48.54000000,48.02000000,48.48000000,2556.02000000
2021-09-06,48.38000000,50.86000000,48.32000000,49.70000000,11614.38000000
2021-09-06,49.70000000,49.94000000,49.07000000,49.56000000,4790.34000000
2021-09-06,49.52000000,49.69000000,48.60000000,49.55000000,4355.57000000
2021-09-06,49.45000000,49.56000000,48.40000000,49.49000000,3425.00000000
2021-09-06,49.47000000,50.03000000,48.70000000,49.88000000,3051.12000000
2021-09-06,49.88000000,50.42000000,49.42000000,49.76000000,2555.33000000
2021-09-06,49.78000000,50.46000000,49.37000000,49.83000000,3462.37000000
2021-09-07,49.83000000,49.83000000,49.30000000,49.35000000,975.03000000
2021-09-07,49.35000000,50.01000000,49.35000000,49.80000000,901.05000000
2021-09-07,49.93000000,50.16000000,49.51000000,50.06000000,857.32000000
2021-09-07,50.05000000,50.26000000,49.41000000,49.56000000,1364.38000000
2021-09-07,49.56000000,49.83000000,49.43000000,49.72000000,873.81000000
2021-09-07,49.72000000,50.63000000,49.72000000,50.37000000,2315.54000000
2021-09-07,50.46000000,51.16000000,50.28000000,50.53000000,1755.55700000
2021-09-07,50.56000000,50.69000000,49.96000000,50.24000000,1541.14000000
2021-09-07,50.33000000,50.76000000,49.80000000,50.55000000,1644.81000000
2021-09-07,50.73000000,51.15000000,49.82000000,49.99000000,4127.35000000
2021-09-07,49.97000000,50.47000000,49.90000000,50.18000000,876.19000000
2021-09-07,50.29000000,50.29000000,49.79000000,50.17000000,753.32000000
2021-09-07,50.28000000,50.28000000,49.60000000,49.74000000,914.63000000
2021-09-07,49.79000000,49.79000000,49.04000000,49.45000000,1963.15000000
2021-09-07,49.39000000,49.50000000,48.72000000,48.79000000,1329.59000000
2021-09-07,48.75000000,48.85000000,48.31000000,48.56000000,1586.47000000
2021-09-07,48.62000000,48.63000000,46.22000000,46.58000000,6042.74000000
2021-09-07,46.57000000,47.16000000,46.30000000,46.51000000,3273.88000000
2021-09-07,46.60000000,46.79000000,45.91000000,46.75000000,4245.33000000
2021-09-07,46.75000000,47.06000000,46.60000000,46.63000000,575.26000000
2021-09-07,46.59000000,46.75000000,45.99000000,46.65000000,1625.46000000
2021-09-07,46.60000000,46.83000000,45.94000000,45.94000000,899.36000000
2021-09-07,45.94000000,46.20000000,42.25000000,42.37000000,7599.12000000
2021-09-07,42.25000000,43.98000000,40.00000000,42.02000000,8402.69600000
2021-09-08,41.99000000,44.03000000,41.70000000,43.87000000,2721.90000000
2021-09-08,43.65000000,43.66000000,42.07000000,42.40000000,1143.91000000
2021-09-08,42.37000000,42.88000000,41.40000000,42.70000000,1150.48000000
2021-09-08,42.64000000,43.12000000,42.36000000,42.75000000,623.39000000
2021-09-08,42.89000000,42.94000000,41.54000000,42.19000000,944.56000000
2021-09-08,42.14000000,43.81000000,42.14000000,42.29000000,2259.19000000
2021-09-08,42.29000000,42.79000000,42.05000000,42.49000000,1115.28000000
2021-09-08,42.40000000,42.85000000,42.07000000,42.39000000,393.74000000
2021-09-08,42.40000000,42.54000000,41.46000000,42.39000000,554.99000000
2021-09-08,42.41000000,42.41000000,42.14000000,42.32000000,252.90000000
2021-09-08,42.29000000,42.71000000,42.13000000,42.55000000,1230.41000000
2021-09-08,42.43000000,42.43000000,40.88000000,41.48000000,1064.03000000
2021-09-08,41.50000000,42.35000000,41.30000000,41.73000000,831.64000000
2021-09-08,41.72000000,42.31000000,41.07000000,41.12000000,1411.16000000
2021-09-08,41.15000000,41.22000000,39.50000000,39.59000000,4542.08100000
2021-09-08,39.58000000,39.82000000,38.23000000,38.25000000,7663.61900000
2021-09-08,38.29000000,39.74000000,37.41000000,39.71000000,3627.70600000
2021-09-08,39.73000000,40.16000000,39.28000000,40.06000000,1933.20000000
2021-09-08,40.04000000,40.28000000,39.16000000,40.24000000,1650.36000000
2021-09-08,40.14000000,40.61000000,39.61000000,40.23000000,1707.67000000
2021-09-08,40.25000000,40.67000000,39.82000000,40.12000000,1039.72000000
2021-09-08,40.12000000,40.74000000,39.68000000,40.06000000,2265.30000000
2021-09-08,40.12000000,40.43000000,39.67000000,39.85000000,636.80000000
2021-09-08,39.93000000,40.89000000,39.93000000,40.67000000,1172.51000000
2021-09-09,40.73000000,41.21000000,40.53000000,40.94000000,1630.75000000
2021-09-09,40.99000000,41.04000000,40.55000000,41.00000000,1099.51000000
2021-09-09,40.98000000,41.36000000,40.98000000,41.36000000,1198.97000000
2021-09-09,41.36000000,41.86000000,40.66000000,41.76000000,4023.20000000
2021-09-09,41.85000000,41.85000000,40.84000000,41.25000000,3138.47000000
2021-09-09,41.42000000,42.00000000,41.00000000,41.08000000,1712.19000000
2021-09-09,41.11000000,41.97000000,41.05000000,41.74000000,1248.56000000
2021-09-09,41.88000000,42.21000000,40.83000000,41.44000000,2845.13000000
2021-09-09,41.44000000,42.12000000,40.75000000,41.86000000,4065.40000000
2021-09-09,41.83000000,41.93000000,40.70000000,41.66000000,3329.99000000
2021-09-09,41.56000000,41.56000000,40.57000000,40.62000000,1558.26000000
2021-09-09,40.61000000,42.03000000,40.00000000,41.23000000,3227.38000000
2021-09-09,41.23000000,42.19000000,41.11000000,41.34000000,3774.90000000
2021-09-09,41.34000000,42.03000000,41.26000000,41.67000000,3538.46000000
2021-09-09,41.68000000,42.84000000,41.63000000,42.69000000,3288.10000000
2021-09-09,42.71000000,42.79000000,41.95000000,42.59000000,2392.51000000
2021-09-09,42.47000000,42.82000000,41.79000000,42.21000000,2207.36000000
2021-09-09,42.23000000,42.73000000,42.07000000,42.38000000,2520.38000000
2021-09-09,42.20000000,42.86000000,41.75000000,42.49000000,1906.03000000
2021-09-09,42.51000000,42.65000000,42.09000000,42.16000000,811.58000000
2021-09-09,42.22000000,42.60000000,40.84000000,42.12000000,4176.15000000
2021-09-09,42.12000000,42.58000000,41.50000000,41.57000000,7898.34000000
2021-09-09,41.63000000,42.07000000,41.46000000,41.79000000,900.78000000
2021-09-09,41.77000000,42.08000000,41.17000000,41.92000000,1240.18000000
2021-09-10,41.92000000,42.26000000,41.52000000,41.93000000,622.48000000
2021-09-10,41.87000000,42.13000000,41.42000000,41.54000000,691.71000000
2021-09-10,41.54000000,41.54000000,40.85000000,41.23000000,1100.38000000
2021-09-10,41.12000000,41.28000000,40.74000000,40.84000000,1836.76000000
2021-09-10,40.81000000,41.19000000,39.73000000,40.50000000,3255.19000000
2021-09-10,40.49000000,41.04000000,40.41000000,40.95000000,2746.23000000
2021-09-10,41.02000000,41.47000000,40.60000000,41.16000000,1069.41000000
2021-09-10,41.16000000,41.76000000,41.08000000,41.23000000,518.10000000
2021-09-10,41.24000000,42.63000000,41.15000000,42.52000000,3899.40000000
2021-09-10,42.61000000,43.02000000,42.35000000,42.99000000,1350.07000000
2021-09-10,42.95000000,44.31000000,42.92000000,43.68000000,3563.72000000
2021-09-10,43.74000000,44.19000000,43.22000000,43.83000000,1210.86000000
2021-09-10,43.77000000,47.60000000,43.31000000,47.09000000,15998.05000000
2021-09-10,47.03000000,50.00000000,46.60000000,46.95000000,34150.10000000
2021-09-10,46.85000000,47.02000000,45.30000000,46.18000000,7950.14000000
2021-09-10,46.09000000,46.61000000,45.35000000,46.45000000,7426.27000000
2021-09-10,46.41000000,47.95000000,45.80000000,47.80000000,5550.70000000
2021-09-10,47.68000000,53.49000000,46.21000000,48.41000000,51055.75200000
2021-09-10,48.34000000,55.54000000,48.03000000,53.22000000,46127.23700000
2021-09-10,53.22000000,55.25000000,50.80000000,51.20000000,27784.03000000
2021-09-10,51.28000000,52.48000000,49.69000000,49.95000000,12669.79000000
2021-09-10,49.89000000,51.00000000,48.48000000,48.63000000,8284.75000000
2021-09-10,48.63000000,49.63000000,46.50000000,46.55000000,9404.41000000
2021-09-10,46.68000000,50.50000000,45.94000000,48.38000000,16460.40000000
2021-09-11,48.43000000,54.22000000,47.73000000,52.92000000,48406.30000000
2021-09-11,52.80000000,54.61000000,50.10000000,50.87000000,31293.48000000
2021-09-11,50.81000000,54.44000000,50.54000000,52.48000000,22887.80000000
2021-09-11,52.44000000,52.76000000,50.73000000,51.17000000,12630.62000000
2021-09-11,48.43000000,54.22000000,47.73000000,52.92000000,48406.30000000
2021-09-11,52.80000000,54.61000000,50.10000000,50.87000000,31293.48000000
2021-09-11,50.81000000,54.44000000,50.54000000,52.48000000,22887.80000000
2021-09-11,52.44000000,52.76000000,50.73000000,51.17000000,12630.62000000
2021-09-11,51.12000000,51.80000000,49.48000000,49.50000000,9572.12000000
2021-09-11,49.50000000,50.91000000,48.22000000,48.91000000,5540.26000000
2021-09-11,48.76000000,49.13000000,47.38000000,48.23000000,7422.00000000
2021-09-11,48.02000000,52.00000000,47.69000000,51.70000000,12184.90000000
2021-09-11,51.50000000,53.62000000,50.79000000,50.85000000,18513.27000000
2021-09-11,50.83000000,51.21000000,49.83000000,49.91000000,7711.25000000
2021-09-11,49.91000000,51.67000000,49.66000000,49.73000000,3642.54000000
2021-09-11,49.82000000,50.01000000,49.03000000,49.58000000,2632.05000000
2021-09-11,49.58000000,51.60000000,49.12000000,49.49000000,7076.60000000
2021-09-11,49.55000000,49.56000000,48.02000000,48.41000000,5600.01000000
2021-09-11,48.38000000,49.54000000,48.38000000,48.62000000,1332.23000000
2021-09-11,48.52000000,48.66000000,47.28000000,47.72000000,3312.65000000
2021-09-11,47.72000000,48.30000000,47.55000000,47.99000000,1737.95000000
2021-09-11,47.82000000,48.05000000,46.92000000,47.18000000,4683.18000000
2021-09-11,47.17000000,47.75000000,46.82000000,47.75000000,5173.33000000
2021-09-11,47.75000000,47.82000000,46.91000000,47.10000000,2137.40000000
2021-09-11,47.12000000,48.23000000,46.90000000,47.17000000,2755.13000000
2021-09-11,47.16000000,47.42000000,46.30000000,46.39000000,3306.99000000
2021-09-11,46.38000000,47.13000000,46.16000000,46.64000000,3241.61000000
2021-09-11,46.64000000,47.14000000,46.58000000,47.07000000,3236.47000000
2021-09-12,47.06000000,47.80000000,46.73000000,47.72000000,4157.82000000
2021-09-12,47.70000000,47.80000000,47.02000000,47.06000000,3420.09000000
2021-09-12,47.07000000,48.35000000,46.90000000,48.12000000,3710.50000000
2021-09-12,48.12000000,48.39000000,47.44000000,48.09000000,1359.98000000
2021-09-12,48.09000000,48.09000000,47.15000000,47.24000000,1330.63000000
2021-09-12,47.13000000,47.53000000,47.04000000,47.53000000,991.04000000
2021-09-12,47.52000000,47.62000000,46.76000000,46.95000000,1236.65000000
2021-09-12,46.95000000,47.61000000,46.60000000,47.43000000,1204.55000000
2021-09-12,47.43000000,47.90000000,45.67000000,46.09000000,4441.61000000
2021-09-12,45.98000000,46.06000000,45.43000000,45.55000000,2285.89000000
2021-09-12,45.64000000,45.99000000,45.62000000,45.89000000,1075.46000000
2021-09-12,45.84000000,46.39000000,45.79000000,46.14000000,1173.85000000
2021-09-12,46.23000000,46.59000000,45.97000000,46.12000000,749.15000000
2021-09-12,46.12000000,46.26000000,45.50000000,45.99000000,2164.14000000
2021-09-12,45.94000000,46.25000000,45.47000000,45.75000000,3323.36000000
2021-09-12,45.65000000,46.02000000,45.28000000,45.88000000,1805.85000000
2021-09-12,45.88000000,46.89000000,45.69000000,46.71000000,4908.67000000
2021-09-12,46.71000000,46.89000000,46.41000000,46.47000000,3259.91000000
2021-09-12,46.47000000,46.64000000,46.40000000,46.61000000,1244.20000000
2021-09-12,46.49000000,46.90000000,46.49000000,46.80000000,1027.84000000
2021-09-12,46.90000000,46.94000000,46.51000000,46.54000000,602.63000000
2021-09-12,46.62000000,46.69000000,45.63000000,46.27000000,5411.28000000
2021-09-12,46.38000000,46.66000000,46.28000000,46.30000000,1192.82000000
2021-09-12,46.39000000,46.56000000,45.72000000,46.44000000,1910.31000000
2021-09-13,46.47000000,46.59000000,45.64000000,46.02000000,3033.63000000
2021-09-13,45.95000000,46.05000000,45.81000000,46.05000000,536.18000000
2021-09-13,46.08000000,46.10000000,45.10000000,45.43000000,2506.09000000
2021-09-13,45.52000000,45.96000000,45.30000000,45.77000000,2099.64000000
2021-09-13,45.77000000,45.90000000,44.49000000,44.62000000,2980.01000000
2021-09-13,44.66000000,45.35000000,44.28000000,45.34000000,1647.28000000
2021-09-13,45.37000000,46.13000000,45.08000000,45.73000000,2117.42000000
2021-09-13,45.85000000,46.35000000,45.62000000,45.62000000,1764.86000000
2021-09-13,45.60000000,46.04000000,45.56000000,45.56000000,1916.13000000
2021-09-13,45.51000000,45.68000000,44.30000000,44.57000000,3105.62000000
2021-09-13,44.57000000,44.93000000,44.06000000,44.14000000,2469.36000000
2021-09-13,44.14000000,44.16000000,43.27000000,43.55000000,5418.98000000
2021-09-13,43.57000000,44.01000000,43.47000000,43.99000000,594.56000000
2021-09-13,44.00000000,44.17000000,43.33000000,43.86000000,1326.28000000
2021-09-13,43.92000000,43.92000000,43.37000000,43.60000000,1723.13000000
2021-09-13,43.74000000,43.86000000,43.23000000,43.52000000,2248.58000000
2021-09-13,43.68000000,43.81000000,43.30000000,43.30000000,1655.77000000
2021-09-13,43.30000000,43.30000000,42.50000000,42.80000000,4835.57000000
2021-09-13,42.87000000,43.46000000,42.53000000,43.10000000,1181.85000000
2021-09-13,43.01000000,43.29000000,42.20000000,43.29000000,2406.85000000
2021-09-13,43.24000000,43.36000000,42.76000000,42.86000000,1000.39000000
2021-09-13,42.84000000,44.52000000,42.61000000,44.04000000,3600.46000000
2021-09-13,43.76000000,43.83000000,42.20000000,42.31000000,2707.95000000
2021-09-13,42.37000000,43.23000000,42.31000000,42.61000000,854.87000000
2021-09-14,42.77000000,43.20000000,42.61000000,43.02000000,1632.17000000
2021-09-14,43.01000000,43.16000000,42.82000000,42.94000000,1262.16000000
2021-09-14,42.96000000,43.42000000,42.67000000,43.13000000,1210.84000000
2021-09-14,43.20000000,43.38000000,42.93000000,43.26000000,811.47000000
2021-09-14,43.30000000,43.52000000,43.11000000,43.45000000,1054.02000000
2021-09-14,43.53000000,43.80000000,43.01000000,43.49000000,960.96000000
2021-09-14,43.42000000,43.65000000,43.16000000,43.60000000,846.47000000
2021-09-14,43.50000000,43.50000000,43.14000000,43.29000000,492.75000000
2021-09-14,43.29000000,44.21000000,42.90000000,44.19000000,3410.78000000
2021-09-14,44.12000000,44.75000000,44.06000000,44.06000000,1739.98000000
2021-09-14,44.00000000,44.14000000,43.33000000,43.63000000,1670.73000000
2021-09-14,43.65000000,43.81000000,43.58000000,43.60000000,391.78000000
2021-09-14,43.80000000,44.17000000,43.43000000,43.64000000,726.49000000
2021-09-14,43.59000000,44.39000000,43.43000000,44.06000000,1356.88000000
2021-09-14,43.94000000,44.56000000,43.64000000,44.03000000,1191.44000000
2021-09-14,44.19000000,44.37000000,43.79000000,44.02000000,653.09000000
2021-09-14,44.14000000,44.42000000,43.78000000,44.18000000,850.27000000
2021-09-14,44.09000000,44.28000000,43.45000000,43.72000000,1670.10000000
2021-09-14,43.72000000,44.15000000,43.60000000,43.97000000,910.85000000
2021-09-14,43.94000000,44.00000000,43.59000000,43.82000000,218.05000000
2021-09-14,43.84000000,44.02000000,43.15000000,43.82000000,3070.50000000
2021-09-14,44.00000000,44.47000000,43.57000000,43.81000000,4024.20000000
2021-09-14,43.67000000,44.22000000,43.27000000,44.13000000,2552.56000000
2021-09-14,44.15000000,44.35000000,43.61000000,43.99000000,1633.21000000
2021-09-15,43.97000000,44.36000000,43.85000000,44.00000000,916.42000000
2021-09-15,43.88000000,44.24000000,43.85000000,44.24000000,797.97000000
2021-09-15,44.03000000,44.24000000,43.50000000,43.76000000,1913.54000000
2021-09-15,43.82000000,43.89000000,43.18000000,43.38000000,2597.95000000
2021-09-15,43.38000000,43.79000000,43.12000000,43.53000000,3654.20000000
2021-09-15,43.54000000,43.60000000,42.92000000,42.98000000,688.78000000
2021-09-15,42.97000000,43.50000000,42.91000000,43.38000000,561.68000000
2021-09-15,43.43000000,43.83000000,43.24000000,43.70000000,1372.51000000
2021-09-15,43.85000000,44.19000000,43.40000000,43.96000000,3305.96000000
2021-09-15,43.89000000,44.24000000,43.78000000,43.83000000,1163.99000000
2021-09-15,43.90000000,44.21000000,43.75000000,44.21000000,571.33000000
2021-09-15,44.14000000,44.29000000,43.93000000,44.21000000,1043.77000000
2021-09-15,44.22000000,44.29000000,43.65000000,43.71000000,1264.10000000
2021-09-15,43.68000000,44.51000000,43.68000000,44.10000000,1159.74000000
2021-09-15,44.10000000,44.38000000,43.93000000,44.16000000,1109.68000000
2021-09-15,44.16000000,44.46000000,43.99000000,44.38000000,1243.41000000
2021-09-15,44.38000000,44.67000000,44.27000000,44.32000000,1467.67000000
2021-09-15,44.35000000,44.70000000,44.35000000,44.55000000,619.98000000
2021-09-15,44.58000000,45.17000000,44.57000000,44.86000000,1539.28000000
2021-09-15,44.88000000,45.29000000,44.68000000,45.12000000,757.99000000
2021-09-15,45.24000000,45.49000000,44.89000000,45.04000000,1017.97000000
2021-09-15,45.04000000,45.61000000,44.98000000,45.58000000,811.74000000
2021-09-15,45.57000000,45.68000000,45.15000000,45.29000000,2257.42000000
2021-09-15,45.16000000,45.52000000,44.93000000,45.40000000,2082.87000000
2021-09-16,45.52000000,45.66000000,45.17000000,45.26000000,1181.01000000
2021-09-16,45.17000000,45.45000000,44.99000000,45.06000000,339.80000000
2021-09-16,45.06000000,45.33000000,44.89000000,45.05000000,1266.26000000
2021-09-16,45.15000000,45.21000000,45.04000000,45.10000000,222.90000000
2021-09-16,45.19000000,45.32000000,44.95000000,44.98000000,727.62000000
2021-09-16,45.09000000,45.33000000,44.99000000,45.15000000,430.73000000
2021-09-16,45.15000000,45.27000000,44.99000000,45.06000000,337.87000000
2021-09-16,45.23000000,45.33000000,44.88000000,45.28000000,2014.87000000
2021-09-16,45.20000000,45.44000000,44.67000000,44.84000000,1763.22000000
2021-09-16,44.75000000,45.29000000,44.75000000,45.02000000,1354.63000000
2021-09-16,45.04000000,45.33000000,44.80000000,45.11000000,2059.94000000
2021-09-16,45.05000000,45.24000000,44.55000000,44.65000000,1266.94000000
2021-09-16,44.74000000,45.67000000,44.67000000,45.65000000,1231.62000000
2021-09-16,45.60000000,45.91000000,45.26000000,45.72000000,2236.36000000
2021-09-16,45.72000000,46.28000000,45.59000000,46.16000000,998.90000000
2021-09-16,46.23000000,46.31000000,45.85000000,45.85000000,564.18000000
2021-09-16,45.84000000,45.93000000,44.80000000,44.80000000,5510.54000000
2021-09-16,44.87000000,45.50000000,44.67000000,44.75000000,3009.02000000
2021-09-16,44.78000000,44.99000000,44.36000000,44.41000000,2519.43000000
2021-09-16,44.41000000,45.10000000,44.38000000,44.73000000,2056.04000000
2021-09-16,44.80000000,45.39000000,44.68000000,44.96000000,1735.06000000
2021-09-16,44.97000000,45.34000000,44.82000000,44.94000000,1496.52000000
2021-09-16,44.94000000,45.53000000,44.85000000,45.31000000,957.67000000
2021-09-16,45.29000000,45.57000000,44.83000000,44.94000000,1257.43000000
2021-09-17,44.95000000,45.30000000,44.68000000,45.17000000,3227.94000000
2021-09-17,45.04000000,45.33000000,44.70000000,44.70000000,1998.94000000
2021-09-17,44.70000000,45.03000000,44.70000000,44.91000000,876.70000000
2021-09-17,44.83000000,45.68000000,44.49000000,45.16000000,4148.09000000
2021-09-17,45.15000000,45.33000000,44.00000000,44.19000000,1607.46000000
2021-09-17,44.18000000,44.57000000,44.01000000,44.38000000,1848.88000000
2021-09-17,44.42000000,44.43000000,43.84000000,44.15000000,1939.00000000
2021-09-17,44.05000000,44.29000000,43.81000000,44.08000000,669.50000000
2021-09-17,44.09000000,44.49000000,43.72000000,43.83000000,2285.26000000
2021-09-17,43.73000000,44.46000000,43.71000000,44.06000000,1048.65000000
2021-09-17,44.13000000,44.32000000,43.65000000,43.70000000,1995.40000000
2021-09-17,43.71000000,44.47000000,43.68000000,44.01000000,2680.01000000
2021-09-17,43.99000000,44.45000000,43.75000000,44.41000000,2668.62000000
2021-09-17,44.41000000,44.48000000,43.75000000,43.97000000,3101.30000000
2021-09-17,44.00000000,44.34000000,43.77000000,44.29000000,1103.83000000
2021-09-17,44.31000000,44.31000000,43.89000000,43.99000000,636.62000000
2021-09-17,44.00000000,44.25000000,43.81000000,44.13000000,610.42000000
2021-09-17,44.22000000,44.45000000,43.81000000,43.85000000,887.41000000
2021-09-17,43.85000000,43.92000000,43.25000000,43.56000000,1178.22000000
2021-09-17,43.56000000,43.65000000,42.20000000,42.66000000,5598.11000000
2021-09-17,42.58000000,43.10000000,42.39000000,43.04000000,914.10000000
2021-09-17,43.14000000,43.36000000,42.76000000,43.20000000,883.95000000
2021-09-17,43.09000000,43.49000000,43.04000000,43.37000000,851.95000000
2021-09-17,43.26000000,43.37000000,43.15000000,43.24000000,132.11000000
2021-09-18,43.24000000,43.51000000,42.95000000,43.25000000,497.95000000
2021-09-18,43.35000000,43.61000000,43.16000000,43.23000000,494.77000000
2021-09-18,43.20000000,43.60000000,42.95000000,43.57000000,1563.10000000
2021-09-18,43.58000000,43.58000000,43.09000000,43.36000000,304.23000000
2021-09-18,43.35000000,43.39000000,42.67000000,42.84000000,2376.41000000
2021-09-18,42.80000000,43.39000000,42.64000000,43.18000000,400.02000000
2021-09-18,43.17000000,43.95000000,43.02000000,43.74000000,1516.92000000
2021-09-18,43.62000000,44.95000000,43.61000000,44.84000000,2822.83000000
2021-09-18,44.95000000,45.36000000,44.26000000,44.79000000,1853.12000000
2021-09-18,44.89000000,45.07000000,44.52000000,44.59000000,763.83000000
2021-09-18,44.57000000,44.84000000,44.35000000,44.54000000,732.61000000
2021-09-18,44.56000000,45.34000000,44.48000000,45.26000000,1228.42000000
2021-09-18,45.30000000,45.87000000,45.07000000,45.75000000,2566.52000000
2021-09-18,45.79000000,62.99000000,45.29000000,54.10000000,260519.62800000
2021-09-18,54.14000000,55.00000000,50.50000000,50.94000000,88704.48000000
2021-09-18,50.97000000,52.92000000,50.54000000,51.20000000,46773.05000000
2021-09-18,51.17000000,53.04000000,50.41000000,51.40000000,28407.27000000
2021-09-18,51.40000000,51.40000000,49.62000000,49.86000000,21021.04000000
2021-09-18,49.89000000,50.40000000,49.26000000,50.27000000,11521.07000000
2021-09-18,50.21000000,50.57000000,49.07000000,49.35000000,10038.78000000
2021-09-18,49.39000000,50.32000000,49.20000000,49.99000000,13594.49000000
2021-09-18,50.12000000,51.99000000,48.70000000,49.18000000,30049.25000000
2021-09-18,49.18000000,49.46000000,48.55000000,49.19000000,8477.40000000
2021-09-18,49.14000000,49.52000000,47.80000000,48.21000000,12199.79000000
2021-09-19,48.30000000,48.34000000,47.03000000,47.08000000,13249.19000000
2021-09-19,47.09000000,47.89000000,47.01000000,47.01000000,5372.20000000
2021-09-19,47.05000000,47.80000000,46.87000000,47.05000000,6272.43000000
2021-09-19,47.01000000,47.15000000,46.09000000,46.75000000,10652.49000000
2021-09-19,46.66000000,46.68000000,45.77000000,46.46000000,6719.61000000
2021-09-19,46.35000000,46.44000000,44.61000000,45.41000000,17609.02000000
2021-09-19,45.31000000,46.29000000,45.25000000,45.89000000,3058.55000000
2021-09-19,45.89000000,46.30000000,45.66000000,46.14000000,2601.85000000
2021-09-19,46.14000000,46.22000000,45.69000000,45.72000000,1680.65000000
2021-09-19,45.79000000,46.13000000,45.34000000,45.73000000,1875.74000000
2021-09-19,45.72000000,45.72000000,45.41000000,45.63000000,741.70000000
2021-09-19,45.63000000,46.32000000,45.45000000,46.14000000,6259.87000000
2021-09-19,46.19000000,46.46000000,45.92000000,46.23000000,2415.89000000
2021-09-19,46.36000000,47.15000000,46.08000000,47.07000000,7516.28000000
2021-09-19,46.96000000,47.21000000,46.61000000,46.99000000,7213.46000000
2021-09-19,46.94000000,46.96000000,46.09000000,46.22000000,4311.98000000
2021-09-19,46.20000000,46.33000000,45.79000000,46.30000000,3179.22000000
2021-09-19,46.30000000,46.65000000,46.16000000,46.26000000,2084.43000000
2021-09-19,46.26000000,46.28000000,45.84000000,45.93000000,1608.41000000
2021-09-19,45.90000000,45.94000000,44.74000000,44.89000000,4504.53000000
2021-09-19,44.93000000,45.71000000,44.84000000,45.42000000,1876.02000000
2021-09-19,45.42000000,45.74000000,45.01000000,45.22000000,2814.22000000
2021-09-19,45.19000000,45.67000000,45.17000000,45.52000000,1401.96000000
2021-09-19,45.52000000,45.62000000,45.24000000,45.41000000,1895.43000000
2021-09-20,45.42000000,45.46000000,45.02000000,45.16000000,1375.50000000
2021-09-20,45.15000000,45.16000000,44.70000000,45.09000000,1982.09000000
2021-09-20,45.00000000,45.38000000,44.90000000,44.90000000,876.88000000
2021-09-20,44.97000000,45.02000000,44.63000000,44.70000000,1394.63000000
2021-09-20,44.65000000,45.10000000,44.64000000,44.97000000,662.15000000
2021-09-20,44.93000000,44.99000000,44.52000000,44.56000000,908.33000000
2021-09-20,44.61000000,45.01000000,44.31000000,44.95000000,3570.62000000
2021-09-20,44.88000000,45.03000000,44.59000000,44.78000000,297.52000000
2021-09-20,44.79000000,45.08000000,44.40000000,44.92000000,1069.77000000
2021-09-20,44.95000000,45.58000000,44.90000000,45.06000000,3993.44000000
2021-09-20,45.17000000,45.19000000,43.19000000,43.24000000,4918.09000000
2021-09-20,43.22000000,43.67000000,42.76000000,42.96000000,2610.70000000
2021-09-20,42.91000000,44.36000000,42.83000000,44.02000000,1129.44000000
2021-09-20,43.88000000,44.51000000,43.75000000,44.00000000,1360.31000000
2021-09-20,44.00000000,44.15000000,43.47000000,43.87000000,2828.94000000
2021-09-20,43.92000000,44.14000000,42.20000000,43.00000000,4059.26000000
2021-09-20,43.03000000,43.38000000,42.80000000,42.99000000,4415.71000000
2021-09-20,42.99000000,43.55000000,42.60000000,42.63000000,2461.37000000
2021-09-20,42.70000000,43.19000000,42.23000000,42.37000000,3249.80000000
2021-09-20,42.36000000,42.44000000,41.21000000,41.53000000,3126.05000000
2021-09-20,41.30000000,41.52000000,40.20000000,41.18000000,7904.95000000
2021-09-20,41.22000000,41.67000000,40.43000000,41.40000000,4081.23000000
2021-09-20,41.47000000,41.74000000,40.89000000,41.27000000,1985.95000000
2021-09-20,41.14000000,41.74000000,40.37000000,41.41000000,2770.61000000
2021-09-21,41.44000000,42.00000000,40.48000000,41.89000000,3964.38000000
2021-09-21,41.92000000,42.49000000,41.73000000,42.28000000,2000.18000000
2021-09-21,42.34000000,42.34000000,41.30000000,41.36000000,1581.43000000
2021-09-21,41.36000000,41.48000000,38.98000000,39.83000000,15007.40000000
2021-09-21,39.83000000,40.13000000,38.91000000,39.43000000,3107.01000000
2021-09-21,39.47000000,39.70000000,39.28000000,39.61000000,970.76000000
2021-09-21,39.63000000,40.09000000,39.05000000,39.41000000,2736.56000000
2021-09-21,39.47000000,40.06000000,38.54000000,38.97000000,3671.34000000
2021-09-21,38.98000000,39.02000000,37.03000000,37.61000000,4319.78300000
2021-09-21,37.36000000,39.41000000,37.36000000,39.35000000,1715.52000000
2021-09-21,39.29000000,40.06000000,39.11000000,39.73000000,563.70000000
2021-09-21,39.69000000,39.84000000,39.08000000,39.22000000,2375.06000000
2021-09-21,39.26000000,39.27000000,38.60000000,38.69000000,1060.71000000
2021-09-21,38.83000000,40.20000000,38.33000000,39.98000000,1754.49000000
2021-09-21,39.98000000,40.56000000,39.91000000,40.39000000,951.14000000
2021-09-21,40.46000000,41.10000000,40.44000000,40.73000000,2317.71000000
2021-09-21,40.93000000,41.24000000,40.44000000,41.10000000,1393.85000000
2021-09-21,41.09000000,41.27000000,40.33000000,40.46000000,1481.69000000
2021-09-21,40.52000000,42.46000000,40.14000000,41.52000000,42898.35000000
2021-09-21,41.50000000,41.50000000,40.66000000,40.72000000,4602.12000000
2021-09-21,40.79000000,41.42000000,40.59000000,40.62000000,3124.59000000
2021-09-21,40.60000000,40.88000000,40.32000000,40.66000000,1962.87000000
2021-09-21,40.51000000,40.51000000,39.23000000,39.71000000,2285.63000000
2021-09-21,39.92000000,41.13000000,39.92000000,40.61000000,1038.47000000
2021-09-22,40.59000000,40.63000000,39.57000000,39.66000000,883.51000000
2021-09-22,39.74000000,40.19000000,38.81000000,39.15000000,3412.76000000
2021-09-22,39.15000000,40.02000000,38.89000000,39.15000000,2047.06000000
2021-09-22,39.24000000,39.40000000,38.51000000,38.67000000,2267.52000000
2021-09-22,38.53000000,38.67000000,36.77000000,36.84000000,5303.75000000
2021-09-22,37.12000000,38.11000000,36.02000000,37.67000000,5169.12100000
2021-09-22,37.59000000,37.72000000,36.59000000,36.64000000,2854.21000000
2021-09-22,36.64000000,37.66000000,36.64000000,37.41000000,1161.40000000
2021-09-22,37.57000000,38.20000000,36.49000000,37.14000000,2818.79000000
2021-09-22,37.28000000,37.97000000,36.82000000,37.87000000,3302.11000000
2021-09-22,37.80000000,39.50000000,37.37000000,39.08000000,5706.67000000
2021-09-22,39.15000000,46.91000000,39.15000000,42.83000000,59562.49000000
2021-09-22,42.83000000,58.00000000,42.69000000,50.38000000,215039.48000000
2021-09-22,50.38000000,51.75000000,45.15000000,45.53000000,99239.31000000
2021-09-22,45.66000000,45.99000000,43.48000000,44.12000000,40646.85000000
2021-09-22,44.12000000,44.75000000,43.14000000,43.26000000,14485.42000000
2021-09-22,43.27000000,44.87000000,43.00000000,43.13000000,13805.78000000
2021-09-22,43.18000000,43.45000000,42.04000000,42.31000000,12492.63000000
2021-09-22,42.33000000,42.43000000,41.90000000,41.94000000,5646.82000000
2021-09-22,41.95000000,46.32000000,41.66000000,46.21000000,32442.01000000
2021-09-22,46.15000000,46.69000000,42.61000000,43.29000000,41158.11000000
2021-09-22,43.29000000,43.99000000,42.58000000,42.98000000,8256.39000000
2021-09-22,42.96000000,43.08000000,41.66000000,42.36000000,6510.99000000
2021-09-22,42.37000000,44.50000000,42.28000000,42.92000000,20832.95000000
2021-09-23,42.92000000,43.78000000,42.33000000,42.58000000,9263.71000000
2021-09-23,42.56000000,42.66000000,41.95000000,42.01000000,6473.04000000
2021-09-23,42.00000000,42.77000000,41.25000000,41.56000000,6553.41000000
2021-09-23,41.64000000,42.56000000,41.47000000,42.03000000,3254.30000000
2021-09-23,41.90000000,42.54000000,41.74000000,42.12000000,2902.44000000
2021-09-23,42.10000000,42.82000000,41.55000000,41.73000000,2595.20000000
2021-09-23,41.79000000,41.98000000,41.42000000,41.66000000,3089.98000000
2021-09-23,41.73000000,42.03000000,41.33000000,41.58000000,3332.90000000
2021-09-23,41.44000000,41.93000000,41.15000000,41.48000000,4953.50000000
2021-09-23,41.31000000,41.65000000,40.96000000,41.57000000,3432.41000000
2021-09-23,41.50000000,41.91000000,41.42000000,41.72000000,1216.56000000
2021-09-23,41.76000000,44.00000000,41.66000000,43.81000000,11233.71000000
2021-09-23,43.85000000,45.25000000,42.80000000,44.45000000,16445.90000000
2021-09-23,44.52000000,44.57000000,42.89000000,44.36000000,6635.40000000
2021-09-23,44.30000000,44.62000000,43.03000000,43.84000000,4827.69000000
2021-09-23,43.88000000,43.94000000,43.17000000,43.53000000,3439.54000000
2021-09-23,43.53000000,43.96000000,42.55000000,42.68000000,4045.42000000
2021-09-23,42.62000000,43.20000000,42.39000000,42.76000000,3687.77000000
2021-09-23,42.66000000,42.90000000,42.11000000,42.72000000,3367.34000000
2021-09-23,42.72000000,43.17000000,41.92000000,42.31000000,4032.03000000
2021-09-23,42.36000000,42.50000000,41.66000000,41.84000000,3400.42000000
2021-09-23,41.76000000,43.11000000,41.66000000,42.62000000,7639.89000000
2021-09-23,42.63000000,42.94000000,42.46000000,42.56000000,3480.88000000
2021-09-23,42.63000000,43.29000000,42.30000000,42.40000000,3305.81000000
2021-09-24,42.38000000,42.88000000,42.38000000,42.52000000,734.99000000
2021-09-24,42.62000000,43.65000000,42.62000000,43.33000000,3062.88000000
2021-09-24,43.35000000,43.75000000,42.74000000,43.36000000,3029.22000000
2021-09-24,43.32000000,43.53000000,42.90000000,43.15000000,974.62000000
2021-09-24,43.19000000,43.19000000,42.57000000,42.86000000,890.56000000
2021-09-24,42.81000000,43.01000000,42.30000000,42.49000000,490.97000000
2021-09-24,42.48000000,43.01000000,42.48000000,42.86000000,1245.58000000
2021-09-24,42.93000000,43.15000000,42.43000000,42.75000000,1326.67000000
2021-09-24,42.70000000,43.14000000,42.40000000,42.54000000,2225.48000000
2021-09-24,42.47000000,42.62000000,42.10000000,42.10000000,2094.53000000
2021-09-24,42.25000000,42.50000000,41.94000000,42.39000000,919.46000000
2021-09-24,42.39000000,42.69000000,42.29000000,42.29000000,1383.59000000
2021-09-24,42.32000000,42.53000000,42.05000000,42.43000000,1828.24000000
2021-09-24,42.43000000,42.45000000,41.86000000,42.31000000,1962.99000000
2021-09-24,42.32000000,43.11000000,42.31000000,42.57000000,1448.64000000
2021-09-24,42.56000000,43.30000000,42.56000000,43.02000000,1804.36000000
2021-09-24,42.98000000,43.30000000,42.45000000,42.45000000,1314.37000000
2021-09-24,42.52000000,42.55000000,39.69000000,39.78000000,12695.89000000
2021-09-24,39.68000000,40.39000000,39.51000000,39.80000000,1623.34000000
2021-09-24,39.84000000,39.99000000,38.55000000,39.67000000,4185.90000000
2021-09-24,39.44000000,40.00000000,39.19000000,39.77000000,720.32000000
2021-09-24,39.75000000,40.55000000,39.38000000,40.50000000,2123.07000000
2021-09-24,40.49000000,41.64000000,40.49000000,41.64000000,10459.53000000
2021-09-24,41.66000000,41.85000000,40.65000000,40.82000000,7473.48000000
2021-09-25,40.82000000,41.70000000,40.80000000,41.58000000,1366.40000000
2021-09-25,41.48000000,41.53000000,40.80000000,41.05000000,560.28000000
2021-09-25,41.26000000,41.50000000,41.12000000,41.29000000,1185.15000000
2021-09-25,41.25000000,41.74000000,41.25000000,41.31000000,618.99000000
2021-09-25,41.42000000,41.80000000,41.27000000,41.59000000,1859.85000000
2021-09-25,41.57000000,41.82000000,41.46000000,41.59000000,817.93000000
2021-09-25,41.65000000,41.65000000,41.26000000,41.58000000,290.52000000
2021-09-25,41.54000000,41.54000000,40.82000000,41.21000000,2539.83000000
2021-09-25,41.34000000,41.50000000,41.15000000,41.41000000,1270.30000000
2021-09-25,41.45000000,41.49000000,40.89000000,41.30000000,1359.94000000
2021-09-25,41.40000000,41.82000000,41.31000000,41.37000000,947.03000000
2021-09-25,41.36000000,41.97000000,41.31000000,41.85000000,467.78000000
2021-09-25,42.03000000,42.92000000,41.25000000,41.26000000,23516.94000000
2021-09-25,41.29000000,41.44000000,40.86000000,40.97000000,2361.87000000
2021-09-25,40.99000000,41.49000000,40.92000000,41.24000000,709.21000000
2021-09-25,41.39000000,41.39000000,40.64000000,41.08000000,2012.87000000
2021-09-25,40.80000000,41.44000000,40.04000000,41.37000000,1825.33000000
2021-09-25,41.45000000,42.03000000,40.93000000,41.43000000,1649.88000000
2021-09-25,41.57000000,42.11000000,41.54000000,41.85000000,659.84000000
2021-09-25,41.84000000,42.49000000,41.33000000,42.28000000,1773.58000000
2021-09-25,42.16000000,42.27000000,41.74000000,41.91000000,991.36000000
2021-09-25,41.84000000,42.11000000,41.49000000,41.96000000,1156.95000000
2021-09-25,41.55000000,42.80000000,41.53000000,41.88000000,3299.53000000
2021-09-25,41.88000000,42.40000000,41.77000000,42.13000000,1076.25000000
2021-09-26,42.00000000,42.45000000,41.76000000,41.84000000,1766.12000000
2021-09-26,41.84000000,42.16000000,41.79000000,41.89000000,215.08000000
2021-09-26,41.89000000,43.82000000,41.43000000,41.91000000,3462.66000000
2021-09-26,41.97000000,44.78000000,41.97000000,42.45000000,24338.64000000
2021-09-26,42.53000000,42.54000000,42.01000000,42.06000000,1774.52000000
2021-09-26,42.04000000,42.04000000,41.51000000,41.57000000,774.07000000
2021-09-26,41.58000000,41.75000000,41.53000000,41.65000000,868.83000000
2021-09-26,41.60000000,41.98000000,41.52000000,41.85000000,149.25000000
2021-09-26,41.83000000,42.23000000,41.42000000,41.49000000,960.99000000
2021-09-26,41.40000000,42.11000000,40.88000000,41.14000000,2013.65000000
2021-09-26,40.87000000,40.87000000,40.30000000,40.60000000,943.46000000
2021-09-26,40.46000000,41.16000000,40.36000000,40.86000000,210.71000000
2021-09-26,40.70000000,40.84000000,40.47000000,40.84000000,424.90000000
2021-09-26,40.77000000,40.86000000,40.41000000,40.56000000,1996.68000000
2021-09-26,40.50000000,40.62000000,40.20000000,40.21000000,824.77000000
2021-09-26,40.23000000,40.59000000,39.17000000,39.80000000,3723.89000000
2021-09-26,39.52000000,40.37000000,39.12000000,40.37000000,2244.11000000
2021-09-26,40.48000000,41.66000000,39.87000000,41.40000000,1680.61000000
2021-09-26,41.41000000,41.81000000,41.13000000,41.39000000,1515.84000000
2021-09-26,41.33000000,41.66000000,41.28000000,41.33000000,1244.08000000
2021-09-26,41.42000000,41.90000000,41.37000000,41.73000000,446.19000000
2021-09-26,41.78000000,41.82000000,41.48000000,41.77000000,783.97000000
2021-09-26,41.74000000,41.80000000,41.54000000,41.71000000,130.74000000
2021-09-26,41.70000000,41.97000000,41.51000000,41.77000000,1539.07000000
2021-09-27,41.78000000,41.99000000,41.37000000,41.44000000,2379.66000000
2021-09-27,41.44000000,41.71000000,41.28000000,41.41000000,715.84000000
2021-09-27,41.54000000,41.66000000,41.47000000,41.50000000,459.29000000
2021-09-27,41.58000000,41.76000000,41.42000000,41.67000000,411.22000000
2021-09-27,41.64000000,42.10000000,41.64000000,41.86000000,230.50000000
2021-09-27,41.95000000,42.08000000,41.53000000,41.66000000,822.99000000
2021-09-27,41.71000000,41.77000000,40.71000000,40.97000000,1626.32000000
2021-09-27,40.92000000,41.49000000,40.45000000,41.32000000,7550.57000000
2021-09-27,41.23000000,41.56000000,40.79000000,41.48000000,2547.10000000
2021-09-27,41.36000000,41.94000000,41.30000000,41.94000000,887.63000000
2021-09-27,41.94000000,41.94000000,41.42000000,41.72000000,1249.94000000
2021-09-27,41.68000000,41.75000000,41.32000000,41.62000000,1035.28000000
2021-09-27,41.68000000,41.80000000,41.41000000,41.68000000,1401.88000000
2021-09-27,41.69000000,42.16000000,41.66000000,42.11000000,3608.17000000
2021-09-27,42.10000000,42.28000000,41.41000000,41.41000000,1454.74000000
2021-09-27,41.53000000,41.82000000,41.08000000,41.49000000,2773.16000000
2021-09-27,41.45000000,41.90000000,41.42000000,41.89000000,379.44000000
2021-09-27,41.76000000,41.94000000,40.96000000,41.21000000,2525.75000000
2021-09-27,41.16000000,41.74000000,41.14000000,41.54000000,345.94000000
2021-09-27,41.48000000,42.61000000,41.38000000,41.73000000,13957.81000000
2021-09-27,41.70000000,41.76000000,41.12000000,41.58000000,1026.74000000
2021-09-27,41.67000000,41.74000000,41.41000000,41.59000000,151.89000000
2021-09-27,41.57000000,42.73000000,41.19000000,41.37000000,11831.06000000
2021-09-27,41.50000000,41.84000000,41.19000000,41.38000000,1896.62000000
2021-09-28,41.71000000,41.90000000,41.18000000,41.19000000,855.85000000
2021-09-28,41.30000000,41.30000000,40.56000000,40.69000000,1339.57000000
2021-09-28,40.74000000,40.99000000,40.55000000,40.59000000,1286.27000000
2021-09-28,40.55000000,40.72000000,40.49000000,40.49000000,105.44000000
2021-09-28,40.50000000,40.87000000,40.05000000,40.39000000,2691.37000000
2021-09-28,40.24000000,40.48000000,40.05000000,40.39000000,446.53000000
2021-09-28,40.38000000,40.72000000,40.14000000,40.41000000,1906.44000000
2021-09-28,40.50000000,40.51000000,39.50000000,39.91000000,2309.17000000
2021-09-28,39.79000000,40.48000000,39.73000000,40.26000000,1644.42000000
2021-09-28,40.31000000,40.44000000,39.95000000,40.32000000,739.05000000
2021-09-28,40.25000000,40.45000000,40.11000000,40.38000000,777.58000000
2021-09-28,40.27000000,40.81000000,40.18000000,40.53000000,2051.15000000
2021-09-28,40.53000000,40.84000000,40.49000000,40.53000000,345.51000000
2021-09-28,40.66000000,40.90000000,40.42000000,40.42000000,575.86000000
2021-09-28,40.42000000,40.58000000,40.02000000,40.35000000,508.18000000
2021-09-28,40.37000000,40.40000000,39.50000000,39.56000000,2618.89000000
2021-09-28,39.56000000,40.07000000,39.55000000,39.76000000,2421.80000000
2021-09-28,39.89000000,40.44000000,39.76000000,39.99000000,1061.13000000
2021-09-28,40.11000000,40.11000000,39.81000000,39.98000000,169.15000000
2021-09-28,39.97000000,41.01000000,39.97000000,40.77000000,1640.41000000
2021-09-28,40.81000000,43.76000000,40.70000000,41.46000000,116223.71000000
2021-09-28,41.46000000,43.61000000,41.34000000,41.74000000,66436.72000000
2021-09-28,41.75000000,42.14000000,40.84000000,40.93000000,5754.20000000
2021-09-28,40.93000000,40.95000000,39.98000000,40.02000000,2927.35000000
2021-09-29,40.02000000,41.93000000,39.71000000,39.83000000,26271.76000000
2021-09-29,39.78000000,40.23000000,39.66000000,39.79000000,2302.22000000
2021-09-29,39.76000000,40.51000000,39.21000000,39.42000000,10359.29000000
2021-09-29,39.40000000,39.63000000,39.18000000,39.50000000,1633.82000000
2021-09-29,39.49000000,39.79000000,39.45000000,39.65000000,1386.74000000
2021-09-29,39.55000000,39.76000000,39.48000000,39.64000000,739.12000000
2021-09-29,39.55000000,39.58000000,39.31000000,39.46000000,1525.10000000
2021-09-29,39.37000000,39.64000000,39.04000000,39.10000000,2047.94000000
2021-09-29,39.15000000,39.67000000,38.85000000,39.58000000,1867.79000000
2021-09-29,39.68000000,40.15000000,39.52000000,39.86000000,763.75000000
2021-09-29,39.81000000,40.85000000,39.81000000,40.56000000,1539.92000000
2021-09-29,40.47000000,41.00000000,40.09000000,40.91000000,1052.89000000
2021-09-29,41.01000000,41.65000000,40.94000000,41.33000000,1642.98000000
2021-09-29,41.44000000,41.65000000,41.09000000,41.21000000,306.08000000
2021-09-29,41.45000000,41.52000000,41.11000000,41.31000000,418.51000000
2021-09-29,41.31000000,41.46000000,41.01000000,41.01000000,393.81000000
2021-09-29,41.00000000,41.47000000,40.65000000,41.29000000,2695.39000000
2021-09-29,41.35000000,41.35000000,41.11000000,41.28000000,350.01000000
2021-09-29,41.26000000,41.37000000,40.43000000,40.65000000,2540.85000000
2021-09-29,40.74000000,40.90000000,40.55000000,40.71000000,307.22000000
2021-09-29,40.82000000,40.92000000,40.51000000,40.84000000,791.34000000
2021-09-29,40.79000000,40.85000000,40.20000000,40.31000000,1709.17000000
2021-09-30,40.37000000,40.65000000,40.26000000,40.57000000,503.54000000
2021-09-30,40.38000000,40.50000000,40.08000000,40.08000000,465.74000000
2021-09-30,40.08000000,40.48000000,40.00000000,40.19000000,1282.73000000
2021-09-30,40.12000000,40.33000000,40.00000000,40.08000000,129.62000000
2021-09-30,40.03000000,40.03000000,39.17000000,39.60000000,2060.90000000
2021-09-30,39.75000000,40.07000000,39.61000000,39.75000000,578.57000000
2021-09-30,39.76000000,40.08000000,39.63000000,40.01000000,638.29000000
2021-09-30,39.91000000,40.54000000,39.80000000,40.08000000,711.31000000
2021-09-30,40.01000000,40.88000000,40.01000000,40.78000000,4085.61000000
2021-09-30,40.75000000,41.20000000,40.65000000,40.88000000,1173.03000000
2021-09-30,40.93000000,41.25000000,40.64000000,41.22000000,2042.02000000
2021-09-30,41.25000000,41.52000000,40.86000000,41.39000000,749.47000000
2021-09-30,41.39000000,41.67000000,41.06000000,41.11000000,766.04000000
2021-09-30,41.20000000,41.32000000,40.95000000,41.11000000,698.57000000
2021-09-30,41.09000000,41.89000000,41.09000000,41.55000000,2710.80000000
2021-09-30,41.55000000,41.82000000,41.24000000,41.63000000,641.27000000
2021-09-30,41.72000000,41.77000000,41.22000000,41.58000000,783.52000000
2021-09-30,41.51000000,41.86000000,41.41000000,41.64000000,974.88000000
2021-09-30,41.63000000,41.63000000,41.24000000,41.30000000,757.80000000
2021-09-30,41.24000000,41.75000000,41.23000000,41.50000000,277.32000000
2021-09-30,41.50000000,41.97000000,41.37000000,41.53000000,1303.92000000
2021-09-30,41.42000000,41.85000000,41.17000000,41.42000000,2738.35000000
2021-09-30,41.32000000,41.34000000,40.90000000,41.07000000,1585.91000000
2021-09-30,41.19000000,41.50000000,41.12000000,41.28000000,495.30000000
2021-10-01,41.36000000,41.39000000,40.69000000,41.02000000,1689.58000000
2021-10-01,41.00000000,41.22000000,40.69000000,40.89000000,1526.18000000
2021-10-01,40.86000000,41.44000000,40.78000000,41.30000000,1175.29000000
2021-10-01,41.35000000,41.35000000,40.80000000,40.90000000,516.89000000
2021-10-01,40.94000000,41.31000000,40.40000000,41.10000000,2750.49000000
2021-10-01,41.05000000,41.12000000,40.83000000,40.94000000,441.20000000
2021-10-01,40.92000000,41.25000000,40.84000000,41.14000000,877.11000000
2021-10-01,41.09000000,41.32000000,40.90000000,41.32000000,748.16000000
2021-10-01,41.36000000,41.60000000,40.96000000,41.31000000,2169.19000000
2021-10-01,41.19000000,41.47000000,40.92000000,41.22000000,1431.10000000
2021-10-01,41.22000000,41.35000000,40.86000000,41.10000000,581.81000000
2021-10-01,40.99000000,41.47000000,40.95000000,41.28000000,439.68000000
2021-10-01,41.33000000,41.37000000,41.08000000,41.26000000,511.92000000
2021-10-01,41.19000000,41.55000000,41.19000000,41.26000000,789.50000000
2021-10-01,41.39000000,41.57000000,41.33000000,41.36000000,202.44000000
2021-10-01,41.46000000,44.78000000,41.38000000,43.38000000,12306.53000000
2021-10-01,43.42000000,43.70000000,42.32000000,42.83000000,3732.33000000
2021-10-01,42.92000000,49.53000000,42.92000000,43.91000000,77337.86000000
2021-10-01,43.85000000,45.00000000,43.45000000,44.18000000,5550.25000000
2021-10-01,44.18000000,44.71000000,44.12000000,44.32000000,3132.37000000
2021-10-01,44.40000000,44.95000000,44.02000000,44.06000000,2809.07000000
2021-10-01,44.19000000,44.82000000,43.87000000,44.29000000,2997.43000000
2021-10-01,44.29000000,44.69000000,43.99000000,44.66000000,857.86000000
2021-10-01,44.66000000,44.84000000,44.13000000,44.31000000,2581.32000000
2021-10-02,44.42000000,44.82000000,44.32000000,44.70000000,998.63000000
2021-10-02,44.62000000,45.05000000,44.46000000,44.86000000,1054.18000000
2021-10-02,44.89000000,45.00000000,44.60000000,44.76000000,2015.30000000
2021-10-02,44.76000000,45.97000000,44.76000000,45.21000000,3930.98000000
2021-10-02,45.22000000,45.39000000,44.90000000,45.24000000,1313.69000000
2021-10-02,45.22000000,45.59000000,45.14000000,45.52000000,1124.15000000
2021-10-02,45.40000000,45.45000000,44.33000000,44.62000000,785.35000000
2021-10-02,44.75000000,45.14000000,44.64000000,44.89000000,861.58000000
2021-10-02,44.94000000,45.01000000,44.29000000,44.59000000,870.20000000
2021-10-02,44.62000000,45.15000000,44.42000000,44.61000000,13344.58000000
2021-10-02,44.61000000,44.74000000,44.34000000,44.53000000,749.78000000
2021-10-02,44.53000000,44.61000000,44.17000000,44.29000000,191.06000000
2021-10-02,44.28000000,44.45000000,43.95000000,44.10000000,1000.38000000
2021-10-02,44.20000000,44.40000000,44.00000000,44.24000000,151.47000000
2021-10-02,44.27000000,44.40000000,44.17000000,44.23000000,96.05000000
2021-10-02,44.23000000,44.45000000,44.23000000,44.43000000,44.76000000
2021-10-02,44.43000000,44.43000000,44.05000000,44.27000000,503.00000000
2021-10-02,44.31000000,44.70000000,44.24000000,44.51000000,1749.02000000
2021-10-02,44.39000000,44.59000000,44.23000000,44.43000000,1710.53000000
2021-10-02,44.32000000,45.22000000,44.12000000,44.44000000,18976.06000000
2021-10-02,44.44000000,44.72000000,44.31000000,44.50000000,1115.48000000
2021-10-02,44.53000000,45.17000000,44.26000000,44.73000000,1658.44000000
2021-10-02,44.74000000,45.13000000,44.71000000,45.00000000,945.90000000
2021-10-02,45.00000000,45.39000000,44.83000000,45.08000000,2275.69000000
2021-10-03,45.10000000,45.21000000,44.50000000,44.97000000,1025.80000000
2021-10-03,44.98000000,45.08000000,44.71000000,44.82000000,577.39000000
2021-10-03,44.92000000,45.16000000,44.48000000,45.04000000,1432.99000000
2021-10-03,45.05000000,45.26000000,44.99000000,45.26000000,250.47000000
2021-10-03,45.27000000,45.29000000,44.75000000,44.95000000,775.23000000
2021-10-03,45.03000000,45.21000000,44.88000000,45.08000000,78.89000000
2021-10-03,45.08000000,45.19000000,44.89000000,45.02000000,480.29000000
2021-10-03,44.91000000,45.00000000,44.08000000,44.50000000,1674.00000000
2021-10-03,44.50000000,44.79000000,43.66000000,44.33000000,2358.65000000
2021-10-03,44.22000000,44.37000000,43.91000000,44.23000000,646.20000000
2021-10-03,44.31000000,44.57000000,44.29000000,44.29000000,334.15000000
2021-10-03,44.31000000,44.58000000,44.11000000,44.51000000,411.00000000
2021-10-03,44.63000000,44.80000000,44.46000000,44.62000000,401.63000000
2021-10-03,44.62000000,44.96000000,44.62000000,44.88000000,244.74000000
2021-10-03,44.70000000,44.93000000,44.62000000,44.75000000,646.37000000
2021-10-03,44.82000000,44.82000000,44.48000000,44.52000000,222.41000000
2021-10-03,44.50000000,44.80000000,44.45000000,44.64000000,559.33000000
2021-10-03,44.63000000,44.63000000,44.20000000,44.45000000,1729.83000000
2021-10-03,44.39000000,44.61000000,44.21000000,44.52000000,798.28000000
2021-10-03,44.46000000,44.81000000,44.38000000,44.74000000,309.52000000
2021-10-03,44.69000000,44.83000000,44.52000000,44.74000000,853.32000000
2021-10-03,44.79000000,44.89000000,44.60000000,44.89000000,365.48000000
2021-10-03,44.90000000,44.90000000,44.55000000,44.63000000,523.78000000
2021-10-03,44.71000000,44.89000000,44.29000000,44.30000000,560.59000000
2021-10-04,44.36000000,44.59000000,44.10000000,44.40000000,1174.76000000
2021-10-04,44.37000000,45.03000000,44.26000000,45.03000000,1126.68000000
2021-10-04,45.03000000,45.12000000,44.36000000,44.68000000,1233.22000000
2021-10-04,44.81000000,44.98000000,44.63000000,44.69000000,849.62000000
2021-10-04,44.72000000,44.88000000,44.24000000,44.33000000,1155.76000000
2021-10-04,44.29000000,44.29000000,43.48000000,43.60000000,1704.20000000
2021-10-04,43.53000000,43.95000000,43.53000000,43.73000000,511.73000000
2021-10-04,43.73000000,44.14000000,43.66000000,43.96000000,1407.90000000
2021-10-04,43.98000000,44.06000000,43.44000000,43.69000000,1829.79000000
2021-10-04,43.77000000,44.24000000,43.55000000,43.59000000,2532.63000000
2021-10-04,43.57000000,43.85000000,43.36000000,43.36000000,1450.80000000
2021-10-04,43.35000000,43.54000000,42.91000000,43.11000000,1710.83000000
2021-10-04,43.10000000,43.39000000,42.84000000,43.25000000,1386.97000000
2021-10-04,43.31000000,43.57000000,43.12000000,43.30000000,459.92000000
2021-10-04,43.15000000,43.24000000,42.99000000,43.24000000,258.86000000
2021-10-04,43.12000000,43.70000000,43.09000000,43.70000000,907.10000000
2021-10-04,43.69000000,43.69000000,42.91000000,43.08000000,2327.76000000
2021-10-04,43.11000000,43.57000000,43.11000000,43.28000000,832.96000000
2021-10-04,43.34000000,43.58000000,43.22000000,43.41000000,711.65000000
2021-10-04,43.35000000,43.42000000,43.19000000,43.23000000,808.11000000
2021-10-04,43.20000000,43.83000000,43.20000000,43.65000000,2177.21000000
2021-10-04,43.60000000,44.43000000,43.60000000,44.29000000,639.57000000
2021-10-04,44.42000000,44.61000000,43.51000000,43.58000000,2075.59000000
2021-10-04,43.60000000,44.10000000,43.21000000,43.83000000,4034.09000000
2021-10-05,43.85000000,44.67000000,43.85000000,44.48000000,1099.28000000
2021-10-05,44.48000000,45.00000000,43.91000000,44.95000000,2351.93000000
2021-10-05,44.95000000,45.98000000,44.42000000,45.85000000,6390.08000000
2021-10-05,45.85000000,45.90000000,45.12000000,45.59000000,1134.56000000
2021-10-05,45.59000000,45.97000000,45.21000000,45.68000000,1934.38000000
2021-10-05,45.74000000,45.74000000,45.29000000,45.56000000,881.40000000
2021-10-05,45.67000000,45.98000000,45.22000000,45.40000000,1863.15000000
2021-10-05,45.53000000,45.82000000,45.18000000,45.34000000,971.26000000
2021-10-05,45.37000000,45.62000000,44.56000000,44.78000000,3350.16000000
2021-10-05,44.78000000,45.02000000,44.59000000,44.85000000,1882.34000000
2021-10-05,44.78000000,44.92000000,44.58000000,44.92000000,1044.42000000
2021-10-05,44.92000000,45.01000000,44.73000000,44.92000000,898.35000000
2021-10-05,44.86000000,44.90000000,44.16000000,44.32000000,2109.73000000
2021-10-05,44.28000000,44.64000000,44.09000000,44.63000000,1279.08000000
2021-10-05,44.55000000,44.67000000,44.14000000,44.44000000,1748.67000000
2021-10-05,44.35000000,44.76000000,44.35000000,44.69000000,1264.86000000
2021-10-05,44.69000000,44.88000000,44.42000000,44.72000000,881.26000000
2021-10-05,44.75000000,44.91000000,44.25000000,44.72000000,1617.83000000
2021-10-05,44.72000000,45.05000000,44.50000000,44.71000000,816.99000000
2021-10-05,44.73000000,44.87000000,44.54000000,44.54000000,483.58000000
2021-10-05,44.60000000,44.61000000,44.36000000,44.45000000,1459.28000000
2021-10-05,44.44000000,45.21000000,44.21000000,45.14000000,3550.25000000
2021-10-05,45.14000000,45.39000000,44.23000000,44.50000000,3498.06000000
2021-10-05,44.40000000,44.49000000,44.22000000,44.35000000,689.08000000
2021-10-06,44.34000000,44.73000000,44.25000000,44.63000000,738.18000000
2021-10-06,44.73000000,44.90000000,44.38000000,44.69000000,2331.70000000
2021-10-06,44.69000000,44.96000000,44.33000000,44.40000000,1664.38000000
2021-10-06,44.41000000,45.03000000,44.36000000,44.80000000,2303.79000000
2021-10-06,44.80000000,45.61000000,44.74000000,45.19000000,2209.73000000
2021-10-06,45.22000000,45.56000000,44.91000000,45.56000000,914.24000000
2021-10-06,45.51000000,45.56000000,44.93000000,45.06000000,2231.35000000
2021-10-06,45.18000000,45.52000000,45.10000000,45.25000000,1888.38000000
2021-10-06,45.36000000,45.64000000,45.25000000,45.44000000,1334.78000000
2021-10-06,45.41000000,46.11000000,45.11000000,45.87000000,3475.64000000
2021-10-06,45.87000000,45.99000000,45.46000000,45.70000000,2192.61000000
2021-10-06,45.61000000,45.65000000,45.12000000,45.47000000,1688.92000000
2021-10-06,45.49000000,45.57000000,45.01000000,45.11000000,752.27000000
2021-10-06,45.13000000,45.88000000,44.86000000,45.17000000,1013.11000000
2021-10-06,45.21000000,45.84000000,45.07000000,45.36000000,2024.94000000
2021-10-06,45.36000000,45.36000000,44.79000000,44.79000000,2514.00000000
2021-10-06,44.78000000,44.94000000,43.69000000,43.90000000,3586.40000000
2021-10-06,43.92000000,44.29000000,43.31000000,44.09000000,3365.43000000
2021-10-06,44.09000000,44.89000000,44.04000000,44.74000000,3727.44000000
2021-10-06,44.67000000,45.24000000,43.83000000,44.46000000,8441.50000000
2021-10-06,44.44000000,45.01000000,44.32000000,44.88000000,1592.46000000
2021-10-06,44.88000000,45.97000000,44.64000000,45.18000000,8342.62000000
2021-10-06,45.08000000,45.50000000,44.71000000,45.16000000,3309.85000000
2021-10-06,45.22000000,45.50000000,44.63000000,45.22000000,3674.68000000
2021-10-07,45.40000000,45.40000000,44.73000000,45.20000000,1908.11000000
2021-10-07,45.31000000,45.35000000,44.92000000,45.01000000,1379.18000000
2021-10-07,45.00000000,45.34000000,44.85000000,45.26000000,1578.56000000
2021-10-07,45.12000000,45.60000000,45.04000000,45.44000000,2593.85000000
2021-10-07,45.49000000,45.64000000,45.05000000,45.12000000,1790.05000000
2021-10-07,45.18000000,45.28000000,45.10000000,45.27000000,423.27000000
2021-10-07,45.19000000,45.79000000,45.02000000,45.78000000,308.70000000
2021-10-07,45.78000000,45.79000000,44.77000000,45.12000000,1959.75000000
2021-10-07,45.18000000,45.44000000,44.73000000,44.98000000,1084.09000000
2021-10-07,44.96000000,45.35000000,44.27000000,44.98000000,1231.67000000
2021-10-07,44.98000000,45.31000000,44.87000000,45.17000000,283.18000000
2021-10-07,45.04000000,45.33000000,44.64000000,44.89000000,1023.07000000
2021-10-07,44.89000000,45.25000000,44.85000000,45.15000000,1292.14000000
2021-10-07,45.01000000,45.01000000,44.51000000,44.82000000,979.09000000
2021-10-07,44.72000000,45.81000000,44.72000000,45.72000000,2983.22000000
2021-10-07,45.62000000,45.84000000,45.24000000,45.75000000,1521.18000000
2021-10-07,45.83000000,45.98000000,45.50000000,45.78000000,1571.49000000
2021-10-07,45.78000000,45.82000000,45.10000000,45.70000000,952.43000000
2021-10-07,45.82000000,45.82000000,45.17000000,45.23000000,588.84000000
2021-10-07,45.34000000,45.75000000,45.27000000,45.74000000,1059.73000000
2021-10-07,45.73000000,45.78000000,45.10000000,45.10000000,1220.33000000
2021-10-07,45.19000000,45.90000000,45.18000000,45.82000000,1466.52000000
2021-10-07,45.82000000,45.82000000,44.79000000,44.88000000,2230.45000000
2021-10-07,44.89000000,45.47000000,44.87000000,45.19000000,992.51000000
2021-10-08,45.25000000,45.81000000,44.91000000,45.23000000,2078.28000000
2021-10-08,45.39000000,45.65000000,45.20000000,45.40000000,861.77000000
2021-10-08,45.38000000,45.48000000,45.25000000,45.25000000,744.57000000
2021-10-08,45.31000000,45.65000000,45.26000000,45.38000000,469.74000000
2021-10-08,45.41000000,45.76000000,45.30000000,45.73000000,453.34000000
2021-10-08,45.66000000,45.92000000,45.55000000,45.63000000,161.77000000
2021-10-08,45.60000000,45.60000000,45.06000000,45.40000000,266.17000000
2021-10-08,45.39000000,45.43000000,45.11000000,45.27000000,197.00000000
2021-10-08,45.37000000,45.97000000,45.37000000,45.79000000,397.12000000
2021-10-08,45.89000000,45.96000000,45.68000000,45.75000000,280.74000000
2021-10-08,45.67000000,45.75000000,45.16000000,45.36000000,498.37000000
2021-10-08,45.24000000,45.47000000,44.98000000,45.28000000,1241.64000000
2021-10-08,45.28000000,45.39000000,45.07000000,45.39000000,212.70000000
2021-10-08,45.28000000,45.48000000,44.82000000,45.48000000,1018.53000000
2021-10-08,45.49000000,45.63000000,45.20000000,45.61000000,581.81000000
2021-10-08,45.51000000,45.81000000,45.21000000,45.61000000,1272.97000000
2021-10-08,45.61000000,46.04000000,45.29000000,45.43000000,4495.99000000
2021-10-08,45.44000000,45.44000000,44.61000000,45.20000000,8964.64000000
2021-10-08,45.13000000,45.21000000,44.33000000,44.82000000,3824.36000000
2021-10-08,44.83000000,44.92000000,44.46000000,44.50000000,1177.65000000
2021-10-08,44.46000000,44.56000000,43.54000000,43.98000000,4922.29000000
2021-10-08,44.01000000,44.08000000,43.45000000,43.66000000,1636.52000000
2021-10-08,43.57000000,44.42000000,43.55000000,44.35000000,1009.68000000
2021-10-08,44.40000000,44.48000000,43.94000000,44.48000000,1238.76000000
2021-10-09,44.48000000,44.61000000,44.24000000,44.48000000,504.05000000
2021-10-09,44.50000000,44.63000000,44.17000000,44.38000000,906.98000000
2021-10-09,44.38000000,44.81000000,44.38000000,44.68000000,571.75000000
2021-10-09,44.66000000,44.90000000,44.33000000,44.76000000,645.47000000
2021-10-09,44.70000000,44.74000000,44.06000000,44.19000000,993.14000000
2021-10-09,44.19000000,44.70000000,44.19000000,44.57000000,1075.19000000
2021-10-09,44.57000000,44.73000000,44.10000000,44.63000000,861.96000000
2021-10-09,44.63000000,44.90000000,44.44000000,44.86000000,317.41000000
2021-10-09,44.88000000,45.14000000,44.62000000,45.09000000,949.91000000
2021-10-09,45.13000000,45.14000000,44.86000000,45.07000000,466.31000000
2021-10-09,44.98000000,45.20000000,44.88000000,45.20000000,685.43000000
2021-10-09,45.19000000,45.34000000,44.80000000,45.19000000,995.10000000
2021-10-09,45.18000000,45.50000000,45.16000000,45.36000000,621.48000000
2021-10-09,45.39000000,45.68000000,45.20000000,45.63000000,550.03000000
2021-10-09,45.54000000,45.85000000,45.33000000,45.69000000,439.26000000
2021-10-09,45.74000000,45.93000000,45.54000000,45.83000000,1184.20000000
2021-10-09,45.83000000,45.98000000,45.63000000,45.89000000,2105.44000000
2021-10-09,45.89000000,46.83000000,45.73000000,46.76000000,2610.88000000
2021-10-09,46.76000000,46.83000000,46.05000000,46.63000000,1985.15000000
2021-10-09,46.68000000,46.89000000,46.50000000,46.71000000,1055.81000000
2021-10-09,46.79000000,48.86000000,46.71000000,47.29000000,9576.64000000
2021-10-09,47.29000000,47.64000000,46.79000000,46.85000000,2060.49000000
2021-10-09,46.92000000,46.96000000,46.01000000,46.17000000,2537.23000000
2021-10-09,46.15000000,46.60000000,46.00000000,46.24000000,1325.43000000
2021-10-10,46.26000000,46.42000000,45.84000000,46.04000000,1679.65000000
2021-10-10,46.03000000,46.25000000,45.87000000,45.95000000,546.25000000
2021-10-10,46.06000000,46.35000000,46.05000000,46.18000000,417.95000000
2021-10-10,46.26000000,46.34000000,45.85000000,45.93000000,1153.15000000
2021-10-10,45.82000000,45.90000000,45.53000000,45.89000000,688.69000000
2021-10-10,45.89000000,45.98000000,45.75000000,45.98000000,160.58000000
2021-10-10,45.85000000,46.01000000,45.85000000,45.87000000,107.42000000
2021-10-10,45.86000000,46.88000000,45.67000000,45.78000000,15961.97000000
2021-10-10,45.85000000,47.16000000,45.68000000,47.03000000,3025.06000000
2021-10-10,47.07000000,47.20000000,46.02000000,46.50000000,2295.16000000
2021-10-10,46.42000000,46.82000000,46.25000000,46.81000000,525.54000000
2021-10-10,46.79000000,46.82000000,46.25000000,46.73000000,1175.03000000
2021-10-10,46.60000000,46.65000000,45.86000000,46.31000000,1833.25000000
2021-10-10,46.33000000,46.68000000,46.19000000,46.47000000,555.20000000
2021-10-10,46.47000000,46.58000000,46.37000000,46.58000000,191.94000000
2021-10-10,46.50000000,46.68000000,46.14000000,46.29000000,601.34000000
2021-10-10,46.35000000,46.58000000,46.12000000,46.32000000,419.16000000
2021-10-10,46.28000000,46.42000000,45.77000000,45.99000000,1210.81000000
2021-10-10,46.03000000,46.19000000,45.89000000,46.05000000,112.70000000
2021-10-10,45.94000000,46.31000000,45.74000000,45.88000000,271.73000000
2021-10-10,46.04000000,46.08000000,45.74000000,45.96000000,427.09000000
2021-10-10,45.84000000,46.28000000,45.57000000,45.97000000,324.57000000
2021-10-10,46.00000000,46.21000000,45.62000000,45.84000000,1665.34000000
2021-10-10,45.84000000,46.06000000,45.52000000,45.76000000,835.16000000
2021-10-11,45.76000000,45.97000000,45.60000000,45.67000000,285.16000000
2021-10-11,45.61000000,45.64000000,45.26000000,45.59000000,784.11000000
2021-10-11,45.51000000,45.75000000,45.01000000,45.42000000,1129.77000000
2021-10-11,45.45000000,45.45000000,45.25000000,45.32000000,161.87000000
2021-10-11,45.24000000,45.29000000,43.87000000,43.90000000,9461.38000000
2021-10-11,43.89000000,43.90000000,43.05000000,43.58000000,3382.07000000
2021-10-11,43.54000000,43.72000000,43.35000000,43.72000000,576.38000000
2021-10-11,43.72000000,43.72000000,43.08000000,43.38000000,1301.97000000
2021-10-11,43.38000000,43.71000000,43.02000000,43.50000000,7087.57000000
2021-10-11,43.62000000,43.85000000,43.27000000,43.72000000,2817.25000000
2021-10-11,43.63000000,43.89000000,43.49000000,43.81000000,457.26000000
2021-10-11,43.92000000,44.24000000,43.58000000,44.08000000,1535.74000000
2021-10-11,44.08000000,44.34000000,43.98000000,44.05000000,528.54000000
2021-10-11,44.16000000,44.22000000,43.58000000,43.89000000,1700.57000000
2021-10-11,43.94000000,44.00000000,43.85000000,43.86000000,312.12000000
2021-10-11,43.86000000,44.03000000,43.51000000,43.95000000,1628.47000000
2021-10-11,43.98000000,45.24000000,43.27000000,43.37000000,47912.17000000
2021-10-11,43.42000000,43.66000000,42.86000000,43.25000000,7091.66000000
2021-10-11,43.28000000,43.37000000,42.97000000,43.04000000,1502.99000000
2021-10-11,43.00000000,43.30000000,42.57000000,43.24000000,2031.13000000
2021-10-11,43.24000000,43.24000000,42.38000000,42.62000000,2707.13000000
2021-10-11,42.62000000,43.05000000,42.51000000,42.87000000,2535.67000000
2021-10-11,42.89000000,43.06000000,42.41000000,42.90000000,1603.19000000
2021-10-11,42.90000000,43.42000000,42.60000000,42.74000000,2158.30000000
2021-10-12,42.76000000,42.83000000,42.40000000,42.67000000,1500.73000000
2021-10-12,42.78000000,42.88000000,42.46000000,42.75000000,813.70000000
2021-10-12,42.70000000,43.16000000,42.52000000,42.56000000,759.95000000
2021-10-12,42.55000000,42.82000000,42.28000000,42.42000000,1318.38000000
2021-10-12,42.34000000,42.84000000,42.16000000,42.46000000,2954.33000000
2021-10-12,42.41000000,42.54000000,42.37000000,42.45000000,108.70000000
2021-10-12,42.40000000,43.13000000,42.40000000,43.00000000,219.02000000
2021-10-12,43.08000000,43.27000000,42.97000000,43.24000000,329.72000000
2021-10-12,43.24000000,43.24000000,42.50000000,43.07000000,1300.25000000
2021-10-12,43.07000000,43.56000000,42.81000000,43.33000000,2356.39000000
2021-10-12,43.33000000,43.83000000,43.28000000,43.57000000,845.89000000
2021-10-12,43.53000000,43.95000000,43.25000000,43.95000000,1168.75000000
2021-10-12,43.95000000,44.58000000,43.33000000,43.92000000,4441.95000000
2021-10-12,44.03000000,44.29000000,43.61000000,43.90000000,2559.21000000
2021-10-12,44.04000000,44.66000000,43.68000000,44.45000000,2050.77000000
2021-10-12,44.43000000,44.65000000,43.54000000,43.73000000,1932.68000000
2021-10-12,43.73000000,43.88000000,43.48000000,43.60000000,1470.96000000
2021-10-12,43.49000000,44.05000000,43.28000000,43.38000000,1492.13000000
2021-10-12,43.41000000,46.26000000,43.28000000,45.35000000,10770.20000000
2021-10-12,45.28000000,45.50000000,43.44000000,43.44000000,4439.70000000
2021-10-12,43.45000000,43.50000000,43.02000000,43.09000000,1123.30000000
2021-10-12,43.02000000,44.28000000,43.01000000,43.92000000,3441.30000000
2021-10-12,44.05000000,44.25000000,43.51000000,43.64000000,1679.10000000
2021-10-12,43.74000000,44.09000000,43.42000000,44.00000000,824.20000000
2021-10-13,43.88000000,44.25000000,43.80000000,44.20000000,689.59000000
2021-10-13,44.20000000,47.28000000,44.11000000,44.68000000,14067.88000000
2021-10-13,44.78000000,44.83000000,43.98000000,43.98000000,3054.68000000
2021-10-13,43.96000000,44.72000000,43.89000000,44.15000000,1027.53000000
2021-10-13,44.13000000,44.71000000,43.14000000,44.63000000,2361.62000000
2021-10-13,44.67000000,45.32000000,44.48000000,45.20000000,2345.07000000
2021-10-13,45.31000000,45.83000000,45.03000000,45.76000000,1466.52000000
2021-10-13,45.76000000,45.87000000,45.29000000,45.47000000,1031.78000000
2021-10-13,45.38000000,45.86000000,45.12000000,45.73000000,1557.30000000
2021-10-13,45.82000000,45.98000000,45.48000000,45.80000000,492.96000000
2021-10-13,45.80000000,45.98000000,45.64000000,45.90000000,531.86000000
2021-10-13,45.98000000,45.98000000,45.45000000,45.69000000,538.12000000
2021-10-13,45.69000000,45.93000000,45.52000000,45.56000000,427.81000000
2021-10-13,45.56000000,45.93000000,45.00000000,45.00000000,2057.81000000
2021-10-13,45.00000000,45.99000000,44.90000000,45.21000000,2163.52000000
2021-10-13,45.21000000,45.59000000,45.06000000,45.06000000,715.15000000
2021-10-13,45.16000000,45.97000000,45.16000000,45.25000000,1525.51000000
2021-10-13,45.28000000,45.91000000,45.18000000,45.91000000,1020.28000000
2021-10-13,45.83000000,45.99000000,45.52000000,45.61000000,1192.62000000
2021-10-13,45.60000000,45.84000000,45.52000000,45.79000000,468.35000000
2021-10-13,45.79000000,45.98000000,45.58000000,45.98000000,691.34000000
2021-10-13,45.99000000,45.99000000,45.64000000,45.73000000,304.04000000
2021-10-13,45.64000000,46.00000000,45.06000000,45.86000000,1321.91000000
2021-10-13,45.83000000,46.19000000,45.62000000,45.66000000,342.27000000
2021-10-14,45.66000000,46.00000000,45.55000000,45.73000000,347.68000000
2021-10-14,45.86000000,45.92000000,45.36000000,45.70000000,360.19000000
2021-10-14,45.70000000,45.70000000,45.21000000,45.26000000,225.32000000
2021-10-14,45.18000000,45.39000000,44.72000000,45.18000000,1231.45000000
2021-10-14,45.19000000,45.21000000,44.46000000,44.71000000,3505.68000000
2021-10-14,44.79000000,44.92000000,44.63000000,44.75000000,397.91000000
2021-10-14,44.75000000,44.88000000,44.62000000,44.88000000,454.38000000
2021-10-14,44.94000000,45.08000000,44.74000000,45.08000000,996.96000000
2021-10-14,45.08000000,45.24000000,45.08000000,45.19000000,292.83000000
2021-10-14,45.18000000,45.34000000,45.08000000,45.21000000,289.97000000
2021-10-14,45.20000000,45.20000000,44.86000000,45.05000000,419.33000000
2021-10-14,45.06000000,45.23000000,44.97000000,45.23000000,181.26000000
2021-10-14,45.23000000,45.29000000,45.03000000,45.19000000,221.49000000
2021-10-14,45.26000000,45.49000000,45.18000000,45.34000000,404.09000000
2021-10-14,45.36000000,45.40000000,45.20000000,45.27000000,294.51000000
2021-10-14,45.23000000,45.46000000,45.12000000,45.24000000,555.48000000
2021-10-14,45.24000000,45.37000000,43.92000000,44.35000000,10781.73000000
2021-10-14,44.35000000,45.00000000,44.27000000,44.72000000,4054.02000000
2021-10-14,44.80000000,44.82000000,43.50000000,44.12000000,22351.69000000
2021-10-14,44.07000000,44.37000000,43.87000000,44.25000000,4084.46000000
2021-10-14,44.25000000,44.37000000,43.90000000,43.90000000,4876.36000000
2021-10-14,43.99000000,44.08000000,43.71000000,43.91000000,4177.35000000
2021-10-14,43.91000000,44.28000000,43.90000000,44.07000000,3234.87000000
2021-10-14,44.13000000,44.25000000,43.85000000,43.99000000,3340.92000000
2021-10-15,43.99000000,44.25000000,43.91000000,43.94000000,1190.79000000
2021-10-15,44.00000000,44.15000000,43.97000000,44.10000000,532.83000000
2021-10-15,44.13000000,44.39000000,43.91000000,44.27000000,1282.90000000
2021-10-15,44.37000000,44.37000000,43.88000000,44.09000000,614.40000000
2021-10-15,44.13000000,44.14000000,43.75000000,43.75000000,591.40000000
2021-10-15,43.82000000,43.83000000,43.54000000,43.74000000,839.31000000
2021-10-15,43.75000000,43.75000000,43.46000000,43.53000000,369.20000000
2021-10-15,43.53000000,43.56000000,43.19000000,43.24000000,1905.82000000
2021-10-15,43.41000000,43.57000000,43.13000000,43.16000000,1010.97000000
2021-10-15,43.13000000,43.28000000,42.91000000,43.07000000,906.18000000
2021-10-15,43.17000000,43.73000000,42.93000000,43.72000000,1296.86000000
2021-10-15,43.75000000,43.75000000,43.37000000,43.69000000,826.20000000
2021-10-15,43.69000000,43.70000000,43.28000000,43.35000000,1234.25000000
2021-10-15,43.50000000,43.89000000,43.35000000,43.75000000,1448.72000000
2021-10-15,43.88000000,43.88000000,43.52000000,43.74000000,747.59000000
2021-10-15,43.74000000,43.75000000,43.25000000,43.25000000,873.14000000
2021-10-15,43.25000000,43.33000000,42.51000000,42.59000000,1407.15000000
2021-10-15,42.59000000,43.01000000,42.39000000,42.99000000,2361.79000000
2021-10-15,42.98000000,43.56000000,42.71000000,43.28000000,3491.16000000
2021-10-15,43.28000000,43.49000000,42.88000000,43.28000000,869.21000000
2021-10-15,43.32000000,43.41000000,43.17000000,43.25000000,559.40000000
2021-10-15,43.30000000,43.56000000,43.09000000,43.09000000,2663.13000000
2021-10-15,43.07000000,43.27000000,42.99000000,43.17000000,705.64000000
2021-10-15,43.17000000,43.23000000,42.95000000,43.01000000,645.15000000
2021-10-16,43.11000000,43.61000000,43.11000000,43.61000000,2564.47000000
2021-10-16,43.61000000,43.67000000,43.28000000,43.61000000,937.70000000
2021-10-16,43.61000000,44.29000000,43.54000000,44.00000000,2309.85000000
2021-10-16,44.00000000,44.13000000,43.77000000,43.99000000,957.74000000
2021-10-16,43.91000000,44.40000000,43.86000000,44.07000000,812.61000000
2021-10-16,44.12000000,44.12000000,43.80000000,43.90000000,544.22000000
2021-10-16,43.91000000,44.06000000,43.90000000,43.91000000,522.13000000
2021-10-16,43.91000000,44.16000000,43.90000000,44.08000000,586.73000000
2021-10-16,44.15000000,44.16000000,43.90000000,44.14000000,750.95000000
2021-10-16,44.00000000,44.00000000,43.06000000,43.28000000,3107.91000000
2021-10-16,43.23000000,43.34000000,43.04000000,43.34000000,356.36000000
2021-10-16,43.25000000,44.63000000,43.17000000,43.57000000,8932.20000000
2021-10-16,43.58000000,43.58000000,43.08000000,43.13000000,1162.15000000
2021-10-16,43.10000000,43.71000000,43.07000000,43.38000000,1491.93000000
2021-10-16,43.38000000,44.04000000,43.04000000,43.81000000,3797.73000000
2021-10-16,43.81000000,44.38000000,43.68000000,43.83000000,2659.72000000
2021-10-16,43.83000000,43.93000000,43.58000000,43.79000000,2054.96000000
2021-10-16,43.79000000,43.88000000,43.64000000,43.67000000,549.55000000
2021-10-16,43.66000000,43.78000000,43.47000000,43.48000000,333.27000000
2021-10-16,43.51000000,43.65000000,43.47000000,43.48000000,574.96000000
2021-10-16,43.48000000,43.76000000,42.74000000,42.95000000,3533.52000000
2021-10-16,42.97000000,43.28000000,42.84000000,43.17000000,474.78000000
2021-10-16,43.16000000,43.27000000,42.93000000,43.05000000,987.03000000
2021-10-16,43.05000000,43.22000000,42.79000000,43.16000000,489.57000000
2021-10-17,43.18000000,43.28000000,43.07000000,43.13000000,320.20000000
2021-10-17,43.08000000,43.12000000,42.81000000,43.02000000,515.32000000
2021-10-17,43.09000000,43.31000000,43.02000000,43.17000000,295.23000000
2021-10-17,43.27000000,43.43000000,43.11000000,43.22000000,180.89000000
2021-10-17,43.22000000,43.36000000,42.95000000,43.36000000,491.40000000
2021-10-17,43.36000000,43.47000000,43.26000000,43.29000000,54.54000000
2021-10-17,43.29000000,43.55000000,43.23000000,43.44000000,330.82000000
2021-10-17,43.48000000,43.56000000,43.13000000,43.13000000,443.14000000
2021-10-17,43.13000000,43.13000000,42.60000000,42.96000000,1361.20000000
2021-10-17,42.91000000,43.01000000,42.66000000,42.79000000,685.39000000
2021-10-17,42.74000000,42.78000000,42.65000000,42.74000000,318.48000000
2021-10-17,42.77000000,43.12000000,42.77000000,42.85000000,1033.63000000
2021-10-17,42.93000000,43.15000000,42.90000000,43.06000000,328.71000000
2021-10-17,43.05000000,43.08000000,42.73000000,42.75000000,411.39000000
2021-10-17,42.81000000,42.93000000,42.75000000,42.89000000,350.05000000
2021-10-17,42.89000000,43.11000000,42.84000000,42.88000000,375.94000000
2021-10-17,42.93000000,43.22000000,42.88000000,43.09000000,425.64000000
2021-10-17,43.16000000,43.24000000,43.07000000,43.07000000,141.60000000
2021-10-17,43.14000000,43.30000000,43.01000000,43.30000000,388.23000000
2021-10-17,43.21000000,43.64000000,43.08000000,43.50000000,2736.02000000
2021-10-17,43.50000000,43.55000000,43.15000000,43.26000000,966.04000000
2021-10-17,43.26000000,44.18000000,43.10000000,44.07000000,3948.98000000
2021-10-17,44.03000000,44.57000000,44.00000000,44.35000000,6319.02000000
2021-10-17,44.39000000,44.50000000,44.00000000,44.04000000,1772.18000000
2021-10-18,44.04000000,44.50000000,44.00000000,44.15000000,1886.51000000
2021-10-18,44.01000000,44.42000000,44.01000000,44.07000000,595.63000000
2021-10-18,44.13000000,44.19000000,44.00000000,44.05000000,727.78000000
2021-10-18,44.05000000,44.24000000,44.00000000,44.05000000,2260.06000000
2021-10-18,44.12000000,44.13000000,43.00000000,43.63000000,5630.78000000
2021-10-18,43.48000000,45.30000000,43.36000000,44.65000000,9813.30000000
2021-10-18,44.59000000,45.06000000,44.15000000,44.24000000,2080.95000000
2021-10-18,44.25000000,44.26000000,44.00000000,44.08000000,612.38000000
2021-10-18,44.25000000,45.49000000,44.18000000,44.81000000,1936.81000000
2021-10-18,44.81000000,44.94000000,44.54000000,44.59000000,960.98000000
2021-10-18,44.62000000,44.63000000,44.07000000,44.07000000,1205.34000000
2021-10-18,44.12000000,44.15000000,43.66000000,43.72000000,893.24000000
2021-10-18,43.82000000,43.82000000,43.62000000,43.65000000,394.53000000
2021-10-18,43.73000000,43.73000000,43.42000000,43.58000000,1045.73000000
2021-10-18,43.53000000,43.57000000,43.12000000,43.43000000,1954.31000000
2021-10-18,43.43000000,43.48000000,43.07000000,43.16000000,1012.97000000
2021-10-18,43.11000000,43.36000000,42.78000000,43.13000000,985.78000000
2021-10-18,43.13000000,43.28000000,42.61000000,42.70000000,1276.81000000
2021-10-18,42.83000000,43.19000000,42.51000000,43.03000000,880.06000000
2021-10-18,43.00000000,43.08000000,42.60000000,42.78000000,1191.74000000
2021-10-18,42.78000000,43.15000000,42.72000000,42.72000000,766.37000000
2021-10-18,42.72000000,43.38000000,42.37000000,43.26000000,3110.30000000
2021-10-18,43.32000000,43.50000000,43.18000000,43.48000000,873.28000000
2021-10-18,43.49000000,43.50000000,42.90000000,42.91000000,2154.33000000
2021-10-19,42.96000000,43.12000000,42.54000000,42.59000000,462.13000000
2021-10-19,42.64000000,43.11000000,42.59000000,42.98000000,689.05000000
2021-10-19,42.96000000,43.08000000,42.73000000,42.89000000,568.81000000
2021-10-19,42.89000000,43.73000000,42.70000000,43.45000000,2213.96000000
2021-10-19,43.53000000,43.53000000,43.00000000,43.12000000,574.07000000
2021-10-19,42.93000000,43.20000000,42.93000000,43.18000000,112.68000000
2021-10-19,43.08000000,43.22000000,42.96000000,43.13000000,178.54000000
2021-10-19,43.13000000,43.13000000,42.95000000,43.07000000,34.06000000
2021-10-19,42.94000000,42.98000000,42.72000000,42.95000000,162.27000000
2021-10-19,42.71000000,42.98000000,42.70000000,42.98000000,159.11000000
2021-10-19,42.87000000,43.05000000,42.79000000,43.05000000,380.47000000
2021-10-19,43.05000000,43.48000000,43.01000000,43.29000000,582.02000000
2021-10-19,43.23000000,43.45000000,43.21000000,43.45000000,302.51000000
2021-10-19,43.44000000,43.49000000,43.32000000,43.48000000,519.63000000
2021-10-19,43.45000000,43.50000000,43.35000000,43.43000000,633.48000000
2021-10-19,43.35000000,43.44000000,43.21000000,43.37000000,454.71000000
2021-10-19,43.34000000,43.79000000,43.24000000,43.69000000,1200.45000000
2021-10-19,43.69000000,43.80000000,43.60000000,43.67000000,883.15000000
2021-10-19,43.67000000,43.76000000,43.49000000,43.61000000,341.07000000
2021-10-19,43.64000000,43.71000000,43.41000000,43.66000000,297.08000000
2021-10-19,43.61000000,43.80000000,43.30000000,43.47000000,807.43000000
2021-10-19,43.48000000,43.60000000,43.17000000,43.25000000,626.80000000
2021-10-19,43.20000000,43.42000000,42.77000000,43.32000000,701.36000000
2021-10-19,43.17000000,43.39000000,43.15000000,43.20000000,405.21000000
2021-10-20,43.15000000,43.26000000,43.08000000,43.14000000,233.41000000
2021-10-20,43.36000000,43.65000000,43.26000000,43.40000000,896.27000000
2021-10-20,43.33000000,43.37000000,43.21000000,43.21000000,221.88000000
2021-10-20,43.17000000,43.55000000,43.14000000,43.47000000,667.40000000
2021-10-20,43.39000000,43.54000000,40.80000000,42.88000000,9665.94000000
2021-10-20,42.87000000,43.02000000,42.66000000,42.72000000,587.05000000
2021-10-20,42.72000000,42.94000000,42.72000000,42.88000000,816.03000000
2021-10-20,42.85000000,43.16000000,42.85000000,43.05000000,317.07000000
2021-10-20,42.98000000,43.00000000,42.74000000,42.78000000,269.78000000
2021-10-20,42.85000000,42.89000000,42.52000000,42.52000000,525.55000000
2021-10-20,42.56000000,42.58000000,42.49000000,42.49000000,56.35000000
2021-10-20,42.56000000,42.60000000,42.46000000,42.52000000,124.53000000
2021-10-20,42.46000000,42.56000000,42.41000000,42.46000000,77.87000000
2021-10-20,42.56000000,42.61000000,42.42000000,42.43000000,82.71000000
2021-10-20,42.43000000,42.74000000,42.42000000,42.61000000,227.57000000
2021-10-20,42.75000000,43.00000000,42.65000000,42.86000000,405.57000000
2021-10-20,42.88000000,43.07000000,42.86000000,43.03000000,346.11000000
2021-10-20,43.03000000,43.06000000,42.75000000,42.99000000,905.62000000
2021-10-20,43.00000000,43.06000000,42.89000000,42.89000000,416.27000000
2021-10-20,42.97000000,43.07000000,42.87000000,43.07000000,434.43000000
2021-10-20,42.98000000,43.36000000,42.93000000,43.31000000,503.24000000
2021-10-20,43.29000000,43.49000000,42.99000000,43.43000000,1659.00000000
2021-10-20,43.35000000,43.99000000,43.23000000,43.85000000,1641.04000000
2021-10-20,43.85000000,43.97000000,43.58000000,43.82000000,1322.99000000
2021-10-21,43.82000000,43.96000000,43.66000000,43.83000000,995.69000000
2021-10-21,43.90000000,44.00000000,43.73000000,43.84000000,684.41000000
2021-10-21,43.90000000,44.18000000,43.76000000,44.03000000,2265.23000000
2021-10-21,44.00000000,44.03000000,43.70000000,43.71000000,927.54000000
2021-10-21,43.68000000,43.75000000,43.28000000,43.43000000,970.19000000
2021-10-21,43.43000000,43.65000000,43.40000000,43.44000000,625.01000000
2021-10-21,43.40000000,43.48000000,43.29000000,43.33000000,105.71000000
2021-10-21,43.40000000,43.50000000,43.30000000,43.43000000,159.39000000
2021-10-21,43.43000000,43.78000000,43.33000000,43.61000000,317.80000000
2021-10-21,43.67000000,43.82000000,43.36000000,43.38000000,1040.00000000
2021-10-21,43.58000000,43.72000000,43.14000000,43.54000000,406.35000000
2021-10-21,43.44000000,44.31000000,43.27000000,44.15000000,1644.43000000
2021-10-21,44.19000000,44.34000000,43.99000000,44.01000000,646.20000000
2021-10-21,43.94000000,44.35000000,43.90000000,44.17000000,688.37000000
2021-10-21,44.20000000,44.28000000,43.95000000,43.99000000,341.94000000
2021-10-21,43.99000000,44.21000000,43.92000000,44.12000000,680.92000000
2021-10-21,44.12000000,44.48000000,44.05000000,44.44000000,790.38000000
2021-10-21,44.48000000,44.90000000,44.43000000,44.82000000,1938.04000000
2021-10-21,44.82000000,45.15000000,44.55000000,45.11000000,2806.56000000
2021-10-21,45.10000000,45.14000000,43.61000000,43.80000000,3613.96000000
2021-10-21,43.93000000,44.25000000,43.78000000,44.09000000,1100.53000000
2021-10-21,44.09000000,44.68000000,43.92000000,44.38000000,1133.42000000
2021-10-21,44.33000000,44.42000000,43.58000000,43.83000000,1114.66000000
2021-10-21,43.76000000,43.95000000,42.77000000,43.18000000,1791.32000000
2021-10-22,43.17000000,43.68000000,43.06000000,43.27000000,737.93000000
2021-10-22,43.26000000,43.60000000,43.13000000,43.28000000,382.24000000
2021-10-22,43.29000000,43.94000000,43.25000000,43.53000000,604.24000000
2021-10-22,43.55000000,43.95000000,43.30000000,43.30000000,329.74000000
2021-10-22,43.34000000,43.75000000,43.34000000,43.58000000,253.04000000
2021-10-22,43.60000000,43.79000000,43.50000000,43.56000000,793.73000000
2021-10-22,43.60000000,44.28000000,43.55000000,44.18000000,964.52000000
2021-10-22,44.14000000,44.18000000,43.39000000,43.44000000,519.33000000
2021-10-22,43.53000000,44.34000000,43.52000000,44.22000000,1176.81000000
2021-10-22,44.27000000,44.69000000,44.11000000,44.23000000,492.68000000
2021-10-22,44.22000000,44.60000000,44.16000000,44.50000000,928.35000000
2021-10-22,44.50000000,44.80000000,44.42000000,44.67000000,476.67000000
2021-10-22,44.70000000,44.70000000,44.33000000,44.51000000,444.94000000
2021-10-22,44.49000000,44.55000000,44.12000000,44.21000000,242.52000000
2021-10-22,44.31000000,44.44000000,44.07000000,44.21000000,590.95000000
2021-10-22,44.24000000,44.59000000,44.16000000,44.57000000,337.01000000
2021-10-22,44.51000000,44.82000000,44.45000000,44.70000000,956.59000000
2021-10-22,44.71000000,44.71000000,44.56000000,44.56000000,700.10000000
2021-10-22,44.51000000,44.82000000,44.45000000,44.70000000,956.59000000
2021-10-22,44.71000000,44.71000000,44.56000000,44.56000000,700.10000000
2021-10-22,44.56000000,44.56000000,44.13000000,44.43000000,724.78000000
2021-10-22,44.45000000,44.50000000,44.27000000,44.27000000,541.87000000
2021-10-22,44.36000000,44.41000000,44.26000000,44.39000000,90.04000000
2021-10-22,44.39000000,44.48000000,43.75000000,43.79000000,1472.35000000
2021-10-22,43.79000000,43.87000000,43.47000000,43.78000000,1425.48000000
2021-10-22,43.78000000,43.92000000,43.40000000,43.48000000,742.05000000
2021-10-23,43.41000000,43.47000000,43.17000000,43.47000000,598.56000000
2021-10-23,43.47000000,43.47000000,43.16000000,43.26000000,294.57000000
2021-10-23,43.24000000,43.38000000,43.13000000,43.32000000,348.58000000
2021-10-23,43.33000000,43.61000000,43.30000000,43.56000000,451.74000000
2021-10-23,43.48000000,43.71000000,43.45000000,43.45000000,218.31000000
2021-10-23,43.40000000,43.53000000,43.16000000,43.29000000,752.70000000
2021-10-23,43.23000000,43.38000000,43.23000000,43.27000000,221.68000000
2021-10-23,43.39000000,43.50000000,43.32000000,43.39000000,130.73000000
2021-10-23,43.39000000,43.64000000,43.12000000,43.64000000,518.11000000
2021-10-23,43.64000000,43.74000000,43.57000000,43.57000000,191.08000000
2021-10-23,43.53000000,43.72000000,43.52000000,43.72000000,117.90000000
2021-10-23,43.65000000,43.77000000,43.64000000,43.69000000,112.69000000
2021-10-23,43.68000000,43.70000000,43.53000000,43.64000000,83.34000000
2021-10-23,43.65000000,43.65000000,43.47000000,43.47000000,369.19000000
2021-10-23,43.52000000,43.54000000,43.38000000,43.45000000,98.01000000
2021-10-23,43.45000000,43.45000000,43.22000000,43.43000000,201.85000000
2021-10-23,43.42000000,43.46000000,43.27000000,43.41000000,123.84000000
2021-10-23,43.40000000,43.40000000,43.09000000,43.14000000,226.12000000
2021-10-23,43.21000000,43.32000000,43.08000000,43.08000000,344.84000000
2021-10-23,43.08000000,43.77000000,43.01000000,43.74000000,326.71000000
2021-10-23,43.74000000,44.03000000,43.57000000,43.74000000,1385.96000000
2021-10-23,43.57000000,43.76000000,43.57000000,43.62000000,325.89000000
2021-10-23,43.64000000,43.81000000,43.61000000,43.69000000,244.70000000
2021-10-23,43.73000000,43.96000000,43.60000000,43.91000000,265.73000000
2021-10-24,43.92000000,43.92000000,43.50000000,43.69000000,344.07000000
2021-10-24,43.74000000,44.06000000,43.61000000,44.02000000,1181.08000000
2021-10-24,44.00000000,44.09000000,43.81000000,43.89000000,711.33000000
2021-10-24,43.81000000,43.89000000,43.71000000,43.81000000,205.39000000
2021-10-24,43.75000000,43.75000000,43.56000000,43.61000000,340.66000000
2021-10-24,43.74000000,43.74000000,43.50000000,43.50000000,407.26000000
2021-10-24,43.60000000,43.70000000,43.36000000,43.36000000,144.24000000
2021-10-24,43.42000000,43.68000000,43.35000000,43.65000000,181.60000000
2021-10-24,43.63000000,43.65000000,43.35000000,43.44000000,411.47000000
2021-10-24,43.43000000,43.74000000,43.43000000,43.71000000,187.10000000
2021-10-24,43.68000000,43.80000000,43.56000000,43.65000000,80.14000000
2021-10-24,43.66000000,44.84000000,43.60000000,44.82000000,1622.34000000
2021-10-24,44.85000000,46.46000000,44.09000000,44.44000000,21013.40000000
2021-10-24,44.43000000,44.99000000,44.29000000,44.92000000,1017.06000000
2021-10-24,44.86000000,45.35000000,44.73000000,44.88000000,1526.36000000
2021-10-24,44.94000000,47.15000000,44.27000000,46.80000000,9146.98000000
2021-10-24,46.91000000,48.44000000,44.50000000,44.50000000,28298.30000000
2021-10-24,44.50000000,45.58000000,44.40000000,44.50000000,14218.33000000
2021-10-24,44.56000000,44.60000000,44.04000000,44.10000000,1635.74000000
2021-10-24,44.10000000,44.16000000,43.33000000,43.40000000,1673.59000000
2021-10-24,43.33000000,43.57000000,43.06000000,43.51000000,1457.31000000
2021-10-24,43.52000000,43.75000000,43.10000000,43.10000000,1135.94000000
2021-10-24,43.10000000,43.18000000,43.02000000,43.09000000,678.23000000
2021-10-24,43.14000000,43.14000000,42.61000000,42.90000000,2406.05000000
2021-10-25,42.74000000,43.18000000,42.50000000,43.02000000,556.19000000
2021-10-25,43.00000000,43.26000000,42.92000000,43.23000000,1051.26000000
2021-10-25,43.14000000,43.22000000,42.69000000,42.83000000,1191.81000000
2021-10-25,42.88000000,43.09000000,42.79000000,42.99000000,289.72000000
2021-10-25,42.99000000,43.05000000,42.84000000,42.99000000,435.05000000
2021-10-25,43.11000000,43.14000000,42.90000000,42.92000000,282.22000000
2021-10-25,42.92000000,43.13000000,42.92000000,42.93000000,170.42000000
2021-10-25,42.97000000,43.04000000,42.89000000,42.92000000,174.73000000
2021-10-25,43.03000000,43.08000000,42.73000000,42.98000000,751.79000000
2021-10-25,42.98000000,43.16000000,42.87000000,42.98000000,357.32000000
2021-10-25,43.02000000,43.02000000,42.90000000,42.91000000,131.47000000
2021-10-25,42.97000000,43.02000000,42.80000000,42.90000000,394.54000000
2021-10-25,42.97000000,42.99000000,42.84000000,42.98000000,150.20000000
2021-10-25,42.98000000,43.12000000,42.85000000,43.09000000,379.35000000
2021-10-25,43.09000000,43.72000000,43.00000000,43.62000000,1244.29000000
2021-10-25,43.65000000,43.94000000,43.53000000,43.93000000,897.32000000
2021-10-25,43.93000000,44.14000000,43.79000000,44.00000000,700.54000000
2021-10-25,44.00000000,44.14000000,43.54000000,43.58000000,753.00000000
2021-10-25,43.54000000,43.55000000,43.24000000,43.35000000,328.95000000
2021-10-25,43.40000000,43.66000000,43.32000000,43.46000000,406.57000000
2021-10-25,43.46000000,43.75000000,43.25000000,43.34000000,590.55000000
2021-10-25,43.40000000,43.49000000,43.12000000,43.27000000,529.89000000
2021-10-25,43.29000000,43.36000000,43.10000000,43.32000000,762.91000000
2021-10-25,43.32000000,43.49000000,43.19000000,43.49000000,194.14000000
2021-10-26,43.49000000,43.58000000,43.25000000,43.35000000,461.29000000
2021-10-26,43.44000000,43.47000000,43.04000000,43.20000000,561.10000000
2021-10-26,43.11000000,43.20000000,43.07000000,43.14000000,331.69000000
2021-10-26,43.17000000,43.22000000,43.02000000,43.09000000,304.68000000
2021-10-26,43.08000000,43.22000000,43.00000000,43.00000000,472.84000000
2021-10-26,43.05000000,43.67000000,43.05000000,43.67000000,1297.21000000
2021-10-26,43.67000000,44.48000000,43.57000000,44.10000000,6847.57000000
2021-10-26,44.10000000,44.36000000,43.50000000,43.57000000,2033.84000000
2021-10-26,43.62000000,44.84000000,43.53000000,43.75000000,3088.44000000
2021-10-26,43.82000000,44.09000000,43.61000000,43.61000000,721.61000000
2021-10-26,43.71000000,44.49000000,43.60000000,44.35000000,1624.39000000
2021-10-26,44.18000000,46.59000000,43.96000000,44.36000000,19770.68000000
2021-10-26,44.38000000,44.42000000,43.71000000,43.73000000,2658.89000000
2021-10-26,43.76000000,44.20000000,43.72000000,43.96000000,1108.21000000
2021-10-26,43.89000000,44.06000000,43.79000000,43.85000000,1144.23000000
2021-10-26,43.83000000,44.17000000,42.99000000,43.79000000,4193.32000000
2021-10-26,43.79000000,44.03000000,43.77000000,43.87000000,1912.41000000
2021-10-26,43.87000000,43.97000000,43.47000000,43.68000000,2503.02000000
2021-10-26,43.78000000,43.88000000,43.65000000,43.69000000,1190.02000000
2021-10-26,43.80000000,43.84000000,43.55000000,43.66000000,565.42000000
2021-10-26,43.67000000,43.68000000,43.41000000,43.59000000,616.44000000
2021-10-26,43.60000000,43.60000000,43.35000000,43.48000000,900.42000000
2021-10-26,43.44000000,43.80000000,43.22000000,43.75000000,1499.41000000
2021-10-26,43.76000000,44.07000000,43.58000000,43.88000000,971.23000000
2021-10-27,44.00000000,44.06000000,43.30000000,43.66000000,887.46000000
2021-10-27,43.79000000,44.02000000,43.68000000,44.02000000,216.59000000
2021-10-27,43.91000000,44.01000000,43.67000000,43.82000000,447.91000000
2021-10-27,43.83000000,44.02000000,43.63000000,43.91000000,1691.56000000
2021-10-27,43.87000000,44.10000000,43.86000000,44.01000000,1225.98000000
2021-10-27,44.01000000,44.15000000,43.30000000,43.30000000,3299.07000000
2021-10-27,43.34000000,43.55000000,42.91000000,43.16000000,2495.38000000
2021-10-27,43.16000000,43.28000000,42.96000000,43.14000000,303.33000000
2021-10-27,43.21000000,43.52000000,43.08000000,43.44000000,383.67000000
2021-10-27,43.42000000,43.59000000,43.42000000,43.46000000,360.87000000
2021-10-27,43.52000000,43.56000000,43.45000000,43.51000000,207.34000000
2021-10-27,43.45000000,44.19000000,43.29000000,44.02000000,2986.04000000
2021-10-27,44.07000000,44.13000000,43.36000000,43.61000000,2916.85000000
2021-10-27,43.58000000,43.60000000,42.93000000,43.14000000,10091.40000000
2021-10-27,43.25000000,43.25000000,42.51000000,42.66000000,2724.40000000
2021-10-27,42.66000000,42.81000000,42.01000000,42.11000000,3997.49000000
2021-10-27,42.16000000,42.16000000,40.60000000,40.68000000,4083.84000000
2021-10-27,40.67000000,40.69000000,40.17000000,40.65000000,3577.05000000
2021-10-27,40.50000000,41.00000000,40.48000000,41.00000000,965.90000000
2021-10-27,41.09000000,41.30000000,40.65000000,40.72000000,936.97000000
2021-10-27,40.68000000,40.86000000,40.51000000,40.73000000,935.13000000
2021-10-27,40.84000000,41.16000000,40.76000000,40.99000000,2416.07000000
2021-10-27,40.98000000,41.79000000,40.98000000,41.75000000,4040.70000000
2021-10-27,41.75000000,41.96000000,41.50000000,41.75000000,3161.30000000
2021-10-28,41.76000000,41.88000000,41.20000000,41.35000000,638.77000000
2021-10-28,41.22000000,41.52000000,41.10000000,41.13000000,174.63000000
2021-10-28,41.13000000,41.27000000,40.95000000,40.95000000,298.50000000
2021-10-28,40.94000000,40.94000000,40.53000000,40.84000000,583.28000000
2021-10-28,40.84000000,41.10000000,40.57000000,40.68000000,332.59000000
2021-10-28,40.64000000,40.89000000,40.59000000,40.77000000,286.55000000
2021-10-28,40.68000000,40.73000000,40.51000000,40.61000000,320.64000000
2021-10-28,40.61000000,40.71000000,40.50000000,40.52000000,283.29000000
2021-10-28,40.58000000,40.82000000,40.40000000,40.49000000,566.70000000
2021-10-28,40.49000000,40.69000000,40.43000000,40.53000000,320.94000000
2021-10-28,40.53000000,40.65000000,40.38000000,40.54000000,277.28000000
2021-10-28,40.53000000,40.70000000,40.35000000,40.46000000,237.61000000
2021-10-28,40.45000000,40.61000000,40.33000000,40.39000000,335.05000000
2021-10-28,40.43000000,40.87000000,40.34000000,40.51000000,522.82000000
2021-10-28,40.57000000,40.70000000,40.13000000,40.32000000,1499.81000000
2021-10-28,40.38000000,40.49000000,40.27000000,40.38000000,307.77000000
2021-10-28,40.39000000,41.78000000,40.39000000,41.76000000,858.19000000
2021-10-28,41.80000000,41.80000000,41.27000000,41.51000000,524.22000000
2021-10-28,41.58000000,41.64000000,41.45000000,41.51000000,290.04000000
2021-10-28,41.57000000,41.57000000,41.26000000,41.33000000,224.48000000
2021-10-28,41.40000000,41.70000000,41.40000000,41.69000000,167.19000000
2021-10-28,41.70000000,42.09000000,41.56000000,41.81000000,5645.69000000
2021-10-28,41.81000000,42.05000000,41.51000000,42.02000000,3595.16000000
2021-10-28,41.95000000,42.05000000,41.45000000,41.45000000,545.02000000
2021-10-29,41.45000000,41.63000000,41.23000000,41.34000000,1400.34000000
2021-10-29,41.39000000,41.53000000,41.35000000,41.48000000,806.48000000
2021-10-29,41.46000000,41.52000000,40.40000000,41.24000000,2104.06000000
2021-10-29,41.19000000,41.88000000,40.65000000,41.88000000,1441.79000000
2021-10-29,41.89000000,42.24000000,41.62000000,41.81000000,619.51000000
2021-10-29,41.75000000,41.75000000,41.41000000,41.64000000,203.42000000
2021-10-29,41.64000000,41.65000000,41.37000000,41.40000000,94.98000000
2021-10-29,41.49000000,42.17000000,41.39000000,41.93000000,2000.05000000
2021-10-29,41.93000000,42.07000000,41.40000000,42.07000000,603.79000000
2021-10-29,41.96000000,42.50000000,41.96000000,42.42000000,402.44000000
2021-10-29,42.40000000,42.51000000,42.12000000,42.22000000,301.83000000
2021-10-29,42.30000000,42.31000000,42.06000000,42.26000000,224.14000000
2021-10-29,42.26000000,42.33000000,42.19000000,42.33000000,203.77000000
2021-10-29,42.34000000,42.34000000,41.62000000,41.90000000,360.39000000
2021-10-29,41.91000000,42.15000000,41.91000000,42.02000000,269.80000000
2021-10-29,42.01000000,42.14000000,41.51000000,41.67000000,265.32000000
2021-10-29,41.72000000,41.81000000,41.51000000,41.76000000,341.19000000
2021-10-29,41.76000000,42.03000000,41.68000000,41.87000000,567.39000000
2021-10-29,41.78000000,42.24000000,41.66000000,42.16000000,486.06000000
2021-10-29,42.20000000,42.20000000,41.80000000,42.15000000,235.19000000
2021-10-29,42.18000000,42.55000000,42.16000000,42.38000000,746.17000000
2021-10-29,42.37000000,42.65000000,42.29000000,42.60000000,882.19000000
2021-10-29,42.65000000,42.68000000,42.34000000,42.41000000,435.38000000
2021-10-29,42.41000000,42.79000000,42.41000000,42.75000000,458.79000000
2021-10-30,42.75000000,42.84000000,42.54000000,42.68000000,415.46000000
2021-10-30,42.66000000,42.81000000,42.57000000,42.63000000,382.81000000
2021-10-30,42.63000000,42.73000000,42.56000000,42.61000000,445.43000000
2021-10-30,42.60000000,42.66000000,42.35000000,42.49000000,278.74000000
2021-10-30,42.45000000,42.53000000,42.30000000,42.45000000,358.48000000
2021-10-30,42.45000000,42.49000000,42.33000000,42.33000000,133.60000000
2021-10-30,42.33000000,42.40000000,42.07000000,42.18000000,583.01000000
2021-10-30,42.26000000,42.26000000,41.91000000,42.00000000,391.83000000
2021-10-30,42.16000000,42.25000000,41.97000000,41.97000000,535.98000000
2021-10-30,42.07000000,42.26000000,41.99000000,42.08000000,260.29000000
2021-10-30,42.03000000,42.65000000,41.93000000,42.47000000,1122.02000000
2021-10-30,42.47000000,42.59000000,42.38000000,42.48000000,363.71000000
2021-10-30,42.41000000,42.47000000,42.34000000,42.34000000,32.09000000
2021-10-30,42.31000000,42.54000000,42.31000000,42.39000000,87.17000000
2021-10-30,42.36000000,42.55000000,42.32000000,42.55000000,127.96000000
2021-10-30,42.55000000,42.55000000,42.27000000,42.27000000,123.86000000
2021-10-30,42.30000000,42.39000000,42.15000000,42.15000000,317.08000000
2021-10-30,42.15000000,42.25000000,42.14000000,42.14000000,296.83000000
2021-10-30,42.16000000,42.19000000,42.03000000,42.15000000,386.19000000
2021-10-30,42.08000000,42.17000000,42.03000000,42.04000000,230.89000000
2021-10-30,42.00000000,42.00000000,41.69000000,41.82000000,1009.18000000
2021-10-30,41.75000000,42.18000000,41.54000000,41.80000000,720.69000000
2021-10-30,41.79000000,41.91000000,41.20000000,41.41000000,900.86000000
2021-10-30,41.41000000,41.89000000,41.39000000,41.84000000,416.51000000
2021-10-31,41.87000000,42.05000000,41.80000000,41.92000000,1313.04000000
2021-10-31,41.92000000,42.50000000,41.76000000,42.39000000,1852.27000000
2021-10-31,42.35000000,42.63000000,42.35000000,42.60000000,583.64000000
2021-10-31,42.61000000,42.87000000,42.47000000,42.84000000,1479.05000000
2021-10-31,42.84000000,43.03000000,42.60000000,43.01000000,766.49000000
2021-10-31,43.00000000,43.16000000,42.85000000,42.90000000,367.46000000
2021-10-31,42.96000000,43.04000000,42.47000000,42.51000000,384.23000000
2021-10-31,42.55000000,42.66000000,42.51000000,42.58000000,217.23000000
2021-10-31,42.66000000,42.82000000,42.60000000,42.75000000,286.90000000
2021-10-31,42.86000000,42.87000000,42.34000000,42.40000000,2632.97000000
2021-10-31,42.43000000,42.88000000,42.35000000,42.46000000,863.38000000
2021-10-31,42.51000000,42.57000000,42.35000000,42.42000000,340.70000000
2021-10-31,42.47000000,42.55000000,42.24000000,42.46000000,356.16000000
2021-10-31,42.43000000,42.58000000,42.22000000,42.53000000,537.51000000
2021-10-31,42.53000000,42.56000000,42.26000000,42.32000000,423.53000000
2021-10-31,42.35000000,42.87000000,42.27000000,42.87000000,1109.54000000
2021-10-31,42.87000000,42.98000000,42.60000000,42.95000000,1820.27000000
2021-10-31,42.96000000,43.06000000,42.64000000,42.88000000,919.33000000
2021-10-31,42.88000000,43.09000000,42.32000000,42.84000000,1101.81000000
2021-10-31,42.92000000,43.02000000,42.54000000,42.71000000,420.04000000
2021-10-31,42.77000000,43.11000000,42.70000000,42.73000000,805.00000000
2021-10-31,42.72000000,42.86000000,42.30000000,42.63000000,631.64000000
2021-10-31,42.64000000,42.83000000,42.49000000,42.63000000,604.12000000
2021-10-31,42.64000000,42.98000000,42.60000000,42.83000000,565.13000000
2021-11-01,42.83000000,42.94000000,42.48000000,42.94000000,784.55000000
2021-11-01,42.92000000,43.03000000,42.74000000,42.85000000,407.94000000
2021-11-01,43.00000000,43.18000000,42.82000000,42.90000000,669.77000000
2021-11-01,42.95000000,43.17000000,42.82000000,42.99000000,208.30000000
2021-11-01,43.03000000,43.20000000,43.03000000,43.08000000,266.48000000
2021-11-01,43.14000000,43.23000000,43.03000000,43.23000000,236.32000000
2021-11-01,43.20000000,43.30000000,43.13000000,43.16000000,90.06000000
2021-11-01,43.16000000,43.16000000,42.84000000,43.09000000,196.81000000
2021-11-01,43.09000000,43.22000000,42.98000000,43.15000000,327.46000000
2021-11-01,43.16000000,43.22000000,42.97000000,43.00000000,223.28000000
2021-11-01,42.97000000,43.03000000,42.37000000,42.56000000,577.69000000
2021-11-01,42.69000000,42.71000000,42.32000000,42.32000000,66.96000000
2021-11-01,42.31000000,42.63000000,42.26000000,42.59000000,261.27000000
2021-11-01,42.62000000,42.98000000,42.62000000,42.84000000,128.76000000
2021-11-01,42.82000000,42.91000000,42.63000000,42.90000000,59.85000000
2021-11-01,42.90000000,43.39000000,42.90000000,43.35000000,745.55000000
2021-11-01,43.35000000,43.44000000,43.08000000,43.24000000,196.72000000
2021-11-01,43.24000000,43.56000000,43.17000000,43.51000000,673.63000000
2021-11-01,43.52000000,43.95000000,43.46000000,43.90000000,1068.18000000
2021-11-01,43.90000000,43.95000000,43.61000000,43.61000000,449.10000000
2021-11-01,43.63000000,43.79000000,43.48000000,43.59000000,236.07000000
2021-11-01,43.52000000,43.87000000,43.51000000,43.67000000,439.38000000
2021-11-01,43.67000000,43.84000000,43.47000000,43.47000000,1855.34000000
2021-11-01,43.46000000,43.72000000,43.44000000,43.66000000,577.85000000
2021-11-02,43.69000000,43.80000000,43.43000000,43.43000000,318.18000000
2021-11-02,43.43000000,43.64000000,43.26000000,43.34000000,311.44000000
2021-11-02,43.41000000,43.57000000,43.30000000,43.52000000,262.99000000
2021-11-02,43.43000000,43.89000000,43.32000000,43.85000000,240.48000000
2021-11-02,43.84000000,43.97000000,43.56000000,43.65000000,1158.66000000
2021-11-02,43.65000000,43.88000000,43.60000000,43.66000000,272.07000000
2021-11-02,43.66000000,43.85000000,43.66000000,43.80000000,201.33000000
2021-11-02,43.80000000,43.98000000,43.75000000,43.79000000,484.49000000
2021-11-02,43.81000000,43.88000000,43.47000000,43.67000000,741.28000000
2021-11-02,43.73000000,43.99000000,43.67000000,43.87000000,430.96000000
2021-11-02,43.90000000,43.90000000,43.46000000,43.46000000,178.48000000
2021-11-02,43.46000000,43.64000000,43.46000000,43.63000000,167.03000000
2021-11-02,43.63000000,43.86000000,43.63000000,43.75000000,211.12000000
2021-11-02,43.87000000,43.92000000,43.64000000,43.84000000,82.89000000
2021-11-02,43.84000000,43.96000000,43.82000000,43.90000000,111.87000000
2021-11-02,43.90000000,43.94000000,43.70000000,43.70000000,89.43000000
2021-11-02,43.73000000,44.42000000,43.55000000,44.41000000,1949.12000000
2021-11-02,44.38000000,44.48000000,44.04000000,44.30000000,1120.56000000
2021-11-02,44.30000000,44.47000000,44.19000000,44.30000000,403.05000000
2021-11-02,44.34000000,44.56000000,44.27000000,44.53000000,562.67000000
2021-11-02,44.56000000,44.60000000,44.30000000,44.34000000,531.49000000
2021-11-02,44.38000000,44.66000000,44.27000000,44.50000000,1083.83000000
2021-11-02,44.61000000,44.72000000,44.41000000,44.67000000,893.06000000
2021-11-02,44.70000000,49.19000000,44.58000000,44.88000000,15871.39000000
2021-11-03,44.91000000,44.97000000,44.40000000,44.41000000,1030.89000000
2021-11-03,44.41000000,44.49000000,44.15000000,44.17000000,1074.10000000
2021-11-03,44.24000000,44.75000000,44.13000000,44.70000000,860.83000000
2021-11-03,44.70000000,45.12000000,44.59000000,45.09000000,1348.16000000
2021-11-03,45.08000000,45.38000000,44.67000000,44.67000000,1248.50000000
2021-11-03,44.63000000,44.63000000,44.09000000,44.09000000,1498.43000000
2021-11-03,44.18000000,44.37000000,44.07000000,44.26000000,966.82000000
2021-11-03,44.23000000,44.54000000,44.07000000,44.40000000,787.27000000
2021-11-03,44.47000000,45.20000000,44.14000000,45.20000000,1574.23000000
2021-11-03,45.14000000,45.30000000,44.38000000,44.45000000,701.89000000
2021-11-03,44.38000000,44.42000000,44.17000000,44.28000000,303.23000000
2021-11-03,44.28000000,44.83000000,44.28000000,44.78000000,489.80000000
2021-11-03,44.68000000,44.75000000,44.56000000,44.72000000,359.97000000
2021-11-03,44.75000000,44.78000000,44.60000000,44.64000000,363.14000000
2021-11-03,44.67000000,44.70000000,44.51000000,44.53000000,299.11000000
2021-11-03,44.50000000,44.90000000,44.46000000,44.83000000,1011.32000000
2021-11-03,44.80000000,44.85000000,44.56000000,44.66000000,135.95000000
2021-11-03,44.65000000,45.91000000,44.64000000,45.66000000,2914.29000000
2021-11-03,45.60000000,45.93000000,45.46000000,45.76000000,702.04000000
2021-11-03,45.70000000,45.85000000,45.07000000,45.19000000,737.36000000
2021-11-03,45.17000000,45.21000000,44.07000000,44.10000000,2279.11000000
2021-11-03,44.10000000,44.33000000,43.65000000,43.75000000,1383.51000000
2021-11-03,43.73000000,44.11000000,43.70000000,44.10000000,472.02000000
2021-11-03,44.05000000,44.37000000,43.97000000,44.37000000,540.45000000
2021-11-04,44.29000000,44.58000000,44.06000000,44.12000000,705.75000000
2021-11-04,44.12000000,45.46000000,44.12000000,44.89000000,2067.15000000
2021-11-04,44.84000000,45.80000000,44.11000000,45.80000000,2622.87000000
2021-11-04,45.82000000,45.90000000,45.29000000,45.55000000,640.62000000
2021-11-04,45.53000000,45.75000000,45.39000000,45.49000000,936.05000000
2021-11-04,45.51000000,45.69000000,45.39000000,45.51000000,482.99000000
2021-11-04,45.52000000,45.74000000,45.35000000,45.36000000,645.09000000
2021-11-04,45.55000000,45.60000000,45.10000000,45.27000000,683.95000000
2021-11-04,45.30000000,45.45000000,44.90000000,45.03000000,655.34000000
2021-11-04,45.09000000,45.33000000,44.96000000,44.98000000,456.57000000
2021-11-04,45.04000000,45.04000000,44.74000000,44.79000000,671.74000000
2021-11-04,44.79000000,44.86000000,44.70000000,44.86000000,330.69000000
2021-11-04,44.86000000,45.14000000,44.86000000,45.10000000,121.06000000
2021-11-04,45.06000000,45.07000000,44.75000000,44.81000000,424.03000000
2021-11-04,44.83000000,44.98000000,44.76000000,44.95000000,202.84000000
2021-11-04,44.85000000,45.04000000,44.53000000,44.54000000,780.55000000
2021-11-04,44.54000000,44.92000000,44.54000000,44.56000000,346.89000000
2021-11-04,44.55000000,44.80000000,44.21000000,44.78000000,537.95000000
2021-11-04,44.78000000,44.81000000,44.56000000,44.69000000,2512.76000000
2021-11-04,44.66000000,44.79000000,44.07000000,44.09000000,4136.92000000
2021-11-04,44.13000000,44.46000000,44.08000000,44.45000000,1177.24000000
2021-11-04,44.41000000,44.51000000,44.08000000,44.36000000,468.69000000
2021-11-04,44.44000000,44.80000000,44.43000000,44.43000000,431.24000000
2021-11-04,44.38000000,44.38000000,43.66000000,43.71000000,917.88000000
2021-11-05,43.72000000,43.80000000,43.49000000,43.67000000,968.36000000
2021-11-05,43.60000000,43.75000000,43.60000000,43.63000000,199.63000000
2021-11-05,43.62000000,43.83000000,43.44000000,43.60000000,405.39000000
2021-11-05,43.72000000,43.80000000,43.61000000,43.80000000,80.85000000
2021-11-05,43.74000000,43.85000000,43.66000000,43.81000000,192.07000000
2021-11-05,43.81000000,44.20000000,43.72000000,43.99000000,288.70000000
2021-11-05,44.05000000,44.35000000,44.05000000,44.31000000,118.90000000
2021-11-05,44.25000000,44.26000000,44.02000000,44.17000000,87.20000000
2021-11-05,44.17000000,44.25000000,43.82000000,43.82000000,173.10000000
2021-11-05,43.85000000,44.03000000,43.77000000,44.03000000,364.79000000
2021-11-05,44.13000000,44.29000000,44.10000000,44.26000000,270.53000000
2021-11-05,44.28000000,44.41000000,44.28000000,44.41000000,271.07000000
2021-11-05,44.41000000,44.63000000,44.34000000,44.63000000,465.84000000
2021-11-05,44.62000000,44.66000000,44.44000000,44.58000000,489.81000000
2021-11-05,44.67000000,44.91000000,44.66000000,44.90000000,400.45000000
2021-11-05,44.89000000,44.95000000,44.79000000,44.88000000,237.70000000
2021-11-05,44.89000000,44.95000000,44.74000000,44.93000000,249.95000000
2021-11-05,44.93000000,44.93000000,44.62000000,44.70000000,449.98000000
2021-11-05,44.69000000,44.89000000,44.69000000,44.73000000,308.85000000
2021-11-05,44.80000000,45.03000000,44.44000000,44.57000000,417.36000000
2021-11-05,44.49000000,44.65000000,44.20000000,44.32000000,1264.37000000
2021-11-05,44.32000000,44.61000000,44.32000000,44.51000000,685.39000000
2021-11-05,44.59000000,44.59000000,44.14000000,44.14000000,322.46000000
2021-11-05,44.21000000,44.21000000,43.86000000,43.91000000,908.13000000
2021-11-06,43.89000000,44.08000000,43.85000000,44.07000000,92.34000000
2021-11-06,44.06000000,44.13000000,43.94000000,44.12000000,325.39000000
2021-11-06,44.04000000,44.23000000,44.02000000,44.05000000,367.44000000
2021-11-06,44.05000000,44.28000000,44.03000000,44.08000000,458.38000000
2021-11-06,44.08000000,44.08000000,43.90000000,44.01000000,206.60000000
2021-11-06,43.97000000,44.44000000,43.94000000,44.37000000,359.17000000
2021-11-06,44.37000000,44.57000000,44.02000000,44.09000000,537.79000000
2021-11-06,44.14000000,44.38000000,44.01000000,44.38000000,169.87000000
2021-11-06,44.45000000,45.39000000,44.45000000,45.00000000,2076.21000000
2021-11-06,45.11000000,45.42000000,45.00000000,45.13000000,954.39000000
2021-11-06,45.16000000,45.90000000,45.16000000,45.79000000,1400.12000000
2021-11-06,45.89000000,45.99000000,45.32000000,45.39000000,1093.79000000
2021-11-06,45.47000000,45.99000000,45.47000000,45.90000000,972.32000000
2021-11-06,45.90000000,45.97000000,45.85000000,45.91000000,201.16000000
2021-11-06,45.91000000,45.97000000,45.77000000,45.97000000,666.14000000
2021-11-06,45.97000000,45.97000000,45.23000000,45.44000000,601.24000000
2021-11-06,45.56000000,45.78000000,45.44000000,45.65000000,225.99000000
2021-11-06,45.65000000,45.97000000,45.63000000,45.88000000,654.28000000
2021-11-06,45.85000000,46.06000000,45.69000000,45.99000000,1563.79000000
2021-11-06,45.99000000,46.08000000,44.67000000,44.67000000,2533.20000000
2021-11-06,44.66000000,45.04000000,44.66000000,44.77000000,595.66000000
2021-11-06,44.70000000,44.84000000,44.70000000,44.71000000,274.63000000
2021-11-06,44.79000000,44.94000000,44.71000000,44.80000000,200.01000000
2021-11-06,44.87000000,45.23000000,44.75000000,44.90000000,233.46000000
2021-11-07,44.87000000,45.01000000,44.86000000,44.96000000,95.65000000
2021-11-07,44.88000000,45.34000000,44.83000000,45.13000000,321.36000000
2021-11-07,45.05000000,46.02000000,45.05000000,45.70000000,1636.74000000
2021-11-07,45.73000000,46.39000000,45.46000000,45.59000000,2496.96000000
2021-11-07,45.59000000,46.22000000,45.46000000,46.01000000,2532.92000000
2021-11-07,46.02000000,46.19000000,45.80000000,45.80000000,438.94000000
2021-11-07,45.90000000,45.94000000,45.50000000,45.55000000,320.50000000
2021-11-07,45.55000000,45.56000000,45.31000000,45.44000000,526.95000000
2021-11-07,45.47000000,45.55000000,45.24000000,45.25000000,454.24000000
2021-11-07,45.31000000,45.54000000,45.18000000,45.23000000,327.53000000
2021-11-07,45.25000000,45.78000000,45.17000000,45.78000000,794.28000000
2021-11-07,45.79000000,45.85000000,45.63000000,45.85000000,283.29000000
2021-11-07,45.85000000,45.88000000,45.57000000,45.59000000,172.18000000
2021-11-07,45.59000000,45.65000000,45.37000000,45.37000000,240.58000000
2021-11-07,45.35000000,45.40000000,45.14000000,45.17000000,360.02000000
2021-11-07,45.13000000,45.27000000,45.07000000,45.11000000,292.53000000
2021-11-07,45.08000000,45.18000000,44.92000000,45.09000000,339.08000000
2021-11-07,45.07000000,45.16000000,44.86000000,44.96000000,806.98000000
2021-11-07,44.96000000,45.46000000,44.95000000,45.34000000,504.46000000
2021-11-07,45.36000000,45.45000000,45.21000000,45.30000000,469.61000000
2021-11-07,45.25000000,45.47000000,45.20000000,45.29000000,148.39000000
2021-11-07,45.27000000,45.27000000,44.98000000,45.11000000,427.50000000
2021-11-07,45.10000000,45.12000000,44.71000000,44.82000000,969.15000000
2021-11-07,44.82000000,44.95000000,44.76000000,44.83000000,277.54000000
2021-11-08,44.83000000,45.08000000,44.71000000,44.91000000,821.52000000
2021-11-08,44.90000000,44.97000000,44.63000000,44.80000000,617.41000000
2021-11-08,44.77000000,44.90000000,44.48000000,44.90000000,480.20000000
2021-11-08,44.88000000,45.03000000,44.80000000,44.83000000,206.30000000
2021-11-08,44.86000000,45.00000000,44.71000000,44.84000000,207.94000000
2021-11-08,44.92000000,45.08000000,44.83000000,44.97000000,227.89000000
2021-11-08,44.96000000,44.98000000,44.63000000,44.67000000,484.54000000
2021-11-08,44.62000000,44.83000000,44.59000000,44.83000000,642.19000000
2021-11-08,44.83000000,45.08000000,44.66000000,45.00000000,744.92000000
2021-11-08,45.02000000,45.90000000,44.98000000,45.60000000,2180.15000000
2021-11-08,45.65000000,46.29000000,45.47000000,45.77000000,12788.96000000
2021-11-08,45.78000000,45.80000000,45.35000000,45.80000000,608.10000000
2021-11-08,45.80000000,45.96000000,45.20000000,45.22000000,877.55000000
2021-11-08,45.21000000,45.75000000,45.09000000,45.61000000,725.70000000
2021-11-08,45.58000000,45.72000000,45.32000000,45.46000000,261.62000000
2021-11-08,45.46000000,45.51000000,45.30000000,45.51000000,636.95000000
2021-11-08,45.47000000,45.63000000,45.27000000,45.30000000,636.73000000
2021-11-08,45.29000000,45.38000000,45.20000000,45.23000000,357.65000000
2021-11-08,45.28000000,45.32000000,45.13000000,45.14000000,517.30000000
2021-11-08,45.14000000,45.28000000,44.84000000,45.23000000,1462.56000000
2021-11-08,45.23000000,45.25000000,44.99000000,44.99000000,248.13000000
2021-11-08,44.99000000,45.19000000,44.76000000,44.83000000,206.07000000
2021-11-08,44.74000000,44.98000000,44.72000000,44.80000000,441.95000000
2021-11-08,44.81000000,45.30000000,44.71000000,45.22000000,601.84000000
2021-11-09,45.31000000,45.43000000,45.17000000,45.35000000,653.11000000
2021-11-09,45.39000000,45.53000000,45.23000000,45.36000000,360.25000000
2021-11-09,45.32000000,45.52000000,45.32000000,45.46000000,204.43000000
2021-11-09,45.48000000,45.48000000,45.36000000,45.43000000,77.46000000
2021-11-09,45.43000000,45.43000000,45.04000000,45.25000000,356.21000000
2021-11-09,45.22000000,45.45000000,45.21000000,45.31000000,313.16000000
2021-11-09,45.31000000,45.73000000,45.30000000,45.62000000,530.78000000
2021-11-09,45.68000000,46.05000000,45.67000000,45.94000000,1079.10000000
2021-11-09,45.94000000,46.04000000,45.78000000,45.88000000,269.48000000
2021-11-09,45.84000000,45.84000000,45.44000000,45.60000000,346.57000000
2021-11-09,45.60000000,45.65000000,45.49000000,45.59000000,232.38000000
2021-11-09,45.61000000,45.86000000,45.55000000,45.86000000,527.33000000
2021-11-09,45.81000000,45.84000000,45.48000000,45.52000000,557.16000000
2021-11-09,45.52000000,45.99000000,45.49000000,45.95000000,675.21000000
2021-11-09,45.89000000,45.91000000,45.67000000,45.67000000,259.67000000
2021-11-09,45.67000000,46.08000000,45.65000000,45.83000000,653.78000000
2021-11-09,45.86000000,46.02000000,45.77000000,45.95000000,616.99000000
2021-11-09,45.97000000,46.10000000,45.85000000,45.99000000,568.82000000
2021-11-09,45.99000000,45.99000000,45.74000000,45.74000000,546.73000000
2021-11-09,45.73000000,45.83000000,45.56000000,45.68000000,964.32000000
2021-11-09,45.72000000,45.99000000,45.62000000,45.81000000,287.36000000
2021-11-09,45.81000000,46.19000000,45.78000000,46.08000000,788.90000000
2021-11-09,46.08000000,47.24000000,45.72000000,45.84000000,11288.42000000
2021-11-09,45.89000000,46.16000000,44.90000000,45.09000000,9806.55000000
2021-11-10,45.09000000,45.56000000,45.00000000,45.41000000,985.31000000
2021-11-10,45.44000000,45.76000000,45.24000000,45.71000000,424.36000000
2021-11-10,45.67000000,46.08000000,45.66000000,45.72000000,489.34000000
2021-11-10,45.68000000,45.78000000,45.37000000,45.55000000,296.40000000
2021-11-10,45.51000000,45.80000000,45.51000000,45.75000000,213.11000000
2021-11-10,45.70000000,45.83000000,45.53000000,45.72000000,281.24000000
2021-11-10,45.74000000,45.74000000,45.39000000,45.61000000,376.27000000
2021-11-10,45.59000000,45.73000000,45.29000000,45.33000000,165.44000000
2021-11-10,45.33000000,45.44000000,44.96000000,44.98000000,642.90000000
2021-11-10,45.00000000,45.26000000,44.96000000,45.24000000,549.06000000
2021-11-10,45.25000000,45.49000000,45.25000000,45.39000000,494.30000000
2021-11-10,45.40000000,45.40000000,44.61000000,44.61000000,1149.97000000
2021-11-10,44.61000000,44.87000000,44.47000000,44.87000000,576.33000000
2021-11-10,44.83000000,44.97000000,44.75000000,44.90000000,318.13000000
2021-11-10,44.91000000,45.09000000,44.89000000,45.02000000,361.01000000
2021-11-10,45.03000000,45.19000000,44.91000000,45.00000000,922.60000000
2021-11-10,45.00000000,45.13000000,44.85000000,44.99000000,464.98000000
2021-11-10,44.96000000,45.20000000,44.95000000,45.09000000,359.82000000
2021-11-10,45.18000000,45.61000000,45.08000000,45.41000000,1225.11000000
2021-11-10,45.45000000,45.59000000,45.33000000,45.54000000,635.88000000
2021-11-10,45.59000000,45.68000000,45.29000000,45.37000000,1288.32000000
2021-11-10,45.40000000,45.89000000,45.17000000,45.83000000,790.29000000
2021-11-10,45.86000000,46.02000000,45.57000000,45.60000000,844.55000000
2021-11-10,45.63000000,45.92000000,45.47000000,45.88000000,660.81000000
2021-11-11,45.80000000,45.99000000,45.75000000,45.89000000,178.07000000
2021-11-11,45.89000000,46.19000000,45.79000000,45.87000000,2270.36000000
2021-11-11,45.87000000,45.87000000,45.43000000,45.46000000,212.78000000
2021-11-11,45.51000000,45.65000000,44.66000000,44.66000000,823.77000000
2021-11-11,44.66000000,44.89000000,43.34000000,43.86000000,3317.10000000
2021-11-11,43.85000000,43.97000000,42.35000000,43.23000000,2641.02000000
2021-11-11,43.16000000,43.66000000,43.03000000,43.37000000,869.40000000
2021-11-11,43.33000000,43.38000000,42.88000000,43.19000000,602.40000000
2021-11-11,43.18000000,43.24000000,42.75000000,43.21000000,1494.23000000
2021-11-11,43.21000000,43.31000000,42.89000000,43.24000000,288.57000000
2021-11-11,43.24000000,43.24000000,42.68000000,43.21000000,467.44000000
2021-11-11,43.14000000,43.56000000,43.04000000,43.51000000,394.68000000
2021-11-11,43.54000000,43.57000000,43.35000000,43.46000000,257.55000000
2021-11-11,43.51000000,43.73000000,43.50000000,43.61000000,161.69000000
2021-11-11,43.66000000,43.80000000,43.61000000,43.76000000,236.58000000
2021-11-11,43.76000000,44.06000000,43.73000000,43.97000000,408.95000000
2021-11-11,43.97000000,44.05000000,43.57000000,44.05000000,872.00000000
2021-11-11,44.06000000,44.22000000,43.93000000,44.13000000,530.82000000
2021-11-11,44.13000000,44.28000000,44.04000000,44.18000000,512.02000000
2021-11-11,44.16000000,44.58000000,44.16000000,44.51000000,2830.49000000
2021-11-11,44.46000000,44.70000000,44.28000000,44.51000000,1170.06000000
2021-11-11,44.54000000,44.66000000,44.28000000,44.34000000,616.99000000
2021-11-11,44.36000000,45.08000000,44.26000000,45.02000000,915.09000000
2021-11-11,45.02000000,45.05000000,44.40000000,44.72000000,823.31000000
2021-11-12,44.72000000,44.72000000,44.25000000,44.32000000,1047.59000000
2021-11-12,44.31000000,44.68000000,44.29000000,44.47000000,199.78000000
2021-11-12,44.46000000,44.49000000,44.21000000,44.36000000,263.43000000
2021-11-12,44.36000000,44.52000000,44.36000000,44.52000000,165.83000000
2021-11-12,44.57000000,44.58000000,44.35000000,44.43000000,144.12000000
2021-11-12,44.36000000,44.52000000,44.24000000,44.50000000,394.51000000
2021-11-12,44.49000000,44.58000000,44.28000000,44.38000000,133.57000000
2021-11-12,44.36000000,44.43000000,44.07000000,44.13000000,372.10000000
2021-11-12,44.10000000,44.46000000,43.87000000,44.36000000,1208.51000000
2021-11-12,44.37000000,44.44000000,43.89000000,44.19000000,345.48000000
2021-11-12,44.22000000,44.52000000,44.06000000,44.14000000,261.33000000
2021-11-12,44.14000000,44.14000000,43.92000000,44.10000000,240.60000000
2021-11-12,44.13000000,44.41000000,44.08000000,44.41000000,51.52000000
2021-11-12,44.40000000,44.45000000,44.29000000,44.36000000,247.96000000
2021-11-12,44.36000000,44.49000000,43.71000000,43.73000000,862.79000000
2021-11-12,43.72000000,43.97000000,43.39000000,43.42000000,608.29000000
2021-11-12,43.49000000,43.72000000,43.32000000,43.66000000,341.68000000
2021-11-12,43.66000000,43.69000000,42.80000000,43.07000000,994.31000000
2021-11-12,42.98000000,43.34000000,42.33000000,42.37000000,2016.62000000
2021-11-12,42.36000000,42.99000000,42.36000000,42.79000000,447.17000000
2021-11-12,42.76000000,43.13000000,42.54000000,43.01000000,466.37000000
2021-11-12,42.99000000,43.06000000,42.67000000,43.00000000,196.30000000
2021-11-12,43.03000000,43.12000000,42.77000000,42.98000000,403.72000000
2021-11-12,42.98000000,42.98000000,42.60000000,42.77000000,390.47000000
2021-11-13,42.77000000,43.20000000,42.55000000,42.93000000,1321.18000000
2021-11-13,42.96000000,43.02000000,42.74000000,42.96000000,86.59000000
2021-11-13,43.04000000,43.32000000,42.94000000,43.16000000,239.31000000
2021-11-13,43.16000000,43.29000000,43.16000000,43.21000000,143.37000000
2021-11-13,43.21000000,43.60000000,43.20000000,43.40000000,262.71000000
2021-11-13,43.46000000,43.62000000,43.30000000,43.33000000,224.06000000
2021-11-13,43.44000000,43.44000000,43.20000000,43.25000000,409.43000000
2021-11-13,43.26000000,43.83000000,43.26000000,43.40000000,477.88000000
2021-11-13,43.46000000,43.83000000,43.46000000,43.66000000,167.69000000
2021-11-13,43.79000000,43.81000000,43.43000000,43.43000000,237.47000000
2021-11-13,43.43000000,43.48000000,43.20000000,43.36000000,537.38000000
2021-11-13,43.27000000,43.28000000,43.20000000,43.21000000,122.95000000
2021-11-13,43.20000000,43.30000000,43.20000000,43.20000000,180.32000000
2021-11-13,43.20000000,43.32000000,43.20000000,43.27000000,271.18000000
2021-11-13,43.23000000,43.44000000,43.20000000,43.33000000,198.75000000
2021-11-13,43.33000000,43.58000000,43.32000000,43.55000000,125.76000000
2021-11-13,43.47000000,43.53000000,43.36000000,43.36000000,66.85000000
2021-11-13,43.37000000,43.43000000,43.22000000,43.33000000,69.40000000
2021-11-13,43.35000000,43.40000000,43.25000000,43.40000000,225.09000000
2021-11-13,43.33000000,43.39000000,43.10000000,43.19000000,239.45000000
2021-11-13,43.19000000,43.24000000,42.73000000,42.80000000,225.73000000
2021-11-13,42.83000000,42.95000000,42.78000000,42.90000000,409.16000000
2021-11-13,42.89000000,43.31000000,42.89000000,43.17000000,402.97000000
2021-11-13,43.19000000,43.29000000,43.08000000,43.08000000,503.29000000
2021-11-14,43.19000000,43.25000000,42.97000000,43.08000000,389.57000000
2021-11-14,43.13000000,43.19000000,42.99000000,43.13000000,431.12000000
2021-11-14,43.15000000,43.23000000,42.98000000,43.11000000,318.82000000
2021-11-14,43.13000000,43.21000000,43.01000000,43.11000000,266.34000000
2021-11-14,43.21000000,43.35000000,43.17000000,43.26000000,305.76000000
2021-11-14,43.26000000,43.32000000,43.15000000,43.26000000,68.29000000
2021-11-14,43.26000000,43.34000000,43.09000000,43.14000000,189.58000000
2021-11-14,43.31000000,43.31000000,43.17000000,43.31000000,113.37000000
2021-11-14,43.23000000,43.71000000,43.23000000,43.55000000,381.03000000
2021-11-14,43.65000000,43.71000000,43.29000000,43.43000000,72.47000000
2021-11-14,43.52000000,43.57000000,43.40000000,43.57000000,39.89000000
2021-11-14,43.57000000,43.58000000,43.32000000,43.43000000,110.68000000
2021-11-14,43.50000000,43.81000000,43.50000000,43.73000000,252.39000000
2021-11-14,43.72000000,43.77000000,43.55000000,43.64000000,180.31000000
2021-11-14,43.60000000,43.89000000,43.58000000,43.83000000,455.16000000
2021-11-14,43.80000000,44.36000000,43.70000000,44.28000000,1540.01000000
2021-11-14,44.34000000,44.61000000,43.90000000,44.19000000,879.34000000
2021-11-14,44.19000000,44.46000000,44.12000000,44.27000000,534.70000000
2021-11-14,44.16000000,44.33000000,43.87000000,43.98000000,527.39000000
2021-11-14,43.87000000,44.04000000,43.83000000,43.92000000,205.44000000
2021-11-14,43.91000000,44.10000000,43.80000000,44.07000000,184.54000000
2021-11-14,44.01000000,44.16000000,43.98000000,44.03000000,72.10000000
2021-11-14,44.10000000,44.12000000,43.80000000,44.12000000,519.25000000
2021-11-14,44.06000000,44.29000000,43.88000000,44.19000000,195.67000000
2021-11-15,44.19000000,44.19000000,43.37000000,43.39000000,426.49000000
2021-11-15,43.44000000,43.56000000,43.30000000,43.54000000,352.19000000
2021-11-15,43.54000000,43.55000000,42.99000000,43.16000000,1139.62000000
2021-11-15,43.05000000,43.28000000,43.05000000,43.28000000,121.87000000
2021-11-15,43.33000000,43.41000000,43.06000000,43.33000000,1247.03000000
2021-11-15,43.29000000,43.56000000,43.29000000,43.40000000,273.67000000
2021-11-15,43.51000000,43.76000000,43.47000000,43.71000000,337.00000000
2021-11-15,43.71000000,44.86000000,43.66000000,43.75000000,2231.34000000
2021-11-15,43.75000000,44.09000000,43.72000000,43.72000000,531.02000000
2021-11-15,43.72000000,43.81000000,43.51000000,43.68000000,491.10000000
2021-11-15,43.75000000,43.76000000,43.47000000,43.65000000,335.86000000
2021-11-15,43.65000000,43.65000000,43.45000000,43.59000000,261.78000000
2021-11-15,43.61000000,43.76000000,43.55000000,43.55000000,299.18000000
2021-11-15,43.54000000,43.78000000,43.51000000,43.58000000,156.53000000
2021-11-15,43.58000000,43.99000000,43.55000000,43.97000000,500.49000000
2021-11-15,43.96000000,44.19000000,43.75000000,43.83000000,440.43000000
2021-11-15,43.81000000,44.16000000,43.67000000,43.80000000,694.02000000
2021-11-15,43.87000000,44.19000000,43.81000000,44.07000000,1281.29000000
2021-11-15,44.14000000,44.16000000,43.84000000,44.00000000,527.52000000
2021-11-15,44.00000000,44.03000000,43.90000000,43.97000000,419.62000000
2021-11-15,43.98000000,44.03000000,43.85000000,43.90000000,244.34000000
2021-11-15,43.86000000,43.97000000,43.77000000,43.87000000,288.85000000
2021-11-15,43.86000000,43.91000000,43.56000000,43.56000000,350.62000000
2021-11-15,43.65000000,44.13000000,43.47000000,44.08000000,766.64000000
2021-11-16,44.12000000,44.89000000,44.07000000,44.83000000,2442.64000000
2021-11-16,44.85000000,44.85000000,44.32000000,44.39000000,980.57000000
2021-11-16,44.32000000,44.36000000,44.14000000,44.18000000,420.24000000
2021-11-16,44.14000000,44.71000000,44.14000000,44.70000000,651.85000000
2021-11-16,44.68000000,44.89000000,44.63000000,44.75000000,728.41000000
2021-11-16,44.80000000,44.97000000,44.55000000,44.93000000,766.93000000
2021-11-16,44.91000000,44.94000000,44.34000000,44.56000000,842.99000000
2021-11-16,44.56000000,44.64000000,43.94000000,43.94000000,1291.73000000
2021-11-16,43.94000000,43.94000000,42.80000000,43.05000000,1889.94000000
2021-11-16,42.98000000,43.09000000,41.98000000,42.36000000,1567.48000000
2021-11-16,42.30000000,42.49000000,42.00000000,42.01000000,321.22000000
2021-11-16,42.01000000,42.40000000,41.88000000,42.00000000,2021.25000000
2021-11-16,42.00000000,42.42000000,41.80000000,42.28000000,1695.26000000
2021-11-16,42.17000000,42.52000000,42.00000000,42.06000000,681.70000000
2021-11-16,42.04000000,42.50000000,41.92000000,42.12000000,626.99000000
2021-11-16,42.16000000,42.51000000,41.82000000,42.35000000,760.09000000
2021-11-16,42.40000000,42.57000000,42.19000000,42.48000000,390.37000000
2021-11-16,42.47000000,42.72000000,42.00000000,42.00000000,747.52000000
2021-11-16,42.00000000,42.00000000,40.46000000,41.32000000,2891.15000000
2021-11-16,41.38000000,41.89000000,41.24000000,41.75000000,552.41000000
2021-11-16,41.79000000,41.81000000,40.93000000,40.97000000,660.37000000
2021-11-16,40.97000000,41.68000000,40.95000000,41.64000000,1226.30000000
2021-11-16,41.69000000,42.07000000,41.69000000,41.69000000,578.28000000
2021-11-16,41.78000000,41.82000000,41.35000000,41.43000000,211.42000000
2021-11-17,41.43000000,41.67000000,41.36000000,41.51000000,270.72000000
2021-11-17,41.51000000,41.52000000,41.10000000,41.21000000,276.00000000
2021-11-17,41.27000000,41.30000000,40.92000000,40.92000000,452.41000000
2021-11-17,40.90000000,41.29000000,40.84000000,41.02000000,339.47000000
2021-11-17,41.03000000,41.17000000,40.67000000,40.84000000,437.86000000
2021-11-17,40.87000000,41.49000000,40.81000000,41.29000000,479.59000000
2021-11-17,41.47000000,41.60000000,41.26000000,41.35000000,254.26000000
2021-11-17,41.35000000,41.35000000,40.75000000,40.75000000,165.05000000
2021-11-17,40.69000000,40.98000000,40.22000000,40.37000000,1857.06000000
2021-11-17,40.40000000,40.78000000,40.20000000,40.27000000,542.26000000
2021-11-17,40.32000000,40.35000000,39.71000000,39.81000000,3453.28000000
2021-11-17,39.81000000,39.99000000,39.20000000,39.53000000,3401.92000000
2021-11-17,39.45000000,40.00000000,39.06000000,39.54000000,1935.65000000
2021-11-17,39.51000000,39.86000000,39.48000000,39.67000000,391.08000000
2021-11-17,39.67000000,39.97000000,39.49000000,39.66000000,672.37000000
2021-11-17,39.75000000,40.02000000,39.39000000,39.73000000,1007.93000000
2021-11-17,39.68000000,39.93000000,39.62000000,39.67000000,915.19000000
2021-11-17,39.57000000,39.59000000,39.18000000,39.26000000,873.38000000
2021-11-17,39.26000000,40.56000000,39.24000000,40.46000000,2277.06000000
2021-11-17,40.41000000,40.51000000,40.30000000,40.48000000,197.46000000
2021-11-17,40.48000000,40.53000000,40.17000000,40.30000000,1231.13000000
2021-11-17,40.30000000,40.48000000,40.28000000,40.34000000,107.86000000
2021-11-17,40.34000000,40.43000000,39.69000000,39.73000000,572.74000000
2021-11-17,39.73000000,39.73000000,39.15000000,39.53000000,1233.96000000
2021-11-18,39.60000000,40.19000000,39.58000000,40.10000000,325.76000000
2021-11-18,40.13000000,40.20000000,39.96000000,39.98000000,255.98000000
2021-11-18,40.07000000,40.17000000,39.84000000,39.92000000,244.24000000
2021-11-18,39.92000000,40.07000000,39.72000000,39.79000000,264.07000000
2021-11-18,39.73000000,40.09000000,39.68000000,40.09000000,312.73000000
2021-11-18,40.04000000,40.21000000,39.70000000,40.21000000,504.51000000
2021-11-18,40.15000000,40.24000000,39.91000000,40.11000000,97.00000000
2021-11-18,40.05000000,40.59000000,40.05000000,40.52000000,270.89000000
2021-11-18,40.45000000,40.49000000,40.32000000,40.41000000,344.25000000
2021-11-18,40.41000000,40.59000000,40.17000000,40.50000000,461.86000000
2021-11-18,40.54000000,40.78000000,40.42000000,40.78000000,88.44000000
2021-11-18,40.77000000,40.82000000,40.31000000,40.32000000,220.69000000
2021-11-18,40.30000000,40.75000000,40.18000000,40.18000000,452.17000000
2021-11-18,40.26000000,40.26000000,39.93000000,40.05000000,119.28000000
2021-11-18,39.94000000,40.06000000,39.90000000,39.92000000,151.58000000
2021-11-18,39.97000000,40.03000000,39.88000000,40.03000000,128.15000000
2021-11-18,40.03000000,40.20000000,39.94000000,40.12000000,464.75000000
2021-11-18,40.12000000,40.21000000,39.84000000,40.10000000,438.88000000
2021-11-18,40.11000000,40.65000000,40.08000000,40.33000000,695.13000000
2021-11-18,40.33000000,40.37000000,39.92000000,40.21000000,574.33000000
2021-11-18,40.20000000,40.20000000,39.84000000,39.85000000,688.80000000
2021-11-18,39.86000000,40.11000000,39.69000000,39.99000000,564.05000000
2021-11-18,39.90000000,40.42000000,39.83000000,40.18000000,699.56000000
2021-11-18,40.25000000,40.56000000,39.42000000,39.69000000,1188.16000000
2021-11-19,39.73000000,39.84000000,39.00000000,39.02000000,520.93000000
2021-11-19,39.02000000,39.39000000,38.45000000,39.05000000,777.43000000
2021-11-19,39.05000000,39.76000000,39.05000000,39.62000000,395.68000000
2021-11-19,39.73000000,39.82000000,39.41000000,39.64000000,162.71000000
2021-11-19,39.66000000,39.82000000,39.39000000,39.81000000,259.92000000
2021-11-19,39.74000000,39.81000000,38.94000000,39.00000000,2376.40000000
2021-11-19,38.92000000,38.95000000,38.42000000,38.43000000,769.01000000
2021-11-19,38.41000000,38.56000000,38.33000000,38.47000000,310.38000000
2021-11-19,38.40000000,39.12000000,38.35000000,38.83000000,1188.93000000
2021-11-19,39.05000000,39.08000000,38.43000000,38.58000000,443.21000000
2021-11-19,38.51000000,38.98000000,38.30000000,38.35000000,866.32000000
2021-11-19,38.47000000,38.69000000,38.35000000,38.64000000,249.27000000
2021-11-19,38.64000000,38.76000000,38.38000000,38.76000000,1548.79000000
2021-11-19,38.70000000,38.72000000,38.26000000,38.53000000,1287.70000000
2021-11-19,38.47000000,38.57000000,38.36000000,38.38000000,175.48000000
2021-11-19,38.42000000,38.42000000,38.30000000,38.38000000,448.48000000
2021-11-19,38.30000000,39.05000000,38.30000000,38.90000000,629.91000000
2021-11-19,38.80000000,39.18000000,38.80000000,38.95000000,286.71000000
2021-11-19,38.97000000,39.03000000,38.60000000,38.80000000,378.66000000
2021-11-19,38.87000000,39.00000000,38.54000000,38.71000000,733.51000000
2021-11-19,38.64000000,38.92000000,38.64000000,38.67000000,188.57000000
2021-11-19,38.70000000,39.28000000,38.64000000,39.25000000,896.93000000
2021-11-19,39.26000000,39.60000000,39.24000000,39.53000000,432.25000000
2021-11-19,39.53000000,40.38000000,39.38000000,40.14000000,1137.53000000
2021-11-20,40.14000000,40.27000000,39.94000000,39.96000000,515.02000000
2021-11-20,40.01000000,40.02000000,39.80000000,39.80000000,879.49000000
2021-11-20,39.87000000,39.90000000,39.57000000,39.59000000,851.37000000
2021-11-20,39.62000000,39.99000000,39.57000000,39.89000000,400.98000000
2021-11-20,39.89000000,39.96000000,39.37000000,39.40000000,1367.70000000
2021-11-20,39.40000000,39.62000000,39.30000000,39.62000000,335.40000000
2021-11-20,39.53000000,39.53000000,39.21000000,39.27000000,525.32000000
2021-11-20,39.22000000,39.56000000,39.12000000,39.48000000,327.36000000
2021-11-20,39.52000000,39.88000000,39.52000000,39.78000000,112.83000000
2021-11-20,39.78000000,40.14000000,39.77000000,39.96000000,618.16000000
2021-11-20,40.01000000,40.07000000,39.95000000,39.99000000,216.14000000
2021-11-20,39.87000000,39.98000000,39.83000000,39.94000000,103.75000000
2021-11-20,39.87000000,40.00000000,39.81000000,40.00000000,78.07000000
2021-11-20,40.00000000,40.17000000,39.80000000,40.08000000,104.37000000
2021-11-20,40.08000000,40.45000000,40.00000000,40.24000000,312.97000000
2021-11-20,40.28000000,40.43000000,40.23000000,40.39000000,163.57000000
2021-11-20,40.41000000,40.49000000,40.26000000,40.41000000,297.49000000
2021-11-20,40.36000000,40.50000000,40.22000000,40.29000000,81.07000000
2021-11-20,40.23000000,40.52000000,40.22000000,40.26000000,243.35000000
2021-11-20,40.32000000,40.32000000,40.07000000,40.13000000,261.54000000
2021-11-20,40.15000000,40.29000000,40.00000000,40.03000000,135.85000000
2021-11-20,40.03000000,40.09000000,39.81000000,39.91000000,259.29000000
2021-11-20,39.83000000,40.02000000,39.74000000,39.86000000,72.08000000
2021-11-20,39.85000000,39.85000000,39.10000000,39.26000000,476.20000000
2021-11-21,39.34000000,39.35000000,39.09000000,39.35000000,404.15000000
2021-11-21,39.35000000,39.47000000,39.31000000,39.47000000,134.82000000
2021-11-21,39.54000000,40.54000000,39.54000000,40.53000000,879.11000000
2021-11-21,40.44000000,40.84000000,40.44000000,40.79000000,792.38000000
2021-11-21,40.84000000,40.93000000,40.62000000,40.82000000,232.07000000
2021-11-21,40.86000000,41.00000000,40.63000000,40.65000000,338.32000000
2021-11-21,40.69000000,40.76000000,40.46000000,40.58000000,425.48000000
2021-11-21,40.62000000,40.71000000,40.40000000,40.71000000,380.46000000
2021-11-21,40.58000000,40.62000000,40.27000000,40.43000000,353.38000000
2021-11-21,40.50000000,40.54000000,40.37000000,40.37000000,63.49000000
2021-11-21,40.40000000,40.40000000,40.07000000,40.22000000,196.54000000
2021-11-21,40.31000000,40.37000000,40.01000000,40.13000000,44.67000000
2021-11-21,40.03000000,40.27000000,40.02000000,40.13000000,474.87000000
2021-11-21,40.10000000,40.37000000,40.07000000,40.31000000,249.63000000
2021-11-21,40.32000000,40.39000000,40.17000000,40.28000000,371.61000000
2021-11-21,40.28000000,40.34000000,40.20000000,40.20000000,146.03000000
2021-11-21,40.20000000,41.40000000,40.20000000,41.31000000,2447.00000000
2021-11-21,41.31000000,41.63000000,41.22000000,41.37000000,717.68000000
2021-11-21,41.37000000,41.42000000,40.82000000,40.96000000,607.07000000
2021-11-21,40.99000000,41.60000000,40.84000000,41.19000000,1875.86000000
2021-11-21,41.30000000,41.47000000,41.07000000,41.20000000,522.49000000
2021-11-21,41.19000000,41.38000000,41.03000000,41.11000000,225.60000000
2021-11-21,41.02000000,41.11000000,40.68000000,40.85000000,1016.63000000
2021-11-21,40.98000000,41.94000000,40.97000000,41.71000000,1605.07000000
2021-11-22,41.58000000,41.97000000,41.56000000,41.97000000,419.06000000
2021-11-22,41.82000000,42.00000000,41.74000000,41.85000000,313.02000000
2021-11-22,41.82000000,41.92000000,41.65000000,41.79000000,44.52000000
2021-11-22,41.73000000,41.79000000,41.40000000,41.40000000,253.97000000
2021-11-22,41.51000000,42.47000000,41.51000000,41.89000000,2042.94000000
2021-11-22,41.92000000,42.30000000,41.60000000,41.86000000,1119.34000000
2021-11-22,41.80000000,42.20000000,41.49000000,41.57000000,705.11000000
2021-11-22,41.57000000,41.57000000,41.05000000,41.17000000,711.69000000
2021-11-22,41.18000000,41.18000000,40.56000000,40.70000000,371.40000000
2021-11-22,40.59000000,40.61000000,40.20000000,40.51000000,431.28000000
2021-11-22,40.52000000,40.57000000,40.20000000,40.21000000,271.48000000
2021-11-22,40.21000000,40.55000000,40.20000000,40.36000000,1068.43000000
2021-11-22,40.31000000,40.37000000,40.20000000,40.20000000,197.92000000
2021-11-22,40.20000000,40.45000000,40.10000000,40.31000000,237.41000000
2021-11-22,40.45000000,40.74000000,40.35000000,40.74000000,471.39000000
2021-11-22,40.79000000,40.93000000,40.23000000,40.23000000,1064.26000000
2021-11-22,40.20000000,40.30000000,40.11000000,40.28000000,1051.29000000
2021-11-22,40.28000000,40.47000000,40.21000000,40.21000000,258.15000000
2021-11-22,40.15000000,40.40000000,40.07000000,40.40000000,135.99000000
2021-11-22,40.45000000,40.46000000,40.01000000,40.01000000,885.29000000
2021-11-22,40.01000000,40.52000000,39.95000000,40.13000000,431.27000000
2021-11-22,40.00000000,40.83000000,39.80000000,40.70000000,2079.79000000
2021-11-22,40.60000000,41.49000000,40.37000000,40.93000000,3698.52000000
2021-11-22,40.96000000,43.70000000,40.00000000,40.84000000,20718.71000000
2021-11-23,40.84000000,41.00000000,40.51000000,40.80000000,381.85000000
2021-11-23,40.80000000,41.02000000,40.45000000,40.50000000,592.19000000
2021-11-23,40.51000000,40.78000000,39.99000000,40.00000000,1292.76000000
2021-11-23,39.96000000,40.12000000,39.70000000,39.71000000,1977.36000000
2021-11-23,39.71000000,39.83000000,38.97000000,39.32000000,2082.92000000
2021-11-23,39.27000000,39.56000000,39.07000000,39.45000000,585.82000000
2021-11-23,39.44000000,39.80000000,39.36000000,39.80000000,254.17000000
2021-11-23,39.70000000,39.78000000,39.49000000,39.49000000,412.65000000
2021-11-23,39.59000000,39.83000000,39.47000000,39.63000000,744.74000000
2021-11-23,39.73000000,40.02000000,39.67000000,39.99000000,408.15000000
2021-11-23,39.90000000,40.00000000,39.75000000,39.87000000,150.00000000
2021-11-23,39.87000000,40.00000000,39.77000000,39.77000000,139.16000000
2021-11-23,39.80000000,39.91000000,39.75000000,39.76000000,322.67000000
2021-11-23,39.76000000,39.76000000,39.55000000,39.61000000,171.22000000
2021-11-23,39.58000000,39.61000000,39.44000000,39.59000000,343.58000000
2021-11-23,39.58000000,39.58000000,39.18000000,39.25000000,572.10000000
2021-11-23,39.33000000,39.41000000,38.81000000,39.13000000,1783.46000000
2021-11-23,39.19000000,39.70000000,38.63000000,39.17000000,881.34000000
2021-11-23,39.21000000,39.74000000,38.97000000,39.17000000,651.00000000
2021-11-23,39.21000000,39.21000000,38.81000000,38.89000000,681.87000000
2021-11-23,38.89000000,39.05000000,38.85000000,38.98000000,199.17000000
2021-11-23,38.93000000,39.31000000,38.93000000,39.25000000,277.70000000
2021-11-23,39.31000000,39.78000000,39.29000000,39.77000000,678.48000000
2021-11-23,39.77000000,40.03000000,39.58000000,39.61000000,440.23000000
2021-11-24,39.60000000,39.89000000,39.60000000,39.84000000,1078.48000000
2021-11-24,39.81000000,40.17000000,39.81000000,39.83000000,500.00000000
2021-11-24,39.86000000,40.10000000,39.75000000,40.10000000,501.28000000
2021-11-24,40.00000000,40.24000000,39.95000000,40.09000000,212.38000000
2021-11-24,40.17000000,40.17000000,39.97000000,40.16000000,43.66000000
2021-11-24,40.06000000,40.14000000,39.79000000,39.83000000,315.82000000
2021-11-24,39.89000000,40.07000000,39.68000000,39.68000000,173.64000000
2021-11-24,39.83000000,39.83000000,39.72000000,39.79000000,165.61000000
2021-11-24,39.81000000,40.22000000,39.81000000,40.02000000,162.77000000
2021-11-24,39.99000000,40.21000000,39.80000000,40.12000000,599.29000000
2021-11-24,39.94000000,40.14000000,39.66000000,39.77000000,314.06000000
2021-11-24,39.64000000,39.95000000,39.64000000,39.73000000,74.65000000
2021-11-24,39.77000000,39.77000000,39.63000000,39.77000000,164.85000000
2021-11-24,39.78000000,39.98000000,39.72000000,39.72000000,83.64000000
2021-11-24,39.79000000,39.87000000,39.47000000,39.87000000,627.54000000
2021-11-24,39.85000000,40.12000000,39.70000000,40.03000000,243.20000000
2021-11-24,40.03000000,41.35000000,39.95000000,40.04000000,8754.48000000
2021-11-24,40.05000000,40.40000000,39.95000000,40.17000000,384.08000000
2021-11-24,40.10000000,40.32000000,39.91000000,40.14000000,556.12000000
2021-11-24,40.11000000,40.74000000,40.05000000,40.66000000,451.48000000
2021-11-24,40.64000000,40.65000000,40.25000000,40.27000000,915.36000000
2021-11-24,40.35000000,40.50000000,40.02000000,40.02000000,740.94000000
2021-11-24,40.02000000,40.07000000,39.24000000,39.52000000,1196.87000000
2021-11-24,39.54000000,40.48000000,39.54000000,40.37000000,498.12000000
2021-11-25,40.24000000,40.48000000,40.12000000,40.33000000,451.00000000
2021-11-25,40.33000000,40.44000000,39.81000000,39.86000000,1595.84000000
2021-11-25,39.85000000,40.36000000,39.85000000,40.19000000,675.91000000
2021-11-25,40.23000000,40.23000000,39.74000000,39.83000000,183.64000000
2021-11-25,39.79000000,40.12000000,39.47000000,40.00000000,1124.60000000
2021-11-25,40.12000000,40.42000000,40.11000000,40.26000000,662.58000000
2021-11-25,40.18000000,40.22000000,39.81000000,39.98000000,603.99000000
2021-11-25,39.98000000,40.07000000,39.82000000,39.93000000,278.43000000
2021-11-25,39.98000000,39.98000000,39.62000000,39.92000000,496.32000000
2021-11-25,39.95000000,40.22000000,39.63000000,39.71000000,1010.49000000
2021-11-25,39.71000000,39.79000000,39.63000000,39.79000000,314.67000000
2021-11-25,39.79000000,39.90000000,39.69000000,39.90000000,421.31000000
2021-11-25,39.90000000,39.90000000,39.69000000,39.69000000,383.45000000
2021-11-25,39.69000000,39.79000000,39.52000000,39.52000000,504.23000000
2021-11-25,39.58000000,39.73000000,39.53000000,39.68000000,403.33000000
2021-11-25,39.62000000,39.71000000,39.53000000,39.57000000,406.55000000
2021-11-25,39.57000000,39.63000000,39.45000000,39.55000000,237.69000000
2021-11-25,39.55000000,39.80000000,39.36000000,39.79000000,450.35000000
2021-11-25,39.85000000,40.37000000,39.77000000,40.33000000,1530.10000000
2021-11-25,40.33000000,40.35000000,40.14000000,40.18000000,391.23000000
2021-11-25,40.30000000,40.31000000,40.15000000,40.18000000,484.30000000
2021-11-25,40.28000000,40.30000000,39.95000000,40.06000000,632.12000000
2021-11-25,40.06000000,40.45000000,40.03000000,40.37000000,357.30000000
2021-11-25,40.34000000,40.68000000,40.34000000,40.67000000,451.44000000
2021-11-26,40.67000000,40.77000000,40.39000000,40.70000000,345.40000000
2021-11-26,40.75000000,41.09000000,40.59000000,40.96000000,1346.10000000
2021-11-26,40.95000000,41.74000000,40.74000000,41.16000000,1213.79000000
2021-11-26,41.14000000,41.35000000,40.59000000,40.82000000,1026.52000000
2021-11-26,40.76000000,41.03000000,40.76000000,40.91000000,312.99000000
2021-11-26,40.91000000,41.05000000,40.88000000,40.95000000,102.73000000
2021-11-26,41.00000000,41.25000000,40.79000000,41.16000000,562.54000000
2021-11-26,41.16000000,41.42000000,41.11000000,41.23000000,264.70000000
2021-11-26,41.27000000,41.31000000,40.92000000,41.03000000,278.57000000
2021-11-26,41.03000000,41.26000000,41.00000000,41.05000000,157.87000000
2021-11-26,41.05000000,41.05000000,40.72000000,40.72000000,139.22000000
2021-11-26,40.72000000,40.72000000,40.54000000,40.64000000,369.60000000
2021-11-26,40.60000000,40.80000000,40.57000000,40.60000000,259.15000000
2021-11-26,40.59000000,40.62000000,40.47000000,40.59000000,123.79000000
2021-11-26,40.68000000,40.68000000,40.15000000,40.15000000,1191.79000000
2021-11-26,40.14000000,40.39000000,39.78000000,39.83000000,494.87000000
2021-11-26,39.84000000,39.84000000,38.40000000,38.91000000,1963.29000000
2021-11-26,38.93000000,38.99000000,38.30000000,38.31000000,1458.77000000
2021-11-26,38.31000000,38.39000000,37.01000000,37.68000000,6861.92000000
2021-11-26,37.66000000,37.78000000,37.37000000,37.37000000,929.70000000
2021-11-26,37.31000000,38.16000000,37.10000000,38.03000000,1891.45000000
2021-11-26,38.02000000,38.66000000,37.97000000,38.49000000,985.09000000
2021-11-26,38.43000000,38.66000000,38.13000000,38.24000000,603.53000000
2021-11-26,38.19000000,38.24000000,37.73000000,37.81000000,265.39000000
2021-11-27,37.75000000,38.25000000,37.50000000,38.25000000,723.86000000
2021-11-27,38.10000000,38.42000000,38.02000000,38.07000000,206.30000000
2021-11-27,38.11000000,38.14000000,37.81000000,38.08000000,157.62000000
2021-11-27,38.05000000,38.38000000,37.96000000,38.38000000,291.97000000
2021-11-27,38.33000000,38.54000000,38.17000000,38.42000000,94.62000000
2021-11-27,38.49000000,38.59000000,38.19000000,38.19000000,172.79000000
2021-11-27,38.13000000,38.47000000,37.94000000,38.13000000,61.59000000
2021-11-27,38.13000000,38.15000000,37.54000000,37.82000000,232.90000000
2021-11-27,37.72000000,38.29000000,37.63000000,38.29000000,607.93000000
2021-11-27,38.28000000,38.64000000,38.17000000,38.64000000,280.13000000
2021-11-27,38.64000000,38.82000000,38.54000000,38.76000000,297.49000000
2021-11-27,38.75000000,38.79000000,38.57000000,38.57000000,125.12000000
2021-11-27,38.60000000,38.83000000,38.49000000,38.83000000,159.09000000
2021-11-27,38.86000000,39.18000000,38.72000000,38.97000000,360.38000000
2021-11-27,38.87000000,38.91000000,38.68000000,38.85000000,206.32000000
2021-11-27,38.82000000,38.97000000,38.74000000,38.84000000,321.70000000
2021-11-27,38.93000000,40.00000000,38.92000000,39.98000000,1447.50000000
2021-11-27,40.00000000,40.50000000,39.68000000,39.88000000,705.28000000
2021-11-27,39.88000000,40.21000000,39.54000000,39.96000000,368.62000000
2021-11-27,40.04000000,40.12000000,39.65000000,39.66000000,80.63000000
2021-11-27,39.65000000,39.89000000,39.59000000,39.77000000,85.14000000
2021-11-27,39.70000000,40.29000000,39.70000000,40.08000000,259.66000000
2021-11-27,39.99000000,40.38000000,39.94000000,39.99000000,294.63000000
2021-11-27,39.99000000,40.19000000,39.82000000,40.19000000,71.58000000
2021-11-28,40.22000000,40.41000000,39.68000000,39.90000000,1277.33000000
2021-11-28,39.84000000,40.34000000,39.83000000,40.08000000,782.60000000
2021-11-28,40.11000000,40.21000000,39.92000000,40.21000000,231.76000000
2021-11-28,40.17000000,40.20000000,40.02000000,40.12000000,54.18000000
2021-11-28,40.12000000,40.22000000,39.23000000,39.49000000,415.15000000
2021-11-28,39.42000000,39.56000000,39.27000000,39.56000000,408.70000000
2021-11-28,39.59000000,39.86000000,39.56000000,39.67000000,95.17000000
2021-11-28,39.67000000,39.77000000,39.05000000,39.24000000,806.01000000
2021-11-28,39.30000000,39.38000000,39.05000000,39.38000000,155.98000000
2021-11-28,39.35000000,39.90000000,39.05000000,39.05000000,455.08000000
2021-11-28,39.01000000,39.04000000,38.45000000,38.70000000,362.96000000
2021-11-28,38.74000000,39.09000000,38.69000000,38.80000000,200.02000000
2021-11-28,38.91000000,39.14000000,38.77000000,39.13000000,172.25000000
2021-11-28,39.13000000,39.45000000,39.04000000,39.41000000,169.67000000
2021-11-28,39.43000000,39.46000000,39.23000000,39.43000000,31.29000000
2021-11-28,39.33000000,39.69000000,39.23000000,39.29000000,2269.67000000
2021-11-28,39.32000000,39.47000000,38.17000000,38.24000000,4411.56000000
2021-11-28,38.25000000,38.27000000,37.91000000,38.08000000,533.99000000
2021-11-28,38.06000000,38.56000000,37.98000000,38.44000000,979.94000000
2021-11-28,38.50000000,38.52000000,38.12000000,38.12000000,130.51000000
2021-11-28,38.18000000,38.71000000,38.00000000,38.37000000,1163.74000000
2021-11-28,38.34000000,38.36000000,38.22000000,38.29000000,214.34000000
2021-11-28,38.21000000,38.48000000,38.09000000,38.48000000,389.02000000
2021-11-28,38.49000000,38.56000000,38.27000000,38.27000000,120.11000000
2021-11-29,38.21000000,39.58000000,38.17000000,39.02000000,3647.57000000
2021-11-29,39.13000000,39.21000000,38.74000000,38.85000000,211.48000000
2021-11-29,38.95000000,38.98000000,38.48000000,38.64000000,511.10000000
2021-11-29,38.72000000,39.23000000,38.72000000,39.22000000,135.81000000
2021-11-29,39.08000000,39.33000000,38.99000000,39.14000000,738.45000000
2021-11-29,39.16000000,39.56000000,38.98000000,39.25000000,715.83000000
2021-11-29,39.37000000,39.63000000,39.30000000,39.36000000,383.24000000
2021-11-29,39.26000000,39.97000000,39.22000000,39.80000000,1777.55000000
2021-11-29,39.92000000,40.10000000,39.75000000,39.96000000,762.76000000
2021-11-29,39.98000000,40.11000000,39.74000000,39.76000000,68.41000000
2021-11-29,39.91000000,39.91000000,39.64000000,39.64000000,78.69000000
2021-11-29,39.60000000,39.69000000,39.49000000,39.58000000,99.05000000
2021-11-29,39.73000000,39.83000000,39.17000000,39.35000000,1195.87000000
2021-11-29,39.32000000,39.44000000,39.28000000,39.40000000,463.68000000
2021-11-29,39.41000000,39.60000000,39.29000000,39.38000000,637.58000000
2021-11-29,39.43000000,40.46000000,39.43000000,40.30000000,1964.34000000
2021-11-29,40.29000000,40.41000000,39.91000000,40.02000000,1735.89000000
2021-11-29,40.02000000,40.17000000,39.70000000,39.71000000,576.13000000
2021-11-29,39.82000000,40.16000000,39.71000000,39.90000000,383.13000000
2021-11-29,39.90000000,40.03000000,39.75000000,39.93000000,344.74000000
2021-11-29,39.93000000,40.01000000,39.90000000,40.01000000,112.82000000
2021-11-29,40.01000000,40.39000000,40.01000000,40.39000000,90.58000000
2021-11-29,40.28000000,40.42000000,40.17000000,40.25000000,66.60000000
2021-11-29,40.24000000,40.25000000,39.77000000,39.87000000,383.91000000
2021-11-30,39.86000000,39.90000000,39.70000000,39.84000000,344.41000000
2021-11-30,39.90000000,41.10000000,39.90000000,41.01000000,1694.55000000
2021-11-30,40.96000000,41.17000000,40.76000000,41.03000000,671.69000000
2021-11-30,40.99000000,41.16000000,40.73000000,40.87000000,933.45000000
2021-11-30,40.87000000,41.17000000,40.87000000,41.05000000,315.56000000
2021-11-30,41.05000000,41.17000000,41.00000000,41.00000000,123.84000000
2021-11-30,40.96000000,41.09000000,40.85000000,40.85000000,253.48000000
2021-11-30,40.80000000,40.83000000,40.68000000,40.69000000,393.60000000
2021-11-30,40.64000000,40.64000000,40.16000000,40.28000000,1165.32000000
2021-11-30,40.35000000,40.35000000,40.00000000,40.07000000,326.44000000
2021-11-30,40.17000000,40.35000000,40.11000000,40.25000000,64.67000000
2021-11-30,40.18000000,40.18000000,39.62000000,39.68000000,211.30000000
2021-11-30,39.64000000,40.78000000,39.64000000,40.22000000,1137.34000000
2021-11-30,40.17000000,40.17000000,39.67000000,39.81000000,200.58000000
2021-11-30,39.68000000,40.15000000,39.49000000,40.06000000,341.27000000
2021-11-30,40.24000000,40.41000000,39.71000000,39.74000000,618.35000000
2021-11-30,39.74000000,40.02000000,39.36000000,39.49000000,2074.40000000
2021-11-30,39.49000000,39.70000000,39.20000000,39.65000000,3184.32000000
2021-11-30,39.55000000,39.85000000,39.41000000,39.85000000,617.27000000
2021-11-30,39.75000000,40.59000000,39.64000000,40.58000000,1994.13000000
2021-11-30,40.58000000,40.75000000,40.38000000,40.48000000,505.95000000
2021-11-30,40.36000000,40.81000000,40.30000000,40.74000000,265.48000000
2021-11-30,40.76000000,40.93000000,40.73000000,40.89000000,247.92000000
2021-11-30,40.79000000,41.17000000,40.50000000,40.50000000,913.98000000
2021-12-01,40.43000000,40.43000000,39.69000000,39.69000000,610.92000000
2021-12-01,39.69000000,40.24000000,39.65000000,40.09000000,452.52000000
2021-12-01,40.12000000,40.48000000,39.99000000,40.32000000,157.94000000
2021-12-01,40.32000000,40.45000000,40.02000000,40.17000000,485.66000000
2021-12-01,40.32000000,40.32000000,39.99000000,40.14000000,63.19000000
2021-12-01,40.19000000,40.37000000,39.94000000,39.94000000,168.27000000
2021-12-01,40.00000000,40.20000000,39.94000000,40.08000000,136.54000000
2021-12-01,40.13000000,40.13000000,39.74000000,39.88000000,316.38000000
2021-12-01,39.81000000,40.29000000,39.81000000,40.29000000,161.80000000
2021-12-01,40.30000000,40.33000000,40.08000000,40.11000000,85.86000000
2021-12-01,40.07000000,40.07000000,39.95000000,40.00000000,149.81000000
2021-12-01,40.03000000,40.54000000,40.03000000,40.54000000,357.38000000
2021-12-01,40.56000000,40.58000000,40.17000000,40.18000000,397.64000000
2021-12-01,40.17000000,40.22000000,39.97000000,40.06000000,618.43000000
2021-12-01,39.97000000,40.03000000,39.82000000,40.02000000,440.40000000
2021-12-01,39.94000000,40.40000000,39.94000000,40.21000000,336.69000000
2021-12-01,40.26000000,40.39000000,39.82000000,39.90000000,302.13000000
2021-12-01,39.89000000,40.48000000,39.84000000,40.48000000,893.55000000
2021-12-01,40.41000000,40.48000000,39.82000000,39.82000000,435.33000000
2021-12-01,39.80000000,40.65000000,39.56000000,40.26000000,871.48000000
2021-12-01,40.20000000,40.20000000,39.95000000,40.04000000,353.67000000
2021-12-01,40.07000000,40.52000000,40.00000000,40.05000000,1572.42000000
2021-12-01,40.07000000,41.85000000,40.06000000,41.62000000,1866.57000000
2021-12-01,41.77000000,42.00000000,41.00000000,41.18000000,1123.87000000
2021-12-02,41.18000000,41.21000000,40.83000000,40.83000000,123.83000000
2021-12-02,40.90000000,40.99000000,40.44000000,40.44000000,397.40000000
2021-12-02,40.43000000,40.50000000,40.33000000,40.33000000,171.04000000
2021-12-02,40.33000000,40.42000000,39.59000000,40.01000000,1802.90000000
2021-12-02,40.01000000,40.01000000,39.58000000,39.58000000,611.42000000
2021-12-02,39.58000000,39.66000000,39.40000000,39.53000000,174.94000000
2021-12-02,39.67000000,39.76000000,39.49000000,39.56000000,156.98000000
2021-12-02,39.62000000,40.04000000,39.55000000,39.59000000,282.54000000
2021-12-02,39.54000000,39.60000000,39.12000000,39.12000000,387.39000000
2021-12-02,39.18000000,39.57000000,39.18000000,39.49000000,125.54000000
2021-12-02,39.57000000,39.60000000,39.26000000,39.60000000,57.85000000
2021-12-02,39.55000000,39.55000000,38.40000000,38.74000000,1339.60000000
2021-12-02,38.86000000,39.88000000,38.86000000,39.56000000,10092.17000000
2021-12-02,39.56000000,39.73000000,39.34000000,39.73000000,109.21000000
2021-12-02,39.70000000,39.74000000,39.48000000,39.62000000,43.97000000
2021-12-02,39.58000000,40.37000000,39.58000000,40.00000000,415.25000000
2021-12-02,39.96000000,40.24000000,39.93000000,40.06000000,192.11000000
2021-12-02,40.02000000,40.09000000,39.75000000,40.06000000,351.46000000
2021-12-02,40.01000000,40.09000000,39.74000000,39.85000000,173.95000000
2021-12-02,39.75000000,40.52000000,39.65000000,40.35000000,34328.98000000
2021-12-02,40.26000000,40.38000000,39.63000000,40.13000000,677.84000000
2021-12-02,40.16000000,40.20000000,39.72000000,39.89000000,522.94000000
2021-12-02,39.93000000,40.95000000,39.89000000,40.93000000,7996.93000000
2021-12-02,40.80000000,41.16000000,39.90000000,40.13000000,1372.03000000
2021-12-03,40.30000000,40.76000000,40.24000000,40.67000000,744.07000000
2021-12-03,40.65000000,40.94000000,40.45000000,40.50000000,819.39000000
2021-12-03,40.50000000,41.11000000,40.36000000,40.69000000,1339.45000000
2021-12-03,40.72000000,41.14000000,40.54000000,40.71000000,883.33000000
2021-12-03,40.80000000,41.08000000,40.66000000,40.78000000,599.51000000
2021-12-03,40.86000000,40.89000000,40.53000000,40.82000000,291.04000000
2021-12-03,40.73000000,40.74000000,40.40000000,40.48000000,287.26000000
2021-12-03,40.48000000,40.58000000,40.22000000,40.33000000,294.37000000
2021-12-03,40.33000000,41.54000000,40.33000000,40.87000000,2530.63000000
2021-12-03,40.91000000,41.45000000,40.91000000,41.22000000,864.52000000
2021-12-03,41.16000000,41.57000000,41.15000000,41.40000000,600.88000000
2021-12-03,41.43000000,41.44000000,41.04000000,41.07000000,440.30000000
2021-12-03,41.10000000,41.48000000,41.06000000,41.19000000,1043.21000000
2021-12-03,41.19000000,41.52000000,41.12000000,41.21000000,478.46000000
2021-12-03,41.22000000,41.80000000,41.22000000,41.69000000,729.51000000
2021-12-03,41.70000000,41.99000000,41.70000000,41.95000000,903.76000000
2021-12-03,41.98000000,42.49000000,41.61000000,42.27000000,1893.22000000
2021-12-03,42.32000000,42.82000000,42.07000000,42.76000000,1609.07000000
2021-12-03,42.81000000,42.83000000,42.21000000,42.53000000,1450.61000000
2021-12-03,42.58000000,46.52000000,42.51000000,43.73000000,26867.01000000
2021-12-03,43.62000000,45.15000000,43.00000000,44.26000000,12575.76000000
2021-12-03,44.13000000,44.33000000,43.30000000,43.46000000,3527.14000000
2021-12-03,43.48000000,44.14000000,42.90000000,42.99000000,3171.04000000
2021-12-03,43.10000000,43.81000000,42.54000000,42.63000000,3376.13000000
2021-12-04,42.60000000,42.68000000,41.50000000,42.26000000,2009.09000000
2021-12-04,42.25000000,42.25000000,41.64000000,41.87000000,2214.75000000
2021-12-04,41.88000000,42.15000000,41.85000000,42.12000000,558.74000000
2021-12-04,42.11000000,42.24000000,40.84000000,40.95000000,2194.44000000
2021-12-04,40.88000000,41.39000000,40.10000000,40.61000000,2277.59000000
2021-12-04,40.52000000,41.16000000,40.52000000,40.74000000,753.92000000
2021-12-04,40.62000000,40.78000000,40.23000000,40.42000000,484.27000000
2021-12-04,40.39000000,40.57000000,40.10000000,40.11000000,1242.73000000
2021-12-04,40.30000000,40.62000000,40.06000000,40.11000000,2055.30000000
2021-12-04,40.10000000,40.18000000,39.06000000,39.24000000,1910.19000000
2021-12-04,39.25000000,39.39000000,39.09000000,39.39000000,386.79000000
2021-12-04,39.41000000,42.09000000,39.37000000,40.92000000,4886.87000000
2021-12-04,40.89000000,41.01000000,38.05000000,38.49000000,3818.10000000
2021-12-04,38.38000000,38.38000000,34.24000000,35.07000000,7483.83700000
2021-12-04,35.12000000,35.87000000,34.93000000,35.23000000,3151.81000000
2021-12-04,35.34000000,35.70000000,35.06000000,35.50000000,1718.50000000
2021-12-04,35.59000000,36.67000000,35.55000000,36.51000000,843.71000000
2021-12-04,36.63000000,38.61000000,36.51000000,37.67000000,2698.34000000
2021-12-04,37.67000000,37.83000000,35.72000000,35.90000000,1967.83000000
2021-12-04,35.90000000,35.91000000,35.48000000,35.71000000,847.05000000
2021-12-04,35.71000000,37.09000000,35.56000000,37.08000000,1142.47000000
2021-12-04,37.08000000,38.82000000,37.07000000,38.82000000,2354.80000000
2021-12-04,38.69000000,39.67000000,37.43000000,38.24000000,4779.05000000
2021-12-04,38.27000000,38.70000000,37.37000000,37.64000000,2162.43000000
2021-12-05,37.54000000,38.37000000,37.50000000,37.64000000,2883.38000000
2021-12-05,37.65000000,37.76000000,37.52000000,37.75000000,218.24000000
2021-12-05,37.67000000,37.76000000,37.07000000,37.46000000,1228.12000000
2021-12-05,37.43000000,37.77000000,37.34000000,37.53000000,986.69000000
2021-12-05,37.51000000,38.08000000,37.43000000,37.43000000,386.73000000
2021-12-05,37.40000000,37.40000000,36.93000000,37.05000000,711.31000000
2021-12-05,37.05000000,37.59000000,37.05000000,37.59000000,184.43000000
2021-12-05,37.46000000,37.93000000,37.27000000,37.64000000,366.51000000
2021-12-05,37.72000000,37.86000000,37.08000000,37.58000000,331.00000000
2021-12-05,37.57000000,37.67000000,37.46000000,37.46000000,93.20000000
2021-12-05,37.43000000,37.69000000,37.39000000,37.67000000,261.67000000
2021-12-05,37.57000000,37.72000000,37.39000000,37.60000000,391.38000000
2021-12-05,37.57000000,37.93000000,37.50000000,37.93000000,532.31000000
2021-12-05,37.80000000,38.50000000,37.80000000,38.42000000,579.62000000
2021-12-05,38.34000000,38.40000000,38.11000000,38.40000000,433.35000000
2021-12-05,38.33000000,38.43000000,38.13000000,38.14000000,442.19000000
2021-12-05,38.22000000,38.30000000,38.07000000,38.16000000,253.13000000
2021-12-05,38.22000000,38.23000000,37.38000000,37.45000000,1669.56000000
2021-12-05,37.45000000,37.61000000,37.37000000,37.44000000,579.69000000
2021-12-05,37.34000000,37.78000000,37.33000000,37.60000000,743.21000000
2021-12-05,37.49000000,37.76000000,37.46000000,37.54000000,469.99000000
2021-12-05,37.54000000,37.57000000,37.08000000,37.11000000,2154.52000000
2021-12-05,37.11000000,37.16000000,36.09000000,36.15000000,1748.85000000
2021-12-05,36.19000000,37.45000000,35.37000000,35.53000000,1916.46000000
2021-12-06,35.53000000,36.59000000,35.53000000,36.55000000,464.82000000
2021-12-06,36.56000000,37.43000000,36.39000000,37.24000000,951.91000000
2021-12-06,37.24000000,37.53000000,37.08000000,37.52000000,283.09000000
2021-12-06,37.52000000,37.54000000,36.68000000,36.70000000,548.87000000
2021-12-06,36.70000000,36.80000000,36.40000000,36.69000000,235.19000000
2021-12-06,36.62000000,36.65000000,36.30000000,36.54000000,142.67000000
2021-12-06,36.46000000,36.50000000,36.10000000,36.24000000,149.80000000
2021-12-06,36.24000000,36.74000000,36.20000000,36.42000000,541.73000000
2021-12-06,36.61000000,45.06000000,35.78000000,40.97000000,74113.55000000
2021-12-06,40.90000000,43.06000000,38.31000000,38.92000000,21012.64000000
2021-12-06,38.87000000,39.04000000,38.13000000,38.31000000,5565.67000000
2021-12-06,38.23000000,38.34000000,37.46000000,37.46000000,2892.66000000
2021-12-06,37.43000000,37.80000000,37.02000000,37.25000000,2588.87000000
2021-12-06,37.13000000,37.40000000,36.43000000,36.46000000,1684.71000000
2021-12-06,36.46000000,37.13000000,36.39000000,36.40000000,2692.33000000
2021-12-06,36.40000000,36.44000000,35.45000000,35.72000000,1843.96000000
2021-12-06,35.72000000,36.59000000,35.32000000,35.64000000,3563.76000000
2021-12-06,35.64000000,35.67000000,34.36000000,34.42000000,2027.45000000
2021-12-06,34.50000000,35.06000000,34.25000000,34.42000000,1794.83000000
2021-12-06,34.42000000,34.92000000,33.36000000,34.91000000,2361.95400000
2021-12-06,34.89000000,35.34000000,34.43000000,34.50000000,3287.41000000
2021-12-06,34.62000000,34.98000000,33.45000000,33.95000000,1826.34000000
2021-12-06,33.89000000,35.16000000,33.66000000,34.33000000,2373.16000000
2021-12-06,34.32000000,34.97000000,34.18000000,34.88000000,368.18000000
2021-12-07,34.95000000,35.95000000,34.85000000,35.95000000,1168.98000000
2021-12-07,35.82000000,36.00000000,35.78000000,35.85000000,339.13000000
2021-12-07,35.85000000,36.00000000,35.78000000,35.89000000,496.09000000
2021-12-07,35.90000000,35.90000000,35.48000000,35.70000000,452.78000000
2021-12-07,35.62000000,35.65000000,35.32000000,35.35000000,284.26000000
2021-12-07,35.31000000,35.99000000,35.30000000,35.83000000,916.38000000
2021-12-07,35.81000000,36.69000000,35.76000000,36.37000000,1759.57000000
2021-12-07,36.46000000,36.62000000,36.25000000,36.25000000,478.40000000
2021-12-07,36.25000000,37.15000000,36.00000000,36.93000000,11535.58000000
2021-12-07,36.96000000,37.43000000,36.61000000,36.66000000,967.22000000
2021-12-07,36.63000000,36.68000000,36.06000000,36.12000000,523.82000000
2021-12-07,36.11000000,36.50000000,35.99000000,36.43000000,1306.82000000
2021-12-07,36.43000000,36.76000000,36.37000000,36.38000000,226.32000000
2021-12-07,36.37000000,36.62000000,36.37000000,36.49000000,790.36000000
2021-12-07,36.55000000,36.78000000,36.54000000,36.64000000,553.69000000
2021-12-07,36.70000000,36.82000000,36.50000000,36.73000000,942.03000000
2021-12-07,36.73000000,36.99000000,36.71000000,36.98000000,551.58000000
2021-12-07,36.98000000,37.19000000,36.76000000,36.76000000,798.27000000
2021-12-07,36.80000000,36.80000000,36.27000000,36.47000000,1611.01000000
2021-12-07,36.50000000,36.78000000,36.50000000,36.60000000,421.01000000
2021-12-07,36.61000000,36.61000000,35.69000000,36.00000000,2110.12000000
2021-12-07,36.00000000,36.10000000,35.89000000,35.99000000,530.95000000
2021-12-07,35.98000000,36.18000000,35.95000000,36.15000000,723.31000000
2021-12-07,36.13000000,36.30000000,36.02000000,36.27000000,713.37000000
2021-12-08,36.26000000,36.26000000,35.93000000,36.20000000,485.37000000
2021-12-08,36.26000000,36.44000000,35.72000000,35.93000000,620.27000000
2021-12-08,35.95000000,36.19000000,35.95000000,36.03000000,395.62000000
2021-12-08,35.98000000,36.05000000,35.81000000,36.05000000,92.39000000
2021-12-08,35.98000000,35.98000000,35.33000000,35.42000000,513.18000000
2021-12-08,35.40000000,35.54000000,34.89000000,35.15000000,2173.59000000
2021-12-08,35.14000000,35.25000000,34.82000000,34.82000000,447.43000000
2021-12-08,34.79000000,35.03000000,34.79000000,35.01000000,170.40000000
2021-12-08,35.06000000,35.28000000,34.79000000,35.20000000,558.26000000
2021-12-08,35.29000000,35.42000000,35.11000000,35.15000000,207.80000000
2021-12-08,35.13000000,35.85000000,35.13000000,35.13000000,6134.04000000
2021-12-08,35.08000000,35.20000000,34.85000000,34.89000000,282.58000000
2021-12-08,34.87000000,35.17000000,34.83000000,35.04000000,157.30000000
2021-12-08,35.11000000,35.33000000,35.06000000,35.32000000,75.76000000
2021-12-08,35.24000000,35.48000000,35.23000000,35.44000000,228.13000000
2021-12-08,35.45000000,35.45000000,35.19000000,35.19000000,522.18000000
2021-12-08,35.19000000,35.95000000,35.10000000,35.84000000,2110.88000000
2021-12-08,35.81000000,36.20000000,35.50000000,35.60000000,1217.39000000
2021-12-08,35.51000000,35.51000000,34.47000000,34.60000000,653.20000000
2021-12-08,34.48000000,34.60000000,34.07000000,34.39000000,701.33000000
2021-12-08,34.41000000,35.25000000,34.07000000,35.10000000,924.29000000
2021-12-08,35.08000000,35.37000000,34.80000000,34.80000000,444.12000000
2021-12-08,34.70000000,35.93000000,34.67000000,35.79000000,700.95000000
2021-12-08,35.87000000,36.00000000,35.69000000,35.93000000,338.99000000
2021-12-09,35.92000000,35.93000000,35.44000000,35.56000000,94.93000000
2021-12-09,35.66000000,36.01000000,35.51000000,35.68000000,839.79000000
2021-12-09,35.65000000,35.72000000,35.42000000,35.67000000,246.57000000
2021-12-09,35.67000000,35.81000000,35.58000000,35.58000000,80.22000000
2021-12-09,35.54000000,35.80000000,35.53000000,35.80000000,59.40000000
2021-12-09,35.69000000,37.00000000,35.65000000,35.86000000,1145.74000000
2021-12-09,35.96000000,36.19000000,35.69000000,35.80000000,251.44000000
2021-12-09,35.92000000,35.99000000,35.75000000,35.78000000,135.19000000
2021-12-09,35.89000000,36.02000000,35.49000000,35.59000000,470.52000000
2021-12-09,35.55000000,35.60000000,35.46000000,35.51000000,300.40000000
2021-12-09,35.44000000,36.52000000,34.95000000,35.00000000,3679.04000000
2021-12-09,34.99000000,35.09000000,34.83000000,34.86000000,222.13000000
2021-12-09,34.79000000,35.34000000,34.69000000,35.34000000,430.40000000
2021-12-09,35.38000000,36.34000000,35.38000000,36.32000000,1186.34000000
2021-12-09,36.33000000,36.42000000,36.06000000,36.07000000,820.37000000
2021-12-09,36.09000000,36.88000000,35.68000000,36.71000000,867.81000000
2021-12-09,36.76000000,37.90000000,36.63000000,37.30000000,5652.50000000
2021-12-09,37.30000000,39.41000000,36.88000000,37.64000000,6932.70000000
2021-12-09,37.66000000,38.00000000,36.09000000,36.69000000,5034.08000000
2021-12-09,36.68000000,37.89000000,36.33000000,37.00000000,2869.05000000
2021-12-09,37.01000000,37.11000000,36.46000000,36.97000000,806.07000000
2021-12-09,36.97000000,36.97000000,36.18000000,36.20000000,754.64000000
2021-12-09,36.27000000,36.31000000,35.17000000,35.17000000,642.35000000
2021-12-09,35.22000000,35.24000000,34.73000000,34.90000000,720.87000000
2021-12-10,34.90000000,35.21000000,34.75000000,34.85000000,1385.56000000
2021-12-10,34.88000000,35.08000000,34.70000000,34.70000000,319.28000000
2021-12-10,34.75000000,35.11000000,34.64000000,34.92000000,2153.28000000
2021-12-10,34.94000000,35.41000000,34.74000000,34.90000000,1052.82000000
2021-12-10,34.98000000,35.02000000,34.70000000,34.94000000,279.72000000
2021-12-10,34.94000000,34.97000000,34.70000000,34.94000000,518.71000000
2021-12-10,34.81000000,35.16000000,34.81000000,35.10000000,211.59000000
2021-12-10,35.00000000,35.16000000,34.42000000,34.51000000,802.70000000
2021-12-10,34.51000000,34.80000000,33.80000000,34.15000000,1701.44000000
2021-12-10,34.21000000,34.55000000,34.00000000,34.54000000,645.17000000
2021-12-10,34.43000000,34.60000000,34.24000000,34.26000000,481.63000000
2021-12-10,34.26000000,34.72000000,34.17000000,34.65000000,542.04000000
2021-12-10,34.70000000,34.71000000,34.57000000,34.57000000,199.61000000
2021-12-10,34.60000000,35.04000000,34.52000000,34.76000000,242.78000000
2021-12-10,34.70000000,34.70000000,34.37000000,34.55000000,1032.78000000
2021-12-10,34.61000000,34.61000000,33.84000000,33.84000000,197.43000000
2021-12-10,33.94000000,34.23000000,33.83000000,34.23000000,182.32000000
2021-12-10,34.16000000,34.39000000,34.09000000,34.39000000,163.94000000
2021-12-10,34.44000000,35.24000000,34.01000000,34.01000000,3114.68000000
2021-12-10,34.09000000,34.45000000,34.09000000,34.37000000,391.75000000
2021-12-10,34.44000000,34.84000000,34.44000000,34.72000000,628.11000000
2021-12-10,34.68000000,35.24000000,34.51000000,34.95000000,509.48000000
2021-12-10,35.00000000,35.09000000,34.04000000,34.06000000,1256.09000000
2021-12-10,34.15000000,34.35000000,33.71000000,34.34000000,1289.86000000
2021-12-11,34.28000000,34.30000000,33.00000000,33.18000000,3313.06000000
2021-12-11,33.19000000,33.86000000,33.18000000,33.85000000,548.41000000
2021-12-11,33.79000000,34.01000000,33.50000000,33.53000000,933.60000000
2021-12-11,33.49000000,33.64000000,33.13000000,33.64000000,487.76000000
2021-12-11,33.58000000,34.00000000,33.54000000,33.91000000,273.55000000
2021-12-11,33.85000000,33.99000000,33.53000000,33.60000000,51.57000000
2021-12-11,33.57000000,33.79000000,33.35000000,33.38000000,138.42000000
2021-12-11,33.23000000,33.49000000,33.00000000,33.07000000,227.37000000
2021-12-11,33.04000000,33.52000000,33.00000000,33.45000000,962.76000000
2021-12-11,33.53000000,33.98000000,33.45000000,33.75000000,145.84000000
2021-12-11,33.83000000,33.90000000,33.75000000,33.90000000,24.40000000
2021-12-11,33.83000000,33.92000000,33.83000000,33.87000000,2.28000000
2021-12-11,33.87000000,33.96000000,33.86000000,33.96000000,12.67000000
2021-12-11,33.96000000,33.96000000,33.89000000,33.89000000,6.22000000
2021-12-11,33.86000000,34.28000000,33.86000000,33.92000000,648.41000000
2021-12-11,33.83000000,34.40000000,33.40000000,34.20000000,685.28000000
2021-12-11,34.27000000,34.43000000,33.90000000,33.91000000,670.65000000
2021-12-11,34.02000000,34.22000000,33.95000000,34.20000000,479.19000000
2021-12-11,34.14000000,34.44000000,34.14000000,34.35000000,608.15000000
2021-12-11,34.43000000,34.43000000,33.77000000,33.87000000,1351.94000000
2021-12-11,33.85000000,34.01000000,33.83000000,33.97000000,139.97000000
2021-12-11,34.02000000,34.38000000,33.93000000,34.05000000,524.17000000
2021-12-11,33.99000000,34.35000000,33.92000000,34.07000000,903.16000000
2021-12-11,34.04000000,34.09000000,33.97000000,34.02000000,499.16000000
2021-12-12,34.04000000,34.40000000,34.01000000,34.23000000,359.53000000
2021-12-12,34.23000000,34.23000000,34.00000000,34.04000000,144.14000000
2021-12-12,34.00000000,34.23000000,33.28000000,34.10000000,3335.49000000
2021-12-12,34.10000000,34.10000000,33.73000000,33.80000000,111.54000000
2021-12-12,33.71000000,34.48000000,33.70000000,34.37000000,678.84000000
2021-12-12,34.40000000,34.46000000,34.17000000,34.42000000,285.12000000
2021-12-12,34.41000000,34.58000000,34.21000000,34.29000000,1370.07000000
2021-12-12,34.36000000,34.54000000,34.31000000,34.35000000,223.68000000
2021-12-12,34.41000000,34.41000000,33.89000000,33.97000000,453.44000000
2021-12-12,33.97000000,34.62000000,33.68000000,33.84000000,2995.26000000
2021-12-12,33.85000000,34.04000000,33.81000000,33.95000000,432.05000000
2021-12-12,33.84000000,34.22000000,33.80000000,34.22000000,474.88000000
2021-12-12,34.13000000,34.15000000,33.52000000,33.61000000,381.97000000
2021-12-12,33.52000000,34.01000000,33.52000000,33.77000000,118.45000000
2021-12-12,33.77000000,34.01000000,33.71000000,33.90000000,72.90000000
2021-12-12,33.89000000,33.91000000,33.73000000,33.81000000,267.33000000
2021-12-12,33.83000000,33.99000000,33.82000000,33.89000000,315.06000000
2021-12-12,33.83000000,33.90000000,33.65000000,33.67000000,118.51000000
2021-12-12,33.73000000,33.73000000,33.59000000,33.59000000,218.08000000
2021-12-12,33.60000000,34.03000000,33.28000000,33.81000000,896.45000000
2021-12-12,33.80000000,34.03000000,33.70000000,33.98000000,609.45000000
2021-12-12,33.88000000,34.03000000,33.84000000,34.03000000,107.59000000
2021-12-12,34.00000000,34.08000000,33.85000000,34.00000000,212.12000000
2021-12-12,34.06000000,34.19000000,34.00000000,34.10000000,127.00000000
2021-12-13,33.99000000,33.99000000,33.89000000,33.98000000,68.91000000
2021-12-13,34.23000000,34.36000000,33.93000000,34.28000000,468.18000000
2021-12-13,34.30000000,34.47000000,34.30000000,34.40000000,194.03000000
2021-12-13,34.38000000,34.42000000,34.13000000,34.19000000,166.34000000
2021-12-13,34.26000000,34.31000000,34.18000000,34.19000000,111.96000000
2021-12-13,34.18000000,34.25000000,34.06000000,34.06000000,50.01000000
2021-12-13,34.06000000,34.24000000,34.02000000,34.24000000,188.39000000
2021-12-13,34.25000000,34.29000000,33.96000000,34.07000000,600.43000000
2021-12-13,34.03000000,34.06000000,33.83000000,33.87000000,186.29000000
2021-12-13,33.79000000,34.66000000,33.32000000,33.88000000,2134.93000000
2021-12-13,33.73000000,34.55000000,33.52000000,34.39000000,784.23000000
2021-12-13,34.39000000,34.61000000,34.34000000,34.41000000,246.33000000
2021-12-13,34.55000000,34.80000000,33.82000000,33.91000000,871.34000000
2021-12-13,33.90000000,33.93000000,33.56000000,33.79000000,302.19000000
2021-12-13,33.79000000,33.79000000,33.01000000,33.01000000,330.70000000
2021-12-13,33.01000000,33.19000000,33.00000000,33.19000000,284.02000000
2021-12-13,33.19000000,33.43000000,32.97000000,33.43000000,34.15000000
2021-12-13,33.22000000,33.22000000,32.98000000,33.12000000,130.46000000
2021-12-13,33.10000000,33.34000000,33.10000000,33.29000000,30.32000000
2021-12-13,33.35000000,33.96000000,33.35000000,33.54000000,1408.96000000
2021-12-13,33.52000000,33.53000000,33.29000000,33.42000000,163.83000000
2021-12-13,33.34000000,33.34000000,33.01000000,33.23000000,315.30000000
2021-12-13,33.23000000,33.23000000,32.29000000,32.34000000,1212.63100000
2021-12-13,32.29000000,32.29000000,31.56000000,31.58000000,862.50000000
2021-12-14,31.65000000,33.64000000,31.59000000,33.12000000,1153.10000000
2021-12-14,33.04000000,33.08000000,32.42000000,32.64000000,665.95000000
2021-12-14,32.64000000,32.68000000,32.60000000,32.60000000,91.27000000
2021-12-14,32.54000000,32.54000000,31.52000000,32.11000000,1318.31000000
2021-12-14,32.00000000,32.06000000,31.25000000,31.96000000,766.40000000
2021-12-14,31.89000000,32.17000000,31.59000000,32.17000000,326.25000000
2021-12-14,32.15000000,32.34000000,32.12000000,32.34000000,88.57000000
2021-12-14,32.34000000,32.34000000,31.77000000,31.78000000,982.77000000
2021-12-14,31.83000000,31.93000000,31.77000000,31.85000000,514.93000000
2021-12-14,31.84000000,31.85000000,31.52000000,31.75000000,133.18000000
2021-12-14,31.88000000,31.88000000,31.59000000,31.72000000,174.47000000
2021-12-14,31.83000000,31.83000000,31.76000000,31.76000000,26.74000000
2021-12-14,31.83000000,31.83000000,31.72000000,31.72000000,13.94000000
2021-12-14,31.62000000,31.90000000,31.57000000,31.66000000,109.08000000
2021-12-14,31.68000000,31.72000000,31.50000000,31.72000000,887.41000000
2021-12-14,31.75000000,31.94000000,31.75000000,31.94000000,180.76000000
2021-12-14,31.96000000,32.27000000,31.96000000,32.13000000,343.64000000
2021-12-14,32.13000000,32.13000000,31.64000000,31.64000000,234.02000000
2021-12-14,31.70000000,32.05000000,31.70000000,31.88000000,64.29000000
2021-12-14,31.90000000,31.98000000,31.66000000,31.93000000,232.55000000
2021-12-14,31.94000000,32.06000000,31.77000000,31.81000000,876.38000000
2021-12-14,31.81000000,32.05000000,31.56000000,31.94000000,865.88000000
2021-12-14,31.94000000,32.11000000,31.69000000,31.80000000,313.64000000
2021-12-14,31.82000000,32.03000000,31.62000000,31.62000000,367.57000000
2021-12-15,31.66000000,31.83000000,31.51000000,31.51000000,83.99000000
2021-12-15,31.56000000,31.78000000,31.23000000,31.23000000,489.65000000
2021-12-15,31.39000000,31.39000000,31.11000000,31.25000000,281.90000000
2021-12-15,31.27000000,31.49000000,31.24000000,31.40000000,201.41000000
2021-12-15,31.42000000,32.05000000,31.42000000,31.93000000,165.92000000
2021-12-15,31.93000000,32.24000000,31.93000000,31.94000000,223.41000000
2021-12-15,31.94000000,32.02000000,31.83000000,31.91000000,83.42000000
2021-12-15,31.86000000,32.11000000,31.86000000,32.11000000,110.89000000
2021-12-15,32.09000000,32.30000000,31.87000000,32.15000000,235.85000000
2021-12-15,32.03000000,32.03000000,31.85000000,31.92000000,61.04000000
2021-12-15,31.73000000,31.81000000,31.57000000,31.60000000,1584.79000000
2021-12-15,31.58000000,31.67000000,31.56000000,31.64000000,421.20000000
2021-12-15,31.67000000,31.67000000,31.45000000,31.45000000,1330.05000000
2021-12-15,31.50000000,31.58000000,31.45000000,31.51000000,251.72000000
2021-12-15,31.46000000,31.56000000,31.45000000,31.46000000,107.74000000
2021-12-15,31.51000000,31.61000000,31.43000000,31.46000000,682.29000000
2021-12-15,31.46000000,31.67000000,31.46000000,31.59000000,716.49000000
2021-12-15,31.59000000,31.65000000,31.52000000,31.55000000,155.71000000
2021-12-15,31.65000000,31.67000000,31.42000000,31.47000000,581.99000000
2021-12-15,31.41000000,31.48000000,31.41000000,31.46000000,187.60000000
2021-12-15,31.46000000,31.63000000,31.18000000,31.18000000,812.65000000
2021-12-15,31.14000000,31.15000000,30.96000000,31.05000000,1269.22000000
2021-12-15,31.04000000,31.23000000,30.72000000,30.85000000,495.07000000
2021-12-15,30.85000000,30.92000000,30.49000000,30.49000000,367.70000000
2021-12-16,30.54000000,30.61000000,30.47000000,30.47000000,55.61000000
2021-12-16,30.47000000,30.62000000,30.35000000,30.57000000,229.20000000
2021-12-16,30.56000000,31.37000000,30.52000000,31.02000000,511.28000000
2021-12-16,30.83000000,32.01000000,30.60000000,32.00000000,1388.08000000
2021-12-16,32.02000000,32.51000000,31.93000000,32.10000000,1198.88000000
2021-12-16,32.14000000,32.27000000,32.04000000,32.26000000,251.76000000
2021-12-16,32.26000000,32.41000000,32.19000000,32.23000000,525.16000000
2021-12-16,32.28000000,32.35000000,32.07000000,32.35000000,205.26000000
2021-12-16,32.26000000,32.50000000,32.13000000,32.35000000,58.15000000
2021-12-16,32.43000000,32.46000000,32.22000000,32.30000000,242.97000000
2021-12-16,32.26000000,32.37000000,32.21000000,32.21000000,231.01000000
2021-12-16,32.25000000,32.29000000,32.08000000,32.08000000,152.96000000
2021-12-16,32.09000000,32.09000000,32.01000000,32.07000000,63.11000000
2021-12-16,32.02000000,32.13000000,32.01000000,32.03000000,161.73000000
2021-12-16,32.01000000,32.25000000,32.00000000,32.15000000,207.47000000
2021-12-16,32.25000000,32.32000000,32.13000000,32.13000000,66.55000000
2021-12-16,32.13000000,32.46000000,32.08000000,32.40000000,292.85000000
2021-12-16,32.40000000,32.59000000,32.40000000,32.53000000,179.29000000
2021-12-16,32.53000000,32.64000000,32.52000000,32.55000000,264.94000000
2021-12-16,32.55000000,32.55000000,32.07000000,32.34000000,1751.21000000
2021-12-16,32.26000000,32.38000000,32.00000000,32.00000000,254.71000000
2021-12-16,32.00000000,32.38000000,31.84000000,32.26000000,161.51000000
2021-12-16,32.26000000,32.26000000,32.08000000,32.08000000,130.90000000
2021-12-16,32.08000000,32.15000000,31.94000000,32.09000000,102.13000000
2021-12-17,32.09000000,32.28000000,32.06000000,32.17000000,256.74000000
2021-12-17,32.16000000,32.16000000,31.83000000,31.83000000,106.66000000
2021-12-17,31.92000000,32.00000000,31.76000000,31.80000000,84.04000000
2021-12-17,31.79000000,31.79000000,31.59000000,31.63000000,149.22000000
2021-12-17,31.68000000,31.99000000,31.65000000,31.80000000,163.20000000
2021-12-17,31.90000000,31.90000000,31.75000000,31.75000000,22.95000000
2021-12-17,31.85000000,31.85000000,31.45000000,31.63000000,116.35000000
2021-12-17,31.63000000,31.63000000,31.25000000,31.40000000,461.34000000
2021-12-17,31.21000000,31.93000000,31.19000000,31.78000000,1073.92000000
2021-12-17,31.91000000,34.38000000,31.84000000,32.57000000,8660.78000000
2021-12-17,32.54000000,32.54000000,31.81000000,31.87000000,555.74000000
2021-12-17,31.82000000,31.91000000,31.80000000,31.88000000,191.62000000
2021-12-17,31.84000000,32.76000000,31.75000000,31.80000000,4396.46000000
2021-12-17,31.79000000,32.03000000,31.69000000,31.85000000,377.65000000
2021-12-17,31.82000000,31.95000000,31.71000000,31.78000000,194.64000000
2021-12-17,31.72000000,31.72000000,31.49000000,31.60000000,207.59000000
2021-12-17,31.60000000,31.89000000,31.60000000,31.74000000,171.63000000
2021-12-17,31.76000000,32.35000000,31.57000000,32.08000000,804.33000000
2021-12-17,32.05000000,32.05000000,31.78000000,31.95000000,87.91000000
2021-12-17,31.88000000,32.01000000,31.66000000,31.66000000,131.09000000
2021-12-17,31.74000000,32.13000000,31.71000000,31.71000000,632.72000000
2021-12-17,31.71000000,32.84000000,31.71000000,31.85000000,760.96000000
2021-12-17,31.86000000,33.62000000,31.66000000,31.77000000,3659.87000000
2021-12-17,31.84000000,32.28000000,31.60000000,32.28000000,316.84000000
2021-12-18,32.26000000,32.79000000,32.20000000,32.56000000,766.71000000
2021-12-18,32.56000000,35.58000000,32.55000000,33.41000000,13998.77000000
2021-12-18,33.45000000,33.70000000,32.64000000,33.38000000,3476.11000000
2021-12-18,33.38000000,33.44000000,32.58000000,32.65000000,1621.63000000
2021-12-18,32.69000000,32.70000000,32.11000000,32.16000000,1390.15000000
2021-12-18,32.19000000,32.97000000,32.19000000,32.78000000,671.21000000
2021-12-18,32.79000000,32.81000000,32.07000000,32.72000000,1258.81000000
2021-12-18,32.79000000,32.90000000,32.54000000,32.54000000,503.91000000
2021-12-18,32.58000000,32.95000000,32.34000000,32.95000000,347.69000000
2021-12-18,32.95000000,32.96000000,32.14000000,32.18000000,503.08000000
2021-12-18,32.16000000,32.18000000,31.91000000,31.91000000,987.05000000
2021-12-18,31.90000000,32.45000000,31.88000000,32.32000000,480.89000000
2021-12-18,32.32000000,32.38000000,32.12000000,32.17000000,693.44000000
2021-12-18,32.17000000,32.53000000,32.12000000,32.39000000,401.87000000
2021-12-18,32.27000000,32.37000000,32.11000000,32.15000000,435.74000000
2021-12-18,32.18000000,32.26000000,32.16000000,32.26000000,189.60000000
2021-12-18,32.26000000,32.49000000,32.22000000,32.31000000,705.40000000
2021-12-18,32.34000000,32.71000000,32.30000000,32.71000000,285.54000000
2021-12-18,32.72000000,32.88000000,32.64000000,32.88000000,615.84000000
2021-12-18,32.83000000,32.88000000,32.53000000,32.53000000,613.47000000
2021-12-18,32.60000000,32.85000000,32.53000000,32.67000000,423.63000000
2021-12-18,32.67000000,32.69000000,32.37000000,32.37000000,371.64000000
2021-12-18,32.44000000,32.53000000,32.35000000,32.52000000,780.84000000
2021-12-18,32.44000000,32.63000000,32.42000000,32.42000000,92.68000000
2021-12-19,32.36000000,32.50000000,32.35000000,32.41000000,121.71000000
2021-12-19,32.38000000,32.41000000,32.28000000,32.35000000,401.07000000
2021-12-19,32.35000000,32.72000000,32.31000000,32.72000000,1007.83000000
2021-12-19,32.68000000,32.77000000,32.33000000,32.50000000,1045.15000000
2021-12-19,32.49000000,32.49000000,32.22000000,32.38000000,325.13000000
2021-12-19,32.45000000,32.71000000,32.38000000,32.66000000,264.11000000
2021-12-19,32.66000000,32.73000000,32.57000000,32.62000000,87.82000000
2021-12-19,32.53000000,32.59000000,32.43000000,32.47000000,189.81000000
2021-12-19,32.44000000,32.44000000,32.22000000,32.28000000,316.18000000
2021-12-19,32.31000000,32.38000000,32.16000000,32.23000000,173.93000000
2021-12-19,32.21000000,33.50000000,32.18000000,33.21000000,1805.23000000
2021-12-19,33.21000000,33.72000000,33.21000000,33.58000000,437.78000000
2021-12-19,33.60000000,33.66000000,33.45000000,33.54000000,450.47000000
2021-12-19,33.47000000,33.55000000,33.16000000,33.16000000,474.16000000
2021-12-19,33.14000000,33.14000000,32.94000000,32.94000000,248.78000000
2021-12-19,32.97000000,32.99000000,32.84000000,32.85000000,617.34000000
2021-12-19,32.85000000,32.91000000,32.73000000,32.85000000,284.41000000
2021-12-19,32.84000000,32.86000000,32.55000000,32.59000000,158.24000000
2021-12-19,32.60000000,32.66000000,32.37000000,32.59000000,632.85000000
2021-12-19,32.57000000,32.63000000,32.45000000,32.61000000,377.28000000
2021-12-19,32.55000000,32.90000000,32.49000000,32.86000000,342.84000000
2021-12-19,32.90000000,33.20000000,32.89000000,33.19000000,405.43000000
2021-12-19,33.19000000,33.30000000,32.63000000,33.13000000,696.55000000
2021-12-19,33.10000000,33.25000000,32.98000000,32.98000000,303.03000000
2021-12-20,32.98000000,33.24000000,32.96000000,33.04000000,230.61000000
2021-12-20,33.00000000,33.01000000,32.63000000,32.64000000,421.74000000
2021-12-20,32.63000000,32.63000000,32.48000000,32.50000000,254.26000000
2021-12-20,32.50000000,32.50000000,32.17000000,32.24000000,170.42000000
2021-12-20,32.22000000,32.66000000,32.13000000,32.30000000,858.27000000
2021-12-20,32.28000000,32.36000000,32.27000000,32.29000000,124.20000000
2021-12-20,32.33000000,32.57000000,32.33000000,32.54000000,205.61000000
2021-12-20,32.48000000,32.48000000,32.22000000,32.22000000,245.19000000
2021-12-20,32.19000000,32.21000000,31.68000000,32.00000000,963.69000000
2021-12-20,32.03000000,32.19000000,31.84000000,31.87000000,144.75000000
2021-12-20,31.82000000,31.89000000,31.70000000,31.70000000,271.25000000
2021-12-20,31.69000000,31.73000000,31.53000000,31.64000000,391.81000000
2021-12-20,31.65000000,31.78000000,31.64000000,31.74000000,212.25000000
2021-12-20,31.84000000,31.84000000,31.48000000,31.50000000,710.57000000
2021-12-20,31.50000000,31.59000000,31.50000000,31.59000000,331.30000000
2021-12-20,31.53000000,31.59000000,31.47000000,31.55000000,585.75000000
2021-12-20,31.51000000,31.67000000,31.50000000,31.63000000,336.95000000
2021-12-20,31.67000000,31.69000000,31.40000000,31.40000000,664.46000000
2021-12-20,31.38000000,31.38000000,31.15000000,31.15000000,463.91000000
2021-12-20,31.13000000,31.29000000,31.13000000,31.29000000,154.29000000
2021-12-20,31.30000000,31.30000000,31.04000000,31.07000000,334.47000000
2021-12-20,31.03000000,31.07000000,30.91000000,31.00000000,672.45000000
2021-12-20,31.00000000,31.34000000,30.75000000,31.16000000,1360.95000000
2021-12-20,31.18000000,31.18000000,30.88000000,30.88000000,258.17000000
2021-12-21,30.85000000,31.36000000,30.80000000,31.29000000,612.87000000
2021-12-21,31.29000000,31.38000000,31.29000000,31.38000000,37.61000000
2021-12-21,31.28000000,31.39000000,31.28000000,31.32000000,80.38000000
2021-12-21,31.35000000,31.55000000,31.35000000,31.53000000,498.30000000
2021-12-21,31.54000000,31.91000000,31.54000000,31.90000000,351.25000000
2021-12-21,31.97000000,32.05000000,31.81000000,31.81000000,75.57000000
2021-12-21,31.82000000,31.82000000,31.69000000,31.69000000,160.80000000
2021-12-21,31.78000000,32.00000000,31.78000000,31.99000000,46.64000000
2021-12-21,32.00000000,32.13000000,31.93000000,32.07000000,330.17000000
2021-12-21,32.07000000,32.34000000,32.03000000,32.33000000,274.14000000
2021-12-21,32.31000000,32.35000000,32.22000000,32.28000000,307.30000000
2021-12-21,32.28000000,32.70000000,32.25000000,32.70000000,596.06000000
2021-12-21,32.68000000,33.12000000,32.67000000,33.11000000,665.25000000
2021-12-21,33.11000000,33.26000000,33.05000000,33.18000000,323.16000000
2021-12-21,33.15000000,33.50000000,33.13000000,33.18000000,1505.75000000
2021-12-21,33.17000000,33.49000000,33.10000000,33.11000000,407.43000000
2021-12-21,33.10000000,33.47000000,33.10000000,33.27000000,295.97000000
2021-12-21,33.28000000,33.50000000,33.28000000,33.37000000,240.10000000
2021-12-21,33.30000000,33.32000000,33.10000000,33.15000000,412.95000000
2021-12-21,33.08000000,33.18000000,32.92000000,32.92000000,218.25000000
2021-12-21,32.93000000,33.40000000,32.92000000,32.92000000,576.38000000
2021-12-21,32.94000000,32.99000000,32.86000000,32.99000000,64.01000000
2021-12-21,32.98000000,32.98000000,32.74000000,32.74000000,147.43000000
2021-12-21,32.80000000,32.82000000,32.55000000,32.72000000,234.02000000
2021-12-22,32.65000000,32.82000000,32.65000000,32.73000000,88.21000000
2021-12-22,32.73000000,32.82000000,32.73000000,32.73000000,21.16000000
2021-12-22,32.72000000,32.80000000,32.72000000,32.75000000,89.89000000
2021-12-22,32.78000000,33.10000000,32.78000000,33.07000000,151.01000000
2021-12-22,32.98000000,33.17000000,32.97000000,33.16000000,211.75000000
2021-12-22,33.16000000,33.49000000,33.16000000,33.45000000,382.02000000
2021-12-22,33.48000000,33.54000000,33.41000000,33.45000000,340.50000000
2021-12-22,33.45000000,33.45000000,33.14000000,33.14000000,221.00000000
2021-12-22,33.19000000,33.28000000,32.92000000,32.92000000,641.04000000
2021-12-22,32.89000000,33.00000000,32.87000000,32.98000000,90.74000000
2021-12-22,32.98000000,33.45000000,32.95000000,33.39000000,185.48000000
2021-12-22,33.40000000,33.40000000,33.06000000,33.26000000,584.37000000
2021-12-22,33.26000000,33.30000000,32.98000000,33.02000000,975.52000000
2021-12-22,33.02000000,33.03000000,32.91000000,32.91000000,241.24000000
2021-12-22,32.91000000,33.03000000,32.85000000,32.88000000,222.13000000
2021-12-22,32.90000000,33.05000000,32.86000000,32.99000000,456.62000000
2021-12-22,32.95000000,33.21000000,32.94000000,33.13000000,594.69000000
2021-12-22,33.13000000,33.13000000,32.82000000,32.94000000,532.96000000
2021-12-22,32.90000000,33.13000000,32.90000000,33.07000000,97.09000000
2021-12-22,33.10000000,33.14000000,33.02000000,33.07000000,423.04000000
2021-12-22,33.08000000,33.15000000,32.83000000,32.87000000,640.85000000
2021-12-22,32.93000000,33.06000000,32.83000000,32.87000000,386.09000000
2021-12-22,32.87000000,33.03000000,32.87000000,32.93000000,204.03000000
2021-12-22,32.91000000,33.07000000,32.91000000,33.07000000,237.88000000
2021-12-23,33.07000000,33.30000000,33.02000000,33.16000000,463.55000000
2021-12-23,33.20000000,33.29000000,33.13000000,33.13000000,183.34000000
2021-12-23,33.11000000,33.11000000,32.97000000,32.97000000,173.28000000
2021-12-23,32.96000000,33.22000000,32.96000000,33.15000000,60.48000000
2021-12-23,33.16000000,33.31000000,33.14000000,33.15000000,212.28000000
2021-12-23,33.14000000,33.27000000,33.13000000,33.26000000,224.24000000
2021-12-23,33.22000000,33.34000000,33.19000000,33.30000000,389.65000000
2021-12-23,33.20000000,33.21000000,33.01000000,33.07000000,350.84000000
2021-12-23,33.06000000,33.06000000,32.79000000,32.79000000,215.41000000
2021-12-23,32.83000000,32.92000000,32.78000000,32.92000000,84.92000000
2021-12-23,32.93000000,33.28000000,32.93000000,33.21000000,1487.55000000
2021-12-23,33.24000000,33.33000000,33.23000000,33.33000000,359.19000000
2021-12-23,33.34000000,33.43000000,33.31000000,33.35000000,122.78000000
2021-12-23,33.39000000,33.50000000,33.34000000,33.46000000,220.66000000
2021-12-23,33.46000000,33.50000000,33.41000000,33.50000000,389.28000000
2021-12-23,33.45000000,33.50000000,33.21000000,33.23000000,245.96000000
2021-12-23,33.24000000,33.38000000,33.10000000,33.11000000,575.16000000
2021-12-23,33.12000000,33.15000000,33.01000000,33.08000000,334.67000000
2021-12-23,33.08000000,33.24000000,33.03000000,33.24000000,147.04000000
2021-12-23,33.22000000,33.27000000,33.02000000,33.13000000,400.43000000
2021-12-23,33.14000000,33.31000000,33.12000000,33.23000000,314.36000000
2021-12-23,33.24000000,33.38000000,33.24000000,33.35000000,660.20000000
2021-12-23,33.32000000,33.32000000,33.17000000,33.20000000,99.31000000
2021-12-23,33.20000000,33.50000000,33.17000000,33.44000000,373.26000000
2021-12-24,33.49000000,33.74000000,33.46000000,33.74000000,1212.97000000
2021-12-24,33.70000000,34.36000000,33.68000000,34.36000000,951.63000000
2021-12-24,34.32000000,34.47000000,34.21000000,34.34000000,998.96000000
2021-12-24,34.39000000,34.56000000,34.36000000,34.41000000,866.56000000
2021-12-24,34.42000000,34.43000000,34.21000000,34.32000000,587.77000000
2021-12-24,34.34000000,34.38000000,34.21000000,34.27000000,167.15000000
2021-12-24,34.24000000,34.35000000,34.24000000,34.29000000,93.19000000
2021-12-24,34.26000000,34.30000000,34.05000000,34.18000000,238.00000000
2021-12-24,34.24000000,34.26000000,33.99000000,34.06000000,433.35000000
2021-12-24,34.03000000,34.26000000,33.98000000,34.04000000,354.81000000
2021-12-24,34.13000000,34.16000000,33.95000000,34.00000000,438.92000000
2021-12-24,33.96000000,33.96000000,33.87000000,33.92000000,94.13000000
2021-12-24,33.86000000,33.91000000,33.84000000,33.84000000,171.16000000
2021-12-24,33.92000000,33.99000000,33.67000000,33.88000000,679.07000000
2021-12-24,33.89000000,33.94000000,33.84000000,33.88000000,68.19000000
2021-12-24,33.86000000,34.05000000,33.86000000,34.05000000,99.76000000
2021-12-24,34.05000000,34.24000000,34.05000000,34.20000000,135.17000000
2021-12-24,34.24000000,34.45000000,34.15000000,34.32000000,160.06000000
2021-12-24,34.33000000,34.51000000,34.28000000,34.38000000,170.22000000
2021-12-24,34.37000000,34.61000000,34.34000000,34.52000000,681.54000000
2021-12-24,34.49000000,34.49000000,34.19000000,34.23000000,532.85000000
2021-12-24,34.19000000,34.28000000,34.16000000,34.28000000,87.45000000
2021-12-24,34.27000000,34.33000000,34.00000000,34.07000000,577.74000000
2021-12-24,34.00000000,34.03000000,33.72000000,34.01000000,587.60000000
2021-12-25,34.03000000,34.13000000,33.86000000,33.93000000,192.26000000
2021-12-25,33.95000000,34.37000000,33.82000000,34.26000000,564.48000000
2021-12-25,34.25000000,34.49000000,34.13000000,34.29000000,705.16000000
2021-12-25,34.29000000,34.33000000,33.93000000,33.93000000,538.78000000
2021-12-25,33.90000000,33.94000000,33.75000000,33.87000000,246.68000000
2021-12-25,33.84000000,33.90000000,33.76000000,33.76000000,319.41000000
2021-12-25,33.81000000,33.81000000,33.73000000,33.75000000,129.45000000
2021-12-25,33.75000000,34.31000000,33.74000000,33.93000000,524.49000000
2021-12-25,33.93000000,33.97000000,33.73000000,33.81000000,404.86000000
2021-12-25,33.82000000,33.82000000,33.73000000,33.73000000,14.80000000
2021-12-25,33.74000000,33.82000000,33.73000000,33.73000000,176.20000000
2021-12-25,33.73000000,33.79000000,33.73000000,33.79000000,20.34000000
2021-12-25,33.81000000,33.90000000,33.79000000,33.85000000,161.19000000
2021-12-25,33.83000000,33.98000000,33.80000000,33.97000000,103.39000000
2021-12-25,33.98000000,34.07000000,33.86000000,34.06000000,167.71000000
2021-12-25,34.04000000,34.11000000,34.03000000,34.09000000,70.54000000
2021-12-25,34.04000000,34.12000000,34.03000000,34.10000000,56.99000000
2021-12-25,34.07000000,34.15000000,34.05000000,34.05000000,84.40000000
2021-12-25,34.03000000,34.03000000,33.74000000,33.83000000,246.60000000
2021-12-25,33.82000000,34.27000000,33.80000000,33.96000000,848.07000000
2021-12-25,33.98000000,34.18000000,33.91000000,34.12000000,214.50000000
2021-12-25,34.17000000,34.29000000,34.09000000,34.29000000,156.54000000
2021-12-25,34.20000000,34.30000000,34.19000000,34.30000000,180.60000000
2021-12-25,34.27000000,34.30000000,34.20000000,34.25000000,134.28000000
2021-12-26,34.25000000,34.29000000,34.13000000,34.22000000,320.00000000
2021-12-26,34.28000000,34.30000000,34.10000000,34.30000000,555.95000000
2021-12-26,34.30000000,34.62000000,34.28000000,34.62000000,561.86000000
2021-12-26,34.59000000,34.75000000,34.56000000,34.70000000,104.94000000
2021-12-26,34.70000000,34.76000000,34.57000000,34.72000000,125.85000000
2021-12-26,34.72000000,34.76000000,34.68000000,34.70000000,52.87000000
2021-12-26,34.70000000,34.70000000,34.51000000,34.51000000,135.78000000
2021-12-26,34.59000000,34.59000000,34.43000000,34.43000000,382.74000000
2021-12-26,34.46000000,34.70000000,34.29000000,34.70000000,378.08000000
2021-12-26,34.71000000,34.76000000,34.71000000,34.73000000,112.06000000
2021-12-26,34.73000000,34.79000000,34.47000000,34.62000000,664.32000000
2021-12-26,34.62000000,34.62000000,34.26000000,34.31000000,218.57000000
2021-12-26,34.26000000,34.31000000,33.99000000,34.01000000,163.89000000
2021-12-26,34.01000000,34.29000000,33.99000000,34.23000000,362.30000000
2021-12-26,34.21000000,34.24000000,34.06000000,34.06000000,37.95000000
2021-12-26,34.04000000,34.26000000,34.04000000,34.14000000,89.17000000
2021-12-26,34.23000000,34.38000000,34.14000000,34.22000000,244.80000000
2021-12-26,34.20000000,34.37000000,34.15000000,34.30000000,357.32000000
2021-12-26,34.21000000,34.32000000,34.16000000,34.26000000,111.31000000
2021-12-26,34.24000000,34.34000000,33.73000000,33.81000000,449.37000000
2021-12-26,33.81000000,33.96000000,33.76000000,33.82000000,448.54000000
2021-12-26,33.82000000,33.90000000,33.76000000,33.81000000,184.84000000
2021-12-26,33.76000000,33.96000000,33.72000000,33.92000000,342.49000000
2021-12-26,33.95000000,34.18000000,33.92000000,34.14000000,110.23000000
2021-12-27,34.15000000,34.23000000,34.12000000,34.17000000,250.98000000
2021-12-27,34.14000000,34.25000000,34.12000000,34.12000000,100.86000000
2021-12-27,34.12000000,34.27000000,34.09000000,34.27000000,108.28000000
2021-12-27,34.26000000,34.26000000,34.15000000,34.22000000,129.30000000
2021-12-27,34.22000000,34.36000000,34.12000000,34.21000000,401.45000000
2021-12-27,34.15000000,34.37000000,33.93000000,34.23000000,469.88000000
2021-12-27,34.29000000,34.53000000,34.24000000,34.46000000,573.17000000
2021-12-27,34.46000000,34.46000000,34.36000000,34.38000000,84.15000000
2021-12-27,34.44000000,34.47000000,34.29000000,34.40000000,103.87000000
2021-12-27,34.39000000,34.39000000,34.30000000,34.33000000,95.05000000
2021-12-27,34.32000000,34.40000000,34.32000000,34.40000000,39.23000000
2021-12-27,34.41000000,34.77000000,34.41000000,34.77000000,234.34000000
2021-12-27,34.78000000,34.81000000,34.69000000,34.81000000,136.92000000
2021-12-27,34.81000000,34.83000000,34.70000000,34.70000000,153.09000000
2021-12-27,34.77000000,34.77000000,34.61000000,34.77000000,124.97000000
2021-12-27,34.77000000,34.77000000,34.68000000,34.75000000,72.93000000
2021-12-27,34.75000000,34.79000000,34.55000000,34.55000000,402.53000000
2021-12-27,34.56000000,34.60000000,34.47000000,34.58000000,99.59000000
2021-12-27,34.54000000,34.66000000,34.54000000,34.60000000,193.58000000
2021-12-27,34.59000000,34.65000000,34.56000000,34.58000000,365.03000000
2021-12-27,34.58000000,34.87000000,34.55000000,34.85000000,192.16000000
2021-12-27,34.82000000,35.13000000,34.66000000,35.05000000,800.52000000
2021-12-27,35.11000000,35.62000000,35.06000000,35.58000000,829.61000000
2021-12-27,35.58000000,35.60000000,35.24000000,35.35000000,875.86000000
2021-12-28,35.39000000,35.58000000,35.28000000,35.47000000,463.89000000
2021-12-28,35.57000000,35.75000000,35.51000000,35.75000000,313.17000000
2021-12-28,35.70000000,35.75000000,35.67000000,35.70000000,195.51000000
2021-12-28,35.76000000,35.86000000,35.45000000,35.50000000,653.22000000
2021-12-28,35.50000000,35.57000000,35.36000000,35.43000000,361.46000000
2021-12-28,35.43000000,35.57000000,35.14000000,35.23000000,278.62000000
2021-12-28,35.23000000,36.17000000,34.81000000,35.06000000,4160.66000000
2021-12-28,35.10000000,35.10000000,34.60000000,34.61000000,561.04000000
2021-12-28,34.61000000,34.63000000,34.15000000,34.34000000,747.31000000
2021-12-28,34.33000000,34.70000000,34.28000000,34.51000000,292.67000000
2021-12-28,34.51000000,35.33000000,34.51000000,35.19000000,766.58000000
2021-12-28,35.18000000,35.56000000,34.17000000,34.24000000,1310.82000000
2021-12-28,34.32000000,34.37000000,33.96000000,34.27000000,575.84000000
2021-12-28,34.27000000,34.38000000,34.04000000,34.11000000,367.05000000
2021-12-28,34.07000000,34.82000000,34.07000000,34.72000000,377.31000000
2021-12-28,34.78000000,34.96000000,34.54000000,34.54000000,729.81000000
2021-12-28,34.61000000,34.61000000,34.29000000,34.35000000,377.37000000
2021-12-28,34.35000000,34.39000000,34.30000000,34.31000000,118.66000000
2021-12-28,34.30000000,34.33000000,34.09000000,34.12000000,341.76000000
2021-12-28,34.12000000,34.28000000,34.10000000,34.26000000,231.15000000
2021-12-28,34.29000000,34.47000000,34.24000000,34.34000000,184.29000000
2021-12-28,34.29000000,34.99000000,34.13000000,34.89000000,1789.04000000
2021-12-28,34.90000000,34.90000000,33.99000000,34.24000000,1070.71000000
2021-12-28,34.14000000,35.53000000,34.13000000,35.26000000,2055.67000000
2021-12-29,35.32000000,37.99000000,34.50000000,34.85000000,25745.22000000
2021-12-29,34.85000000,34.86000000,33.50000000,34.44000000,4986.26000000
2021-12-29,34.37000000,34.70000000,33.82000000,33.94000000,1256.07000000
2021-12-29,33.79000000,33.99000000,33.50000000,33.92000000,1607.24000000
2021-12-29,33.97000000,34.07000000,33.67000000,33.79000000,714.97000000
2021-12-29,33.87000000,33.87000000,33.50000000,33.50000000,668.18000000
2021-12-29,33.50000000,33.72000000,33.49000000,33.58000000,510.50000000
2021-12-29,33.60000000,33.74000000,33.51000000,33.51000000,257.53000000
2021-12-29,33.50000000,33.60000000,33.50000000,33.60000000,208.41000000
2021-12-29,33.58000000,33.63000000,33.49000000,33.63000000,415.39000000
2021-12-29,33.57000000,33.68000000,33.48000000,33.68000000,317.24000000
2021-12-29,33.68000000,33.76000000,33.34000000,33.38000000,654.80000000
2021-12-29,33.38000000,33.38000000,32.73000000,32.73000000,2453.04000000
2021-12-29,32.75000000,32.84000000,32.59000000,32.66000000,439.78000000
2021-12-29,32.58000000,32.72000000,32.40000000,32.45000000,556.74000000
2021-12-29,32.45000000,32.45000000,31.97000000,32.07000000,814.77000000
2021-12-29,32.07000000,34.32000000,32.07000000,33.27000000,2631.31000000
2021-12-29,33.27000000,33.27000000,32.15000000,32.51000000,3106.20000000
2021-12-29,32.51000000,32.53000000,32.33000000,32.38000000,165.12000000
2021-12-29,32.38000000,32.38000000,32.27000000,32.33000000,170.82000000
2021-12-29,32.38000000,32.38000000,31.77000000,31.80000000,653.54000000
2021-12-29,31.78000000,32.01000000,31.54000000,32.01000000,503.37000000
2021-12-29,32.01000000,32.26000000,31.96000000,32.22000000,332.91000000
2021-12-29,32.21000000,32.36000000,32.21000000,32.32000000,221.90000000
2021-12-30,32.31000000,32.40000000,32.25000000,32.39000000,343.19000000
2021-12-30,32.39000000,32.39000000,32.10000000,32.10000000,69.19000000
2021-12-30,32.17000000,32.30000000,32.11000000,32.26000000,126.64000000
2021-12-30,32.27000000,32.27000000,31.99000000,32.00000000,216.64000000
2021-12-30,32.09000000,32.32000000,32.09000000,32.17000000,149.79000000
2021-12-30,32.19000000,32.19000000,31.76000000,31.89000000,316.81000000
2021-12-30,31.89000000,32.06000000,31.89000000,32.00000000,89.80000000
2021-12-30,32.07000000,32.08000000,31.52000000,31.52000000,191.69000000
2021-12-30,31.74000000,31.93000000,31.55000000,31.93000000,419.73000000
2021-12-30,31.93000000,31.99000000,31.79000000,31.79000000,124.81000000
2021-12-30,31.79000000,31.79000000,31.55000000,31.70000000,277.64000000
2021-12-30,31.64000000,31.70000000,31.62000000,31.70000000,69.71000000
2021-12-30,31.70000000,31.80000000,31.70000000,31.72000000,53.23000000
2021-12-30,31.72000000,31.81000000,31.68000000,31.76000000,80.45000000
2021-12-30,31.76000000,31.82000000,31.74000000,31.79000000,75.44000000
2021-12-30,31.79000000,32.08000000,31.79000000,32.08000000,48.28000000
2021-12-30,32.08000000,32.32000000,32.02000000,32.27000000,258.01000000
2021-12-30,32.26000000,32.39000000,32.15000000,32.22000000,154.38000000
2021-12-30,32.22000000,32.39000000,32.16000000,32.20000000,361.73000000
2021-12-30,32.23000000,32.50000000,32.15000000,32.50000000,370.51000000
2021-12-30,32.51000000,33.10000000,32.38000000,32.58000000,932.90000000
2021-12-30,32.53000000,32.61000000,32.27000000,32.27000000,210.88000000
2021-12-30,32.34000000,32.38000000,32.18000000,32.32000000,66.61000000
2021-12-30,32.24000000,32.86000000,32.23000000,32.34000000,634.89000000
2021-12-31,32.26000000,32.56000000,32.22000000,32.56000000,163.25000000
2021-12-31,32.56000000,32.77000000,32.44000000,32.51000000,324.12000000
2021-12-31,32.48000000,32.62000000,32.34000000,32.62000000,63.84000000
2021-12-31,32.62000000,32.62000000,32.45000000,32.45000000,62.79000000
2021-12-31,32.45000000,32.95000000,32.32000000,32.32000000,327.79000000
2021-12-31,32.29000000,32.36000000,32.26000000,32.36000000,30.64000000
2021-12-31,32.25000000,32.39000000,31.93000000,32.06000000,161.34000000
2021-12-31,32.06000000,32.25000000,31.91000000,32.04000000,236.81000000
2021-12-31,31.97000000,32.19000000,31.94000000,32.01000000,90.47000000
2021-12-31,31.96000000,32.13000000,31.83000000,32.12000000,54.77000000
2021-12-31,31.94000000,31.96000000,31.94000000,31.96000000,7.07000000
2021-12-31,32.00000000,32.07000000,31.81000000,32.07000000,434.90000000
2021-12-31,32.16000000,32.26000000,32.07000000,32.13000000,49.37000000
2021-12-31,32.13000000,32.20000000,32.07000000,32.11000000,172.92000000
2021-12-31,32.11000000,32.22000000,31.91000000,32.20000000,177.24000000
2021-12-31,32.19000000,32.38000000,31.82000000,31.82000000,133.94000000
2021-12-31,31.98000000,32.76000000,31.89000000,32.73000000,397.08000000
2021-12-31,32.72000000,32.86000000,32.28000000,32.33000000,603.70000000
2021-12-31,32.33000000,32.44000000,32.08000000,32.20000000,273.74000000
2021-12-31,32.18000000,32.26000000,32.12000000,32.12000000,48.98000000
2021-12-31,32.16000000,32.27000000,32.13000000,32.14000000,58.69000000
2021-12-31,32.21000000,32.26000000,32.11000000,32.11000000,83.43000000
2021-12-31,32.11000000,32.18000000,31.89000000,32.07000000,1058.58000000
2021-12-31,32.13000000,32.20000000,32.06000000,32.11000000,28.21000000
2022-01-01,32.13000000,32.16000000,31.83000000,31.86000000,266.60000000
2022-01-01,31.81000000,31.94000000,31.80000000,31.90000000,561.23000000
2022-01-01,31.84000000,31.92000000,31.66000000,31.66000000,366.84000000
2022-01-01,31.72000000,31.72000000,31.50000000,31.50000000,890.39000000
2022-01-01,31.50000000,31.81000000,31.50000000,31.52000000,344.41000000
2022-01-01,31.52000000,31.52000000,31.19000000,31.38000000,759.22000000
2022-01-01,31.38000000,31.70000000,31.38000000,31.70000000,251.42000000
2022-01-01,31.56000000,31.70000000,31.50000000,31.70000000,91.73000000
2022-01-01,31.48000000,31.86000000,31.48000000,31.86000000,83.66000000
2022-01-01,31.88000000,32.00000000,31.79000000,31.84000000,837.78000000
2022-01-01,31.95000000,31.95000000,31.83000000,31.83000000,36.72000000
2022-01-01,31.86000000,31.99000000,31.76000000,31.79000000,121.37000000
2022-01-01,31.75000000,31.75000000,31.50000000,31.50000000,104.08000000
2022-01-01,31.52000000,32.01000000,31.51000000,31.72000000,224.04000000
2022-01-01,31.72000000,31.89000000,31.66000000,31.67000000,41.02000000
2022-01-01,31.71000000,31.74000000,31.62000000,31.67000000,30.92000000
2022-01-01,31.72000000,31.76000000,31.63000000,31.68000000,259.96000000
2022-01-01,31.60000000,32.60000000,31.59000000,31.69000000,495.76000000
2022-01-01,31.69000000,31.80000000,31.43000000,31.51000000,433.70000000
2022-01-01,31.52000000,31.75000000,31.52000000,31.64000000,19.19000000
2022-01-01,31.54000000,31.80000000,31.53000000,31.71000000,342.93000000
2022-01-01,31.66000000,31.93000000,31.58000000,31.93000000,361.71000000
2022-01-01,31.85000000,31.94000000,31.73000000,31.74000000,42.31000000
2022-01-01,31.74000000,32.03000000,31.74000000,31.89000000,58.02000000
2022-01-02,31.91000000,32.12000000,31.90000000,31.97000000,34.80000000
2022-01-02,31.97000000,32.29000000,31.91000000,32.11000000,61.39000000
2022-01-02,32.13000000,32.14000000,32.00000000,32.14000000,65.64000000
2022-01-02,32.03000000,32.06000000,31.93000000,32.06000000,78.24000000
2022-01-02,32.05000000,32.26000000,31.95000000,32.23000000,141.45000000
2022-01-02,32.24000000,32.88000000,32.21000000,32.28000000,972.79000000
2022-01-02,32.28000000,32.38000000,32.27000000,32.29000000,62.95000000
2022-01-02,32.35000000,32.39000000,32.19000000,32.38000000,33.89000000
2022-01-02,32.51000000,32.51000000,32.34000000,32.41000000,16.04000000
2022-01-02,32.28000000,32.35000000,32.18000000,32.20000000,82.57000000
2022-01-02,32.11000000,32.24000000,32.06000000,32.13000000,47.45000000
2022-01-02,32.13000000,32.18000000,31.83000000,31.94000000,584.20000000
2022-01-02,31.95000000,31.95000000,31.63000000,31.66000000,58.50000000
2022-01-02,31.60000000,31.68000000,31.50000000,31.68000000,483.61000000
2022-01-02,31.70000000,31.74000000,31.70000000,31.74000000,13.91000000
2022-01-02,31.73000000,31.81000000,31.65000000,31.81000000,92.87000000
2022-01-02,31.81000000,31.84000000,31.71000000,31.76000000,126.16000000
2022-01-02,31.88000000,32.00000000,31.79000000,31.92000000,250.02000000
2022-01-02,31.92000000,31.99000000,31.86000000,31.86000000,397.23000000
2022-01-02,31.85000000,32.10000000,31.85000000,32.06000000,211.10000000
2022-01-02,32.00000000,32.15000000,31.90000000,32.06000000,205.90000000
2022-01-02,31.99000000,32.29000000,31.99000000,32.20000000,255.45000000
2022-01-02,32.19000000,32.32000000,32.11000000,32.22000000,467.93000000
2022-01-02,32.22000000,32.32000000,32.09000000,32.30000000,661.14000000
2022-01-03,32.30000000,32.41000000,32.30000000,32.41000000,235.10000000
2022-01-03,32.41000000,32.89000000,32.40000000,32.43000000,6729.81000000
2022-01-03,32.33000000,32.45000000,32.15000000,32.26000000,468.31000000
2022-01-03,32.28000000,32.44000000,32.16000000,32.16000000,331.64000000
2022-01-03,32.16000000,32.22000000,32.06000000,32.10000000,273.84000000
2022-01-03,32.07000000,32.13000000,32.06000000,32.08000000,138.54000000
2022-01-03,32.08000000,32.14000000,31.90000000,32.08000000,566.70000000
2022-01-03,32.08000000,32.20000000,32.05000000,32.20000000,116.19000000
2022-01-03,32.15000000,32.20000000,31.89000000,32.15000000,475.91000000
2022-01-03,32.15000000,32.16000000,32.07000000,32.14000000,481.86000000
2022-01-03,32.14000000,32.18000000,31.88000000,32.11000000,679.27000000
2022-01-03,32.06000000,32.06000000,31.83000000,31.92000000,361.24000000
2022-01-03,31.91000000,31.97000000,31.90000000,31.96000000,90.11000000
2022-01-03,31.95000000,32.17000000,31.95000000,32.11000000,177.03000000
2022-01-03,32.08000000,32.08000000,31.91000000,31.92000000,409.93000000
2022-01-03,31.99000000,32.10000000,31.93000000,32.08000000,19.51000000
2022-01-03,32.07000000,32.45000000,32.07000000,32.37000000,313.32000000
2022-01-03,32.46000000,32.47000000,32.22000000,32.29000000,94.89000000
2022-01-03,32.34000000,32.48000000,32.34000000,32.39000000,189.21000000
2022-01-03,32.48000000,32.72000000,32.45000000,32.67000000,257.57000000
2022-01-03,32.72000000,32.79000000,32.56000000,32.66000000,238.42000000
2022-01-03,32.66000000,32.68000000,32.58000000,32.62000000,262.25000000
2022-01-03,32.56000000,32.71000000,32.45000000,32.46000000,402.62000000
2022-01-03,32.47000000,32.52000000,32.34000000,32.43000000,49.91000000
2022-01-04,32.34000000,32.38000000,31.98000000,32.03000000,317.81000000
2022-01-04,32.06000000,32.24000000,32.05000000,32.13000000,74.39000000
2022-01-04,32.14000000,32.23000000,32.10000000,32.13000000,104.59000000
2022-01-04,32.13000000,32.27000000,32.12000000,32.20000000,21.49000000
2022-01-04,32.10000000,32.10000000,31.68000000,31.78000000,312.67000000
2022-01-04,31.68000000,31.80000000,31.66000000,31.70000000,175.64000000
2022-01-04,31.72000000,31.79000000,31.66000000,31.75000000,54.45000000
2022-01-04,31.68000000,32.17000000,31.55000000,31.66000000,3595.43000000
2022-01-04,31.72000000,31.75000000,31.61000000,31.64000000,216.74000000
2022-01-04,31.67000000,31.68000000,31.57000000,31.60000000,203.07000000
2022-01-04,31.62000000,31.76000000,31.57000000,31.69000000,92.98000000
2022-01-04,31.70000000,31.77000000,31.61000000,31.77000000,19.78000000
2022-01-04,31.66000000,31.68000000,31.55000000,31.55000000,262.15000000
2022-01-04,31.61000000,31.77000000,31.56000000,31.60000000,82.25000000
2022-01-04,31.59000000,31.73000000,31.55000000,31.66000000,87.25000000
2022-01-04,31.74000000,31.78000000,31.66000000,31.74000000,201.07000000
2022-01-04,31.75000000,31.76000000,31.56000000,31.56000000,329.82000000
2022-01-04,31.70000000,31.70000000,31.50000000,31.56000000,82.88000000
2022-01-04,31.58000000,31.91000000,31.50000000,31.71000000,221.42000000
2022-01-04,31.70000000,31.83000000,31.60000000,31.72000000,366.96000000
2022-01-04,31.64000000,31.68000000,31.55000000,31.64000000,160.47000000
2022-01-04,31.64000000,31.81000000,31.56000000,31.81000000,229.63000000
2022-01-04,31.78000000,32.10000000,31.75000000,31.98000000,310.61000000
2022-01-04,31.99000000,32.09000000,31.98000000,31.98000000,395.47000000
2022-01-05,31.91000000,32.19000000,31.87000000,32.07000000,246.55000000
2022-01-05,32.18000000,32.19000000,32.00000000,32.00000000,83.40000000
2022-01-05,32.00000000,32.11000000,31.40000000,31.49000000,300.65000000
2022-01-05,31.49000000,31.90000000,31.42000000,31.67000000,124.14000000
2022-01-05,31.67000000,32.10000000,31.67000000,31.97000000,175.31000000
2022-01-05,32.03000000,32.37000000,31.36000000,31.55000000,5590.32000000
2022-01-05,31.55000000,31.55000000,31.36000000,31.43000000,345.26000000
2022-01-05,31.47000000,31.47000000,31.24000000,31.33000000,318.91000000
2022-01-05,31.33000000,32.00000000,31.25000000,31.85000000,222.36000000
2022-01-05,31.95000000,32.01000000,31.72000000,31.72000000,94.02000000
2022-01-05,31.76000000,31.76000000,31.72000000,31.74000000,108.55000000
2022-01-05,31.72000000,32.10000000,31.72000000,31.73000000,322.69000000
2022-01-05,31.75000000,31.80000000,31.73000000,31.73000000,15.11000000
2022-01-05,31.81000000,31.81000000,31.64000000,31.65000000,92.09000000
2022-01-05,31.72000000,32.09000000,31.66000000,31.98000000,523.85000000
2022-01-05,32.02000000,32.09000000,31.98000000,32.00000000,30.15000000
2022-01-05,32.06000000,32.09000000,31.98000000,32.08000000,51.15000000
2022-01-05,32.09000000,32.18000000,32.08000000,32.15000000,99.28000000
2022-01-05,32.17000000,32.26000000,32.17000000,32.24000000,73.37000000
2022-01-05,32.19000000,32.20000000,32.00000000,32.00000000,337.14000000
2022-01-05,32.00000000,32.15000000,31.83000000,31.91000000,202.89000000
2022-01-05,31.99000000,32.06000000,31.91000000,32.05000000,69.31000000
2022-01-05,32.12000000,32.26000000,31.82000000,32.11000000,307.70000000
2022-01-05,32.18000000,32.18000000,31.77000000,31.84000000,974.89000000
2022-01-06,31.86000000,31.89000000,31.70000000,31.70000000,244.99000000
2022-01-06,31.64000000,31.70000000,31.38000000,31.38000000,349.12000000
2022-01-06,31.41000000,31.69000000,31.11000000,31.69000000,691.75000000
2022-01-06,31.64000000,31.69000000,30.60000000,30.60000000,716.87000000
2022-01-06,30.64000000,31.38000000,30.16000000,30.26000000,2340.61200000
2022-01-06,30.18000000,30.51000000,29.91000000,30.15000000,1574.58000000
2022-01-06,30.12000000,30.12000000,29.00000000,29.79000000,2303.34000000
2022-01-06,29.79000000,30.20000000,29.71000000,29.77000000,1230.70000000
2022-01-06,29.82000000,30.00000000,29.73000000,29.99000000,1723.92000000
2022-01-06,29.99000000,30.08000000,29.74000000,29.88000000,445.79000000
2022-01-06,29.91000000,29.93000000,29.81000000,29.82000000,60.97000000
2022-01-06,29.71000000,29.75000000,29.52000000,29.61000000,180.62000000
2022-01-06,29.73000000,29.94000000,29.50000000,29.57000000,705.69000000
2022-01-06,29.55000000,29.55000000,29.31000000,29.41000000,386.10000000
2022-01-06,29.31000000,29.47000000,29.22000000,29.32000000,195.45000000
2022-01-06,29.43000000,30.10000000,29.43000000,30.00000000,888.95000000
2022-01-06,29.94000000,29.96000000,29.42000000,29.47000000,620.17000000
2022-01-06,29.44000000,29.44000000,28.83000000,28.90000000,516.06000000
2022-01-06,28.90000000,29.19000000,28.90000000,29.11000000,318.32000000
2022-01-06,29.11000000,29.24000000,28.98000000,29.08000000,121.27000000
2022-01-06,29.15000000,29.15000000,28.81000000,28.92000000,395.22000000
2022-01-06,29.00000000,29.15000000,28.91000000,29.08000000,245.72000000
2022-01-06,29.14000000,29.34000000,28.93000000,28.98000000,252.62000000
2022-01-06,28.95000000,29.16000000,28.90000000,29.03000000,422.94000000
2022-01-07,29.10000000,29.10000000,28.91000000,28.98000000,180.37000000
2022-01-07,28.94000000,29.18000000,28.94000000,29.17000000,57.38000000
2022-01-07,29.14000000,29.82000000,29.14000000,29.72000000,761.01000000
2022-01-07,29.71000000,29.79000000,29.62000000,29.79000000,169.50000000
2022-01-07,29.79000000,29.83000000,29.55000000,29.60000000,106.72000000
2022-01-07,29.60000000,29.75000000,29.56000000,29.70000000,116.11000000
2022-01-07,29.72000000,29.81000000,29.17000000,29.24000000,645.36000000
2022-01-07,29.27000000,29.42000000,29.27000000,29.35000000,731.84000000
2022-01-07,29.28000000,29.30000000,29.06000000,29.09000000,187.68000000
2022-01-07,29.14000000,29.34000000,29.14000000,29.34000000,163.59000000
2022-01-07,29.34000000,29.34000000,29.16000000,29.16000000,67.06000000
2022-01-07,29.14000000,29.21000000,28.50000000,28.66000000,377.16400000
2022-01-07,28.66000000,29.05000000,28.00000000,28.92000000,2397.27600000
2022-01-07,29.00000000,29.06000000,28.93000000,29.06000000,6.52000000
2022-01-07,28.90000000,28.90000000,28.28000000,28.36000000,135.66000000
2022-01-07,28.36000000,28.40000000,28.06000000,28.39000000,1072.05000000
2022-01-07,28.41000000,28.93000000,28.41000000,28.61000000,229.07000000
2022-01-07,28.70000000,28.94000000,28.70000000,28.87000000,152.04000000
2022-01-07,28.86000000,28.90000000,28.51000000,28.51000000,408.16000000
2022-01-07,28.49000000,29.48000000,28.47000000,29.18000000,1133.88000000
2022-01-07,29.27000000,29.31000000,28.89000000,29.14000000,550.33000000
2022-01-07,29.21000000,29.40000000,28.66000000,28.69000000,395.43000000
2022-01-07,28.62000000,29.02000000,28.62000000,28.98000000,162.30000000
2022-01-07,28.99000000,29.05000000,28.19000000,28.65000000,762.20000000
2022-01-08,28.68000000,29.01000000,28.58000000,29.01000000,362.47000000
2022-01-08,28.96000000,28.96000000,28.68000000,28.78000000,182.13000000
2022-01-08,28.77000000,28.82000000,28.31000000,28.38000000,1017.51000000
2022-01-08,28.44000000,28.45000000,28.05000000,28.37000000,527.36000000
2022-01-08,28.37000000,28.53000000,28.33000000,28.43000000,300.13000000
2022-01-08,28.42000000,28.79000000,28.22000000,28.28000000,524.61000000
2022-01-08,28.23000000,28.25000000,27.91000000,27.91000000,509.24000000
2022-01-08,27.97000000,27.99000000,27.85000000,27.90000000,87.93000000
2022-01-08,28.01000000,28.22000000,27.96000000,28.22000000,599.33000000
2022-01-08,28.28000000,28.39000000,28.27000000,28.27000000,28.35000000
2022-01-08,28.19000000,28.24000000,27.98000000,28.02000000,101.14000000
2022-01-08,28.02000000,28.05000000,27.90000000,28.05000000,168.19000000
2022-01-08,28.05000000,28.21000000,28.05000000,28.13000000,57.38000000
2022-01-08,28.17000000,28.23000000,28.09000000,28.14000000,96.66000000
2022-01-08,28.09000000,28.14000000,28.09000000,28.14000000,33.42000000
2022-01-08,28.20000000,28.27000000,28.20000000,28.20000000,201.00000000
2022-01-08,28.28000000,28.41000000,28.27000000,28.36000000,142.23000000
2022-01-08,28.36000000,28.36000000,28.35000000,28.35000000,15.20000000
2022-01-08,28.35000000,28.42000000,28.11000000,28.11000000,173.84000000
2022-01-08,28.16000000,28.16000000,28.02000000,28.09000000,584.96000000
2022-01-08,28.12000000,28.12000000,28.07000000,28.08000000,107.57000000
2022-01-08,28.11000000,28.11000000,27.88000000,28.04000000,271.71000000
2022-01-08,28.01000000,28.06000000,27.95000000,28.01000000,112.60000000
2022-01-08,27.98000000,28.03000000,27.83000000,27.99000000,351.94000000
2022-01-09,28.01000000,28.22000000,27.93000000,27.94000000,535.82000000
2022-01-09,27.95000000,27.95000000,27.57000000,27.57000000,352.64000000
2022-01-09,27.62000000,27.96000000,27.48000000,27.56000000,856.56000000
2022-01-09,27.57000000,27.73000000,26.99000000,27.08000000,1772.50000000
2022-01-09,27.12000000,27.15000000,27.01000000,27.12000000,105.26000000
2022-01-09,27.12000000,28.21000000,27.12000000,27.98000000,907.12000000
2022-01-09,27.94000000,28.19000000,27.90000000,28.02000000,150.94000000
2022-01-09,28.06000000,28.06000000,27.92000000,27.98000000,24.14000000
2022-01-09,27.94000000,27.96000000,27.69000000,27.76000000,143.33000000
2022-01-09,27.76000000,27.86000000,27.72000000,27.80000000,71.00000000
2022-01-09,27.78000000,28.00000000,27.78000000,27.95000000,15.02000000
2022-01-09,27.92000000,27.92000000,27.85000000,27.87000000,103.59000000
2022-01-09,27.90000000,27.94000000,27.82000000,27.94000000,97.31000000
2022-01-09,28.07000000,28.07000000,27.94000000,27.94000000,24.51000000
2022-01-09,27.85000000,27.95000000,27.85000000,27.92000000,28.25000000
2022-01-09,27.92000000,27.92000000,27.69000000,27.70000000,327.96000000
2022-01-09,27.70000000,27.74000000,27.68000000,27.68000000,59.91000000
2022-01-09,27.71000000,27.71000000,27.49000000,27.50000000,192.45000000
2022-01-09,27.50000000,27.50000000,27.37000000,27.46000000,213.90000000
2022-01-09,27.46000000,27.72000000,27.42000000,27.65000000,316.66000000
2022-01-09,27.64000000,27.66000000,27.55000000,27.64000000,128.26000000
2022-01-09,27.60000000,27.61000000,27.46000000,27.46000000,99.26000000
2022-01-09,27.51000000,27.82000000,27.51000000,27.75000000,207.59000000
2022-01-09,27.74000000,27.78000000,27.58000000,27.76000000,131.47000000
2022-01-10,27.75000000,28.18000000,27.67000000,28.10000000,215.84000000
2022-01-10,28.14000000,28.18000000,28.04000000,28.06000000,263.02000000
2022-01-10,28.13000000,28.17000000,28.09000000,28.11000000,81.91000000
2022-01-10,28.12000000,28.90000000,28.12000000,28.62000000,1510.70000000
2022-01-10,28.67000000,28.70000000,28.54000000,28.54000000,74.86000000
2022-01-10,28.54000000,28.61000000,28.54000000,28.61000000,9.20000000
2022-01-10,28.55000000,28.93000000,28.55000000,28.66000000,551.10000000
2022-01-10,28.54000000,28.54000000,28.07000000,28.07000000,234.59000000
2022-01-10,28.07000000,28.09000000,27.82000000,27.87000000,508.11000000
2022-01-10,27.85000000,27.90000000,27.82000000,27.90000000,188.23000000
2022-01-10,27.89000000,28.10000000,27.87000000,28.10000000,82.15000000
2022-01-10,28.08000000,28.10000000,28.05000000,28.10000000,21.31000000
2022-01-10,28.12000000,28.23000000,28.08000000,28.20000000,61.13000000
2022-01-10,28.28000000,28.28000000,28.28000000,28.28000000,3.76000000
2022-01-10,28.30000000,28.36000000,28.28000000,28.34000000,97.34000000
2022-01-10,28.32000000,28.33000000,28.26000000,28.33000000,116.55000000
2022-01-10,28.37000000,28.37000000,28.18000000,28.20000000,448.27000000
2022-01-10,28.17000000,28.44000000,27.98000000,28.21000000,539.76000000
2022-01-10,28.16000000,28.21000000,28.14000000,28.14000000,35.17000000
2022-01-10,28.09000000,28.09000000,27.55000000,27.56000000,870.30000000
2022-01-10,27.62000000,27.62000000,27.00000000,27.03000000,413.02000000
2022-01-10,27.01000000,27.29000000,26.94000000,27.17000000,770.35000000
2022-01-10,27.14000000,27.77000000,26.56000000,27.39000000,3086.76000000
2022-01-10,27.39000000,27.44000000,27.09000000,27.26000000,1496.27000000
2022-01-11,27.29000000,28.19000000,27.29000000,27.96000000,849.81000000
2022-01-11,28.15000000,28.15000000,27.06000000,27.09000000,774.20000000
2022-01-11,27.10000000,27.44000000,27.04000000,27.44000000,153.36000000
2022-01-11,27.37000000,27.49000000,27.30000000,27.36000000,90.86000000
2022-01-11,27.36000000,27.37000000,27.08000000,27.20000000,300.25000000
2022-01-11,27.43000000,27.43000000,27.13000000,27.14000000,119.12000000
2022-01-11,27.16000000,27.21000000,27.11000000,27.21000000,141.79000000
2022-01-11,27.16000000,27.38000000,27.16000000,27.36000000,142.99000000
2022-01-11,27.27000000,27.27000000,27.21000000,27.27000000,157.22000000
2022-01-11,27.24000000,27.39000000,27.24000000,27.39000000,61.25000000
2022-01-11,27.34000000,27.40000000,27.34000000,27.37000000,1445.08000000
2022-01-11,27.37000000,27.40000000,27.31000000,27.40000000,177.74000000
2022-01-11,27.40000000,27.40000000,27.35000000,27.39000000,640.25000000
2022-01-11,27.37000000,27.37000000,27.25000000,27.30000000,294.14000000
2022-01-11,27.30000000,27.33000000,27.27000000,27.29000000,47.69000000
2022-01-11,27.32000000,27.32000000,27.26000000,27.29000000,81.16000000
2022-01-11,27.36000000,27.40000000,27.20000000,27.21000000,934.31000000
2022-01-11,27.24000000,27.25000000,27.13000000,27.20000000,241.89000000
2022-01-11,27.16000000,27.16000000,26.97000000,27.00000000,179.83000000
2022-01-11,27.00000000,27.11000000,26.97000000,27.11000000,150.84000000
2022-01-11,27.11000000,27.40000000,27.11000000,27.40000000,302.32000000
2022-01-11,27.37000000,27.40000000,27.29000000,27.30000000,596.17000000
2022-01-11,27.33000000,27.36000000,27.06000000,27.10000000,794.42000000
2022-01-11,27.17000000,27.65000000,27.14000000,27.65000000,1117.22000000
2022-01-12,27.72000000,28.41000000,27.67000000,28.17000000,1159.75000000
2022-01-12,28.23000000,28.66000000,28.22000000,28.60000000,1031.06000000
2022-01-12,28.67000000,28.84000000,28.51000000,28.76000000,245.58000000
2022-01-12,28.79000000,28.96000000,28.76000000,28.80000000,258.89000000
2022-01-12,28.80000000,28.80000000,28.59000000,28.61000000,230.41000000
2022-01-12,28.55000000,28.67000000,28.48000000,28.56000000,165.93000000
2022-01-12,28.64000000,28.85000000,28.47000000,28.59000000,624.67000000
2022-01-12,28.60000000,28.63000000,28.41000000,28.41000000,307.05000000
2022-01-12,28.40000000,28.50000000,28.07000000,28.21000000,900.39000000
2022-01-12,28.19000000,28.42000000,28.13000000,28.28000000,475.38000000
2022-01-12,28.28000000,28.31000000,28.28000000,28.28000000,21.48000000
2022-01-12,28.24000000,28.31000000,28.19000000,28.31000000,45.43000000
2022-01-12,28.21000000,28.39000000,28.21000000,28.29000000,52.98000000
2022-01-12,28.34000000,28.34000000,28.34000000,28.34000000,14.98000000
2022-01-12,28.36000000,28.36000000,28.27000000,28.31000000,48.52000000
2022-01-12,28.25000000,28.25000000,28.14000000,28.21000000,51.73000000
2022-01-12,28.21000000,28.42000000,28.20000000,28.37000000,282.40000000
2022-01-12,28.32000000,28.42000000,28.32000000,28.42000000,250.98000000
2022-01-12,28.42000000,28.42000000,28.39000000,28.39000000,157.50000000
2022-01-12,28.42000000,28.42000000,28.33000000,28.36000000,543.08000000
2022-01-12,28.36000000,28.67000000,28.36000000,28.56000000,2319.35000000
2022-01-12,28.59000000,28.86000000,28.49000000,28.83000000,667.14000000
2022-01-12,28.77000000,28.86000000,28.60000000,28.85000000,624.36000000
2022-01-12,28.85000000,28.85000000,28.55000000,28.61000000,140.02000000
2022-01-13,28.63000000,29.06000000,28.63000000,28.98000000,1390.17000000
2022-01-13,28.99000000,28.99000000,28.85000000,28.97000000,71.46000000
2022-01-13,28.95000000,29.00000000,28.88000000,28.94000000,205.13000000
2022-01-13,28.94000000,29.24000000,28.90000000,29.22000000,606.61000000
2022-01-13,29.20000000,29.30000000,29.09000000,29.17000000,316.56000000
2022-01-13,29.09000000,29.15000000,28.90000000,28.90000000,346.49000000
2022-01-13,28.90000000,29.01000000,28.88000000,28.99000000,251.30000000
2022-01-13,28.98000000,28.98000000,28.89000000,28.89000000,153.21000000
2022-01-13,28.84000000,28.87000000,28.72000000,28.73000000,454.50000000
2022-01-13,28.73000000,28.73000000,28.59000000,28.60000000,336.92000000
2022-01-13,28.60000000,28.65000000,28.60000000,28.63000000,63.17000000
2022-01-13,28.66000000,28.66000000,28.55000000,28.66000000,117.66000000
2022-01-13,28.73000000,28.76000000,28.55000000,28.60000000,969.46000000
2022-01-13,28.55000000,28.63000000,28.55000000,28.56000000,89.02000000
2022-01-13,28.56000000,28.64000000,28.56000000,28.63000000,64.08000000
2022-01-13,28.63000000,28.66000000,28.57000000,28.60000000,62.70000000
2022-01-13,28.60000000,28.83000000,28.60000000,28.83000000,149.81000000
2022-01-13,28.78000000,28.90000000,28.76000000,28.85000000,150.03000000
2022-01-13,28.85000000,28.90000000,28.76000000,28.76000000,72.00000000
2022-01-13,28.74000000,28.74000000,28.40000000,28.47000000,234.81000000
2022-01-13,28.58000000,28.65000000,28.58000000,28.65000000,32.10000000
2022-01-13,28.60000000,28.69000000,28.58000000,28.62000000,26.79000000
2022-01-13,28.66000000,28.98000000,28.66000000,28.83000000,331.76000000
2022-01-13,28.81000000,28.86000000,28.09000000,28.19000000,1105.70000000
2022-01-14,28.19000000,28.33000000,28.19000000,28.32000000,149.71000000
2022-01-14,28.29000000,28.29000000,28.02000000,28.14000000,101.93000000
2022-01-14,28.19000000,28.20000000,28.07000000,28.14000000,54.97000000
2022-01-14,28.09000000,28.19000000,28.01000000,28.08000000,273.77000000
2022-01-14,28.02000000,28.02000000,27.89000000,27.98000000,400.73000000
2022-01-14,27.99000000,27.99000000,27.83000000,27.83000000,383.65000000
2022-01-14,27.83000000,27.85000000,27.76000000,27.80000000,148.43000000
2022-01-14,27.80000000,27.80000000,27.72000000,27.78000000,88.29000000
2022-01-14,27.72000000,27.72000000,27.60000000,27.66000000,1129.91000000
2022-01-14,27.66000000,27.68000000,27.61000000,27.61000000,98.70000000
2022-01-14,27.63000000,27.63000000,27.45000000,27.55000000,423.94000000
2022-01-14,27.62000000,27.62000000,27.62000000,27.62000000,35.54000000
2022-01-14,27.63000000,27.73000000,27.62000000,27.68000000,62.79000000
2022-01-14,27.67000000,27.82000000,27.66000000,27.82000000,79.71000000
2022-01-14,27.80000000,27.96000000,27.80000000,27.84000000,41.10000000
2022-01-14,27.85000000,27.85000000,27.75000000,27.78000000,91.29000000
2022-01-14,27.79000000,27.79000000,27.62000000,27.66000000,152.03000000
2022-01-14,27.82000000,27.91000000,27.77000000,27.83000000,77.96000000
2022-01-14,27.83000000,28.00000000,27.72000000,27.75000000,152.01000000
2022-01-14,27.68000000,27.68000000,27.61000000,27.64000000,129.96000000
2022-01-14,27.70000000,27.99000000,27.56000000,27.56000000,818.15000000
2022-01-14,27.59000000,27.78000000,27.54000000,27.61000000,285.85000000
2022-01-14,27.55000000,28.13000000,27.42000000,28.07000000,626.07000000
2022-01-14,28.05000000,28.31000000,28.04000000,28.25000000,189.49000000
2022-01-15,28.32000000,28.32000000,28.11000000,28.18000000,430.83000000
2022-01-15,28.23000000,28.23000000,28.04000000,28.04000000,44.17000000
2022-01-15,28.09000000,28.26000000,28.03000000,28.26000000,101.27000000
2022-01-15,28.32000000,28.40000000,28.24000000,28.26000000,162.52000000
2022-01-15,28.26000000,28.33000000,28.26000000,28.31000000,3.91000000
2022-01-15,28.33000000,28.47000000,28.33000000,28.47000000,36.94000000
2022-01-15,28.47000000,28.56000000,28.40000000,28.48000000,153.66000000
2022-01-15,28.54000000,28.54000000,28.38000000,28.38000000,21.80000000
2022-01-15,28.46000000,28.53000000,28.40000000,28.40000000,100.68000000
2022-01-15,28.44000000,28.45000000,28.32000000,28.32000000,49.42000000
2022-01-15,28.33000000,28.33000000,28.32000000,28.33000000,10.47000000
2022-01-15,28.38000000,28.38000000,28.31000000,28.31000000,15.52000000
2022-01-15,28.26000000,28.26000000,28.18000000,28.18000000,47.60000000
2022-01-15,28.20000000,28.32000000,28.17000000,28.32000000,75.23000000
2022-01-15,28.23000000,28.27000000,28.22000000,28.27000000,24.28000000
2022-01-15,28.35000000,28.38000000,28.31000000,28.38000000,33.00000000
2022-01-15,28.36000000,28.39000000,28.32000000,28.32000000,49.84000000
2022-01-15,28.37000000,28.44000000,28.37000000,28.42000000,26.16000000
2022-01-15,28.49000000,28.73000000,28.49000000,28.70000000,221.88000000
2022-01-15,28.70000000,28.99000000,28.63000000,28.93000000,1591.32000000
2022-01-15,28.95000000,28.99000000,28.79000000,28.80000000,226.12000000
2022-01-15,28.82000000,28.85000000,28.69000000,28.83000000,125.09000000
2022-01-15,28.83000000,28.94000000,28.68000000,28.83000000,166.78000000
2022-01-15,28.83000000,28.99000000,28.83000000,28.99000000,113.23000000
2022-01-16,28.92000000,28.99000000,28.90000000,28.90000000,253.04000000
2022-01-16,28.92000000,28.95000000,28.83000000,28.94000000,540.54000000
2022-01-16,28.92000000,28.92000000,28.75000000,28.75000000,243.59000000
2022-01-16,28.83000000,28.85000000,28.77000000,28.79000000,96.53000000
2022-01-16,28.85000000,28.99000000,28.78000000,28.78000000,283.05000000
2022-01-16,28.73000000,28.74000000,28.61000000,28.61000000,31.93000000
2022-01-16,28.65000000,28.74000000,28.63000000,28.74000000,21.83000000
2022-01-16,28.73000000,28.82000000,28.73000000,28.78000000,125.52000000
2022-01-16,28.72000000,28.72000000,28.66000000,28.68000000,174.82000000
2022-01-16,28.73000000,28.73000000,28.63000000,28.63000000,31.97000000
2022-01-16,28.63000000,28.63000000,28.58000000,28.58000000,117.88000000
2022-01-16,28.56000000,28.56000000,28.42000000,28.45000000,222.51000000
2022-01-16,28.44000000,28.55000000,28.42000000,28.55000000,20.41000000
2022-01-16,28.44000000,28.57000000,28.42000000,28.55000000,55.79000000
2022-01-16,28.51000000,28.68000000,28.51000000,28.55000000,176.34000000
2022-01-16,28.57000000,28.67000000,28.57000000,28.61000000,46.97000000
2022-01-16,28.67000000,28.67000000,28.55000000,28.55000000,101.21000000
2022-01-16,28.57000000,28.57000000,28.47000000,28.56000000,132.16000000
2022-01-16,28.56000000,28.59000000,28.46000000,28.46000000,93.85000000
2022-01-16,28.42000000,28.46000000,28.35000000,28.46000000,116.27000000
2022-01-16,28.45000000,28.52000000,28.38000000,28.51000000,73.08000000
2022-01-16,28.45000000,28.51000000,28.24000000,28.45000000,103.02000000
2022-01-16,28.57000000,28.67000000,28.52000000,28.64000000,162.68000000
2022-01-16,28.58000000,28.65000000,28.46000000,28.55000000,180.80000000
2022-01-17,28.52000000,28.61000000,28.52000000,28.61000000,108.02000000
2022-01-17,28.61000000,28.62000000,28.43000000,28.46000000,31.84000000
2022-01-17,28.49000000,28.49000000,28.41000000,28.44000000,20.26000000
2022-01-17,28.42000000,28.42000000,28.33000000,28.33000000,123.77000000
2022-01-17,28.34000000,28.41000000,28.31000000,28.41000000,36.94000000
2022-01-17,28.41000000,28.42000000,28.32000000,28.32000000,52.79000000
2022-01-17,28.49000000,28.55000000,28.49000000,28.50000000,30.81000000
2022-01-17,28.52000000,28.53000000,28.39000000,28.39000000,162.34000000
2022-01-17,28.48000000,28.56000000,28.44000000,28.44000000,156.24000000
2022-01-17,28.44000000,28.45000000,28.28000000,28.28000000,187.10000000
2022-01-17,28.33000000,28.33000000,28.11000000,28.13000000,543.95000000
2022-01-17,28.13000000,28.16000000,28.00000000,28.01000000,405.51000000
2022-01-17,28.00000000,28.00000000,27.85000000,27.85000000,277.54000000
2022-01-17,27.85000000,27.88000000,27.68000000,27.80000000,102.01000000
2022-01-17,27.89000000,27.98000000,27.73000000,27.80000000,405.36000000
2022-01-17,27.80000000,27.87000000,27.78000000,27.79000000,45.30000000
2022-01-17,27.83000000,27.94000000,27.80000000,27.86000000,264.84000000
2022-01-17,27.89000000,28.22000000,27.89000000,28.22000000,801.41000000
2022-01-17,28.18000000,28.32000000,28.18000000,28.32000000,126.62000000
2022-01-17,28.30000000,28.40000000,28.30000000,28.30000000,107.46000000
2022-01-17,28.30000000,28.30000000,27.90000000,27.90000000,834.87000000
2022-01-17,27.92000000,27.95000000,27.87000000,27.95000000,175.26000000
2022-01-17,27.89000000,28.03000000,27.89000000,28.02000000,217.52000000
2022-01-17,28.11000000,28.18000000,28.04000000,28.09000000,97.88000000
2022-01-18,28.10000000,28.11000000,27.89000000,27.89000000,161.13000000
2022-01-18,27.90000000,27.90000000,27.71000000,27.76000000,152.71000000
2022-01-18,27.70000000,27.70000000,27.61000000,27.68000000,162.16000000
2022-01-18,27.68000000,27.75000000,27.68000000,27.68000000,293.18000000
2022-01-18,27.73000000,27.80000000,27.71000000,27.73000000,46.40000000
2022-01-18,27.72000000,27.76000000,27.55000000,27.58000000,121.91000000
2022-01-18,27.52000000,27.63000000,27.44000000,27.61000000,191.75000000
2022-01-18,27.57000000,27.98000000,27.57000000,27.85000000,406.11000000
2022-01-18,27.99000000,28.02000000,27.91000000,27.95000000,91.44000000
2022-01-18,28.03000000,28.03000000,27.90000000,27.90000000,73.57000000
2022-01-18,27.89000000,27.89000000,27.69000000,27.73000000,229.06000000
2022-01-18,27.71000000,27.71000000,27.50000000,27.50000000,175.29000000
2022-01-18,27.49000000,27.50000000,27.37000000,27.40000000,101.20000000
2022-01-18,27.37000000,27.42000000,27.33000000,27.34000000,115.77000000
2022-01-18,27.33000000,27.45000000,27.33000000,27.44000000,19.40000000
2022-01-18,27.44000000,27.47000000,27.39000000,27.39000000,82.46000000
2022-01-18,27.46000000,27.46000000,27.26000000,27.26000000,308.15000000
2022-01-18,27.28000000,27.39000000,27.15000000,27.33000000,478.71000000
2022-01-18,27.33000000,27.38000000,27.30000000,27.32000000,92.68000000
2022-01-18,27.32000000,27.32000000,27.19000000,27.19000000,50.24000000
2022-01-18,27.24000000,27.29000000,27.16000000,27.21000000,53.14000000
2022-01-18,27.30000000,27.30000000,27.12000000,27.25000000,198.96000000
2022-01-18,27.31000000,27.32000000,27.11000000,27.13000000,136.05000000
2022-01-18,27.13000000,27.23000000,27.13000000,27.23000000,190.22000000
2022-01-19,27.23000000,27.25000000,27.16000000,27.25000000,54.34000000
2022-01-19,27.25000000,27.26000000,27.14000000,27.26000000,177.19000000
2022-01-19,27.21000000,27.24000000,27.20000000,27.24000000,33.53000000
2022-01-19,27.18000000,27.26000000,27.18000000,27.19000000,74.76000000
2022-01-19,27.25000000,27.26000000,27.18000000,27.18000000,52.81000000
2022-01-19,27.23000000,28.00000000,27.23000000,27.63000000,1519.44000000
2022-01-19,27.57000000,27.57000000,27.21000000,27.35000000,1182.65000000
2022-01-19,27.35000000,27.41000000,27.27000000,27.28000000,270.10000000
2022-01-19,27.26000000,27.37000000,27.24000000,27.25000000,85.63000000
2022-01-19,27.33000000,27.34000000,27.23000000,27.32000000,87.35000000
2022-01-19,27.32000000,27.32000000,27.32000000,27.32000000,0.91000000
2022-01-19,27.23000000,27.25000000,26.50000000,26.86000000,1762.17000000
2022-01-19,26.91000000,26.91000000,26.81000000,26.83000000,114.58000000
2022-01-19,26.84000000,26.90000000,26.84000000,26.87000000,100.78000000
2022-01-19,26.84000000,26.91000000,26.81000000,26.81000000,73.86000000
2022-01-19,26.81000000,26.81000000,26.48000000,26.58000000,689.81000000
2022-01-19,26.55000000,26.74000000,26.55000000,26.74000000,77.77000000
2022-01-19,26.90000000,27.10000000,26.90000000,27.09000000,131.43000000
2022-01-19,27.14000000,27.14000000,27.08000000,27.10000000,40.20000000
2022-01-19,27.18000000,27.44000000,27.18000000,27.43000000,84.06000000
2022-01-19,27.43000000,27.55000000,27.36000000,27.46000000,156.97000000
2022-01-19,27.48000000,27.55000000,27.18000000,27.21000000,913.88000000
2022-01-19,27.19000000,27.45000000,27.19000000,27.45000000,390.93000000
2022-01-19,27.45000000,27.54000000,27.12000000,27.12000000,388.81000000
2022-01-20,27.23000000,27.23000000,27.03000000,27.16000000,344.97000000
2022-01-20,27.22000000,27.40000000,27.21000000,27.26000000,198.61000000
2022-01-20,27.26000000,27.30000000,27.05000000,27.11000000,194.91000000
2022-01-20,27.09000000,27.11000000,27.02000000,27.07000000,421.60000000
2022-01-20,27.04000000,27.09000000,26.96000000,26.98000000,223.56000000
2022-01-20,27.02000000,27.05000000,26.91000000,26.99000000,104.78000000
2022-01-20,26.98000000,27.00000000,26.88000000,26.95000000,238.27000000
2022-01-20,26.92000000,26.93000000,26.76000000,26.76000000,26.26000000
2022-01-20,26.76000000,26.81000000,26.68000000,26.81000000,79.29000000
2022-01-20,26.73000000,26.89000000,26.67000000,26.69000000,129.92000000
2022-01-20,26.73000000,26.88000000,26.73000000,26.88000000,33.67000000
2022-01-20,26.79000000,26.79000000,26.75000000,26.78000000,33.33000000
2022-01-20,26.79000000,26.90000000,26.70000000,26.86000000,497.04000000
2022-01-20,26.88000000,26.89000000,26.80000000,26.85000000,68.82000000
2022-01-20,26.89000000,27.05000000,26.89000000,26.98000000,52.82000000
2022-01-20,26.94000000,27.01000000,26.93000000,27.01000000,14.36000000
2022-01-20,27.00000000,27.00000000,26.91000000,26.93000000,34.54000000
2022-01-20,26.91000000,27.17000000,26.89000000,27.04000000,312.66000000
2022-01-20,27.04000000,27.10000000,26.90000000,26.93000000,190.83000000
2022-01-20,26.92000000,26.92000000,26.86000000,26.87000000,107.43000000
2022-01-20,26.83000000,26.83000000,26.66000000,26.72000000,216.53000000
2022-01-20,26.69000000,26.94000000,26.69000000,26.93000000,67.01000000
2022-01-20,26.93000000,27.26000000,26.93000000,27.26000000,256.05000000
2022-01-20,27.26000000,27.48000000,27.25000000,27.38000000,332.93000000
2022-01-21,27.35000000,27.35000000,27.22000000,27.34000000,193.98000000
2022-01-21,27.29000000,27.31000000,27.22000000,27.24000000,94.98000000
2022-01-21,27.24000000,27.24000000,27.13000000,27.13000000,111.50000000
2022-01-21,27.08000000,27.30000000,27.04000000,27.18000000,186.07000000
2022-01-21,27.12000000,27.25000000,27.03000000,27.25000000,155.55000000
2022-01-21,27.27000000,27.32000000,26.68000000,26.68000000,332.24000000
2022-01-21,26.63000000,26.65000000,25.96000000,26.04000000,882.31000000
2022-01-21,25.94000000,26.05000000,25.36000000,25.42000000,1208.69000000
2022-01-21,25.32000000,25.67000000,25.29000000,25.62000000,279.10000000
2022-01-21,25.63000000,25.67000000,25.17000000,25.27000000,434.87000000
2022-01-21,25.28000000,25.64000000,25.10000000,25.59000000,481.31000000
2022-01-21,25.61000000,25.79000000,25.00000000,25.02000000,587.56000000
2022-01-21,25.06000000,25.19000000,25.01000000,25.11000000,350.40000000
2022-01-21,25.02000000,25.08000000,25.00000000,25.02000000,794.91000000
2022-01-21,25.06000000,25.08000000,24.95000000,24.95000000,546.33000000
2022-01-21,25.00000000,25.40000000,24.92000000,25.23000000,306.20000000
2022-01-21,25.24000000,25.40000000,25.20000000,25.24000000,118.20000000
2022-01-21,25.16000000,25.17000000,25.03000000,25.13000000,42.39000000
2022-01-21,25.15000000,25.24000000,25.06000000,25.08000000,68.77000000
2022-01-21,25.16000000,25.18000000,24.99000000,24.99000000,46.32000000
2022-01-21,25.02000000,25.02000000,24.54000000,24.71000000,493.72000000
2022-01-21,24.65000000,25.00000000,24.65000000,24.66000000,513.86000000
2022-01-21,24.64000000,24.85000000,24.37000000,24.41000000,352.45000000
2022-01-21,24.40000000,24.99000000,24.37000000,24.99000000,141.41000000
2022-01-22,24.93000000,25.01000000,24.85000000,24.97000000,105.93000000
2022-01-22,24.97000000,25.39000000,24.70000000,25.07000000,438.39000000
2022-01-22,25.09000000,25.19000000,24.39000000,24.69000000,659.35000000
2022-01-22,24.72000000,24.77000000,24.40000000,24.50000000,295.68000000
2022-01-22,24.41000000,24.45000000,24.00000000,24.11000000,614.60900000
2022-01-22,24.16000000,24.22000000,23.50000000,23.62000000,735.42000000
2022-01-22,23.66000000,23.94000000,23.36000000,23.57000000,1180.62000000
2022-01-22,23.45000000,23.51000000,23.20000000,23.33000000,133.34000000
2022-01-22,23.28000000,23.41000000,23.20000000,23.28000000,250.84000000
2022-01-22,23.18000000,23.20000000,22.95000000,23.11000000,762.86000000
2022-01-22,23.08000000,23.11000000,22.91000000,23.03000000,271.60000000
2022-01-22,23.11000000,23.14000000,22.83000000,23.04000000,327.42000000
2022-01-22,23.11000000,23.13000000,23.03000000,23.03000000,26.53000000
2022-01-22,23.04000000,23.14000000,22.34000000,22.39000000,903.63000000
2022-01-22,22.37000000,22.43000000,22.08000000,22.33000000,1259.21000000
2022-01-22,22.27000000,22.28000000,21.94000000,21.94000000,623.07000000
2022-01-22,22.02000000,22.25000000,21.94000000,21.97000000,359.02000000
2022-01-22,21.99000000,22.00000000,21.32000000,21.34000000,770.31900000
2022-01-22,21.36000000,22.00000000,20.66000000,21.87000000,1484.29000000
2022-01-22,21.88000000,22.00000000,21.82000000,22.00000000,319.95000000
2022-01-22,22.00000000,22.89000000,22.00000000,22.82000000,956.96000000
2022-01-22,22.80000000,23.06000000,22.80000000,22.92000000,132.75000000
2022-01-22,22.87000000,22.87000000,22.31000000,22.31000000,34.70000000
2022-01-22,22.28000000,22.28000000,21.54000000,21.54000000,274.80000000
2022-01-23,21.63000000,21.88000000,21.22000000,21.38000000,727.99000000
2022-01-23,21.46000000,21.58000000,20.57000000,20.84000000,1640.10000000
2022-01-23,20.76000000,20.91000000,20.50000000,20.50000000,699.10000000
2022-01-23,20.51000000,21.24000000,20.40000000,21.13000000,2876.09000000
2022-01-23,21.16000000,21.93000000,21.01000000,21.85000000,448.59000000
2022-01-23,21.89000000,22.96000000,21.85000000,22.85000000,210.43000000
2022-01-23,22.83000000,22.91000000,21.46000000,21.53000000,564.49000000
2022-01-23,21.51000000,21.53000000,21.37000000,21.52000000,161.82000000
2022-01-23,21.54000000,22.26000000,21.53000000,22.10000000,535.95000000
2022-01-23,22.10000000,22.13000000,21.99000000,22.00000000,159.95000000
2022-01-23,21.97000000,21.97000000,21.61000000,21.61000000,109.79000000
2022-01-23,21.61000000,21.67000000,21.50000000,21.63000000,35.49000000
2022-01-23,21.63000000,21.90000000,21.61000000,21.90000000,46.42000000
2022-01-23,21.85000000,21.92000000,21.51000000,21.91000000,94.12000000
2022-01-23,21.98000000,22.01000000,21.84000000,21.93000000,132.71000000
2022-01-23,21.92000000,22.26000000,21.92000000,22.24000000,85.75000000
2022-01-23,22.19000000,22.57000000,22.12000000,22.50000000,675.40000000
2022-01-23,22.50000000,22.94000000,22.47000000,22.81000000,757.38000000
2022-01-23,22.81000000,22.89000000,22.76000000,22.82000000,119.64000000
2022-01-23,22.85000000,22.92000000,22.68000000,22.76000000,170.56000000
2022-01-23,22.75000000,22.75000000,22.63000000,22.75000000,238.91000000
2022-01-23,22.78000000,22.80000000,22.74000000,22.80000000,25.55000000
2022-01-23,22.80000000,22.80000000,21.88000000,21.93000000,625.61000000
2022-01-23,21.97000000,21.98000000,21.87000000,21.88000000,92.19000000
2022-01-24,21.95000000,22.05000000,21.92000000,21.99000000,144.78000000
2022-01-24,22.00000000,22.07000000,21.92000000,22.07000000,26.32000000
2022-01-24,22.01000000,22.03000000,21.85000000,21.85000000,79.91000000
2022-01-24,21.89000000,22.05000000,21.85000000,21.85000000,39.02000000
2022-01-24,21.84000000,24.97000000,21.77000000,22.14000000,32231.22000000
2022-01-24,22.11000000,22.84000000,21.76000000,21.97000000,6877.19000000
2022-01-24,22.00000000,22.12000000,21.70000000,21.70000000,859.14000000
2022-01-24,21.71000000,22.35000000,21.70000000,22.29000000,611.35000000
2022-01-24,22.29000000,22.83000000,22.01000000,22.65000000,1672.92000000
2022-01-24,22.63000000,22.63000000,22.03000000,22.03000000,1816.22000000
2022-01-24,21.97000000,22.42000000,21.69000000,21.72000000,2642.48000000
2022-01-24,21.76000000,22.00000000,21.76000000,21.87000000,590.87000000
2022-01-24,21.87000000,22.03000000,21.79000000,21.79000000,425.70000000
2022-01-24,21.77000000,21.78000000,21.65000000,21.74000000,33.98000000
2022-01-24,21.75000000,21.80000000,21.64000000,21.79000000,283.95000000
2022-01-24,21.71000000,21.82000000,21.60000000,21.60000000,298.26000000
2022-01-24,21.60000000,21.82000000,21.52000000,21.68000000,256.46000000
2022-01-24,21.59000000,21.59000000,20.92000000,20.93000000,1531.73000000
2022-01-24,20.88000000,20.88000000,19.43000000,19.52000000,7644.09400000
2022-01-24,19.54000000,19.96000000,19.37000000,19.52000000,1860.23000000
2022-01-24,19.52000000,19.64000000,19.05000000,19.06000000,1429.23000000
2022-01-24,19.06000000,19.36000000,19.04000000,19.27000000,800.21000000
2022-01-24,19.18000000,19.75000000,19.01000000,19.35000000,1461.92000000
2022-01-24,19.43000000,19.91000000,19.09000000,19.81000000,1883.75000000
2022-01-25,19.75000000,20.04000000,19.53000000,19.77000000,698.55000000
2022-01-25,19.73000000,20.21000000,19.51000000,20.18000000,600.54000000
2022-01-25,20.06000000,20.48000000,20.06000000,20.35000000,522.69000000
2022-01-25,20.40000000,20.40000000,20.15000000,20.25000000,342.19000000
2022-01-25,20.34000000,21.18000000,20.33000000,20.72000000,1193.28000000
2022-01-25,20.73000000,20.93000000,20.59000000,20.74000000,724.31000000
2022-01-25,20.63000000,20.68000000,20.51000000,20.52000000,209.56000000
2022-01-25,20.66000000,20.87000000,20.66000000,20.83000000,272.98000000
2022-01-25,20.83000000,20.83000000,20.40000000,20.40000000,674.09000000
2022-01-25,20.40000000,20.84000000,20.38000000,20.49000000,1190.75000000
2022-01-25,20.50000000,21.02000000,20.44000000,20.92000000,899.35000000
2022-01-25,20.87000000,21.01000000,20.77000000,20.83000000,431.77000000
2022-01-25,20.81000000,20.81000000,20.49000000,20.49000000,624.25000000
2022-01-25,20.49000000,20.59000000,20.45000000,20.47000000,142.42000000
2022-01-25,20.50000000,21.31000000,20.49000000,20.90000000,2496.48000000
2022-01-25,20.88000000,20.88000000,20.51000000,20.68000000,583.39000000
2022-01-25,20.79000000,20.91000000,20.72000000,20.77000000,188.57000000
2022-01-25,20.80000000,20.92000000,20.80000000,20.92000000,194.36000000
2022-01-25,20.93000000,21.15000000,20.87000000,20.91000000,298.26000000
2022-01-25,20.84000000,20.97000000,20.81000000,20.82000000,108.33000000
2022-01-25,20.78000000,21.13000000,20.78000000,21.05000000,570.35000000
2022-01-25,21.03000000,21.03000000,20.58000000,20.65000000,583.06000000
2022-01-25,20.66000000,20.88000000,20.50000000,20.50000000,293.20000000
2022-01-25,20.47000000,22.69000000,20.27000000,20.76000000,15260.65000000
2022-01-26,20.76000000,21.56000000,20.44000000,20.65000000,6244.84000000
2022-01-26,20.60000000,20.87000000,20.55000000,20.82000000,439.51000000
2022-01-26,20.76000000,21.31000000,20.76000000,21.19000000,775.63000000
2022-01-26,21.18000000,21.18000000,20.89000000,21.07000000,297.62000000
2022-01-26,21.00000000,21.00000000,20.50000000,20.50000000,507.20000000
2022-01-26,20.52000000,20.53000000,20.21000000,20.27000000,566.33000000
2022-01-26,20.31000000,20.37000000,20.20000000,20.35000000,87.58000000
2022-01-26,20.35000000,20.46000000,20.32000000,20.44000000,565.83000000
2022-01-26,20.46000000,20.46000000,20.27000000,20.30000000,336.18000000
2022-01-26,20.32000000,20.71000000,20.32000000,20.66000000,1228.09000000
2022-01-26,20.66000000,20.75000000,20.64000000,20.64000000,97.93000000
2022-01-26,20.64000000,20.86000000,20.62000000,20.82000000,575.37000000
2022-01-26,20.82000000,20.98000000,20.80000000,20.97000000,419.73000000
2022-01-26,20.97000000,21.00000000,20.89000000,20.95000000,400.25000000
2022-01-26,20.91000000,20.95000000,20.76000000,20.77000000,205.31000000
2022-01-26,20.79000000,20.83000000,20.68000000,20.83000000,188.93000000
2022-01-26,20.81000000,20.98000000,20.75000000,20.83000000,713.09000000
2022-01-26,20.81000000,21.00000000,20.79000000,20.81000000,1120.69000000
2022-01-26,20.81000000,21.28000000,20.81000000,21.23000000,1305.79000000
2022-01-26,21.22000000,21.35000000,21.15000000,21.18000000,276.38000000
2022-01-26,21.23000000,21.27000000,21.18000000,21.18000000,129.23000000
2022-01-26,21.21000000,21.72000000,21.10000000,21.59000000,811.17000000
2022-01-26,21.73000000,21.99000000,21.73000000,21.99000000,536.37000000
2022-01-26,21.98000000,21.99000000,21.48000000,21.61000000,525.74000000
2022-01-27,21.67000000,21.71000000,21.53000000,21.54000000,92.73000000
2022-01-27,21.59000000,21.59000000,21.41000000,21.42000000,193.55000000
2022-01-27,21.35000000,21.35000000,20.64000000,21.12000000,804.98000000
2022-01-27,21.06000000,21.70000000,20.94000000,20.98000000,1420.62000000
2022-01-27,20.97000000,21.06000000,20.37000000,20.71000000,2473.84000000
2022-01-27,20.72000000,20.72000000,20.27000000,20.29000000,90.46000000
2022-01-27,20.27000000,20.28000000,20.17000000,20.17000000,138.26000000
2022-01-27,20.32000000,20.34000000,20.29000000,20.34000000,1981.02000000
2022-01-27,20.39000000,20.59000000,20.39000000,20.54000000,154.27000000
2022-01-27,20.36000000,20.36000000,19.85000000,19.85000000,340.28000000
2022-01-27,19.86000000,19.86000000,19.69000000,19.82000000,299.91000000
2022-01-27,19.85000000,19.92000000,19.53000000,19.63000000,189.82000000
2022-01-27,19.68000000,19.87000000,19.58000000,19.75000000,478.59000000
2022-01-27,19.75000000,19.83000000,19.71000000,19.83000000,240.81000000
2022-01-27,19.83000000,26.00000000,19.83000000,24.23000000,54530.84000000
2022-01-27,24.28000000,33.44000000,24.00000000,31.30000000,222720.56000000
2022-01-27,31.28000000,34.30000000,28.47000000,28.66000000,196842.20000000
2022-01-27,28.66000000,30.13000000,27.72000000,28.20000000,80108.29000000
2022-01-27,28.12000000,28.44000000,27.07000000,28.19000000,49813.34000000
2022-01-27,28.19000000,29.95000000,27.50000000,27.87000000,70924.07000000
2022-01-27,27.87000000,29.62000000,27.81000000,29.00000000,54198.54000000
2022-01-27,29.06000000,30.40000000,28.18000000,28.55000000,54003.60000000
2022-01-27,28.57000000,29.15000000,27.91000000,27.97000000,34674.08000000
2022-01-27,28.00000000,28.39000000,27.20000000,27.73000000,21818.09000000
2022-01-28,27.75000000,27.99000000,26.51000000,26.55000000,23706.83000000
2022-01-28,26.55000000,26.69000000,25.72000000,26.20000000,20069.40000000
2022-01-28,26.24000000,27.64000000,26.06000000,27.61000000,27433.79000000
2022-01-28,27.61000000,28.55000000,26.34000000,28.43000000,44628.21000000
2022-01-28,28.42000000,28.81000000,26.97000000,27.04000000,32868.57000000
2022-01-28,27.06000000,28.56000000,27.02000000,27.81000000,18688.63000000
2022-01-28,27.78000000,27.86000000,26.25000000,26.46000000,21654.03000000
2022-01-28,26.43000000,26.84000000,25.92000000,26.75000000,10493.96000000
2022-01-28,26.73000000,34.11000000,26.14000000,33.37000000,118975.45000000
2022-01-28,33.31000000,33.42000000,29.47000000,29.58000000,59327.75000000
2022-01-28,29.52000000,31.63000000,28.96000000,30.50000000,47241.86000000
2022-01-28,30.58000000,30.74000000,29.60000000,29.89000000,17710.13000000
2022-01-28,29.89000000,31.50000000,29.31000000,30.81000000,20473.39000000
2022-01-28,30.78000000,31.63000000,30.33000000,30.50000000,29301.46000000
2022-01-28,30.55000000,30.55000000,29.50000000,29.56000000,20233.84000000
2022-01-28,29.52000000,30.50000000,28.35000000,28.53000000,17970.61000000
2022-01-28,28.58000000,28.87000000,27.10000000,27.35000000,16731.21000000
2022-01-28,27.35000000,27.53000000,26.83000000,26.99000000,7914.76000000
2022-01-28,26.96000000,27.38000000,26.33000000,26.52000000,6357.16000000
2022-01-28,26.52000000,27.01000000,26.13000000,26.19000000,8486.43000000
2022-01-28,26.18000000,26.97000000,26.12000000,26.17000000,7291.24000000
2022-01-28,26.17000000,27.17000000,26.06000000,26.94000000,5603.27000000
2022-01-28,26.96000000,27.00000000,26.03000000,26.04000000,3607.95000000
2022-01-28,26.04000000,28.45000000,26.00000000,27.91000000,16839.01000000
2022-01-29,27.91000000,28.24000000,27.17000000,28.09000000,7245.41000000
2022-01-29,28.08000000,30.41000000,28.02000000,29.40000000,23491.41000000
2022-01-29,29.40000000,30.40000000,28.18000000,28.26000000,21282.60000000
2022-01-29,28.32000000,29.09000000,28.29000000,28.60000000,5121.82000000
2022-01-29,28.61000000,28.61000000,27.67000000,27.84000000,4081.61000000
2022-01-29,27.82000000,28.43000000,27.57000000,28.22000000,4942.47000000
2022-01-29,28.25000000,28.31000000,27.26000000,27.32000000,2600.02000000
2022-01-29,27.26000000,27.89000000,27.06000000,27.63000000,2403.15000000
2022-01-29,27.64000000,29.72000000,27.46000000,27.92000000,15240.55000000
2022-01-29,27.91000000,27.92000000,27.20000000,27.63000000,3194.64000000
2022-01-29,27.63000000,27.85000000,27.53000000,27.80000000,1501.83000000
2022-01-29,27.80000000,27.82000000,27.22000000,27.43000000,3046.32000000
2022-01-29,27.43000000,27.50000000,27.11000000,27.48000000,2683.16000000
2022-01-29,27.53000000,27.86000000,27.25000000,27.50000000,3569.51000000
2022-01-29,27.50000000,27.60000000,27.03000000,27.07000000,2466.52000000
2022-01-29,27.04000000,27.41000000,26.92000000,27.16000000,3561.65000000
2022-01-29,27.16000000,27.40000000,27.08000000,27.33000000,1902.23000000
2022-01-29,27.35000000,27.35000000,26.70000000,26.79000000,2592.56000000
2022-01-29,26.78000000,27.11000000,26.61000000,26.93000000,2847.19000000
2022-01-29,26.95000000,27.03000000,26.58000000,26.58000000,1204.25000000
2022-01-29,26.58000000,27.02000000,26.50000000,26.71000000,4542.21000000
2022-01-29,26.71000000,26.91000000,26.59000000,26.84000000,1524.36000000
2022-01-29,26.81000000,27.12000000,26.74000000,26.79000000,2501.15000000
2022-01-29,26.79000000,26.79000000,26.44000000,26.48000000,3338.99000000
2022-01-30,26.48000000,26.68000000,26.32000000,26.41000000,2119.61000000
2022-01-30,26.41000000,27.48000000,26.41000000,27.10000000,5145.59000000
2022-01-30,27.10000000,27.22000000,26.76000000,26.94000000,2601.78000000
2022-01-30,26.90000000,27.19000000,26.70000000,26.80000000,3387.98000000
2022-01-30,26.82000000,27.25000000,26.72000000,26.78000000,2633.20000000
2022-01-30,26.77000000,27.00000000,26.65000000,26.72000000,1508.84000000
2022-01-30,26.70000000,26.89000000,26.50000000,26.85000000,2190.20000000
2022-01-30,26.86000000,26.86000000,26.20000000,26.28000000,1589.03000000
2022-01-30,26.24000000,26.32000000,25.81000000,25.83000000,3584.60000000
2022-01-30,25.84000000,25.93000000,25.61000000,25.89000000,3378.73000000
2022-01-30,25.88000000,25.93000000,25.66000000,25.89000000,1831.83000000
2022-01-30,25.89000000,25.97000000,25.60000000,25.65000000,1518.50000000
2022-01-30,25.65000000,25.83000000,25.62000000,25.83000000,693.91000000
2022-01-30,25.80000000,26.18000000,25.75000000,26.12000000,1862.97000000
2022-01-30,26.10000000,27.46000000,26.00000000,26.53000000,13873.07000000
2022-01-30,26.47000000,26.50000000,26.15000000,26.40000000,2271.14000000
2022-01-30,26.42000000,26.45000000,26.25000000,26.31000000,899.88000000
2022-01-30,26.31000000,26.38000000,26.17000000,26.24000000,1083.03000000
2022-01-30,26.32000000,26.48000000,26.24000000,26.34000000,720.92000000
2022-01-30,26.31000000,26.46000000,26.06000000,26.06000000,1442.30000000
2022-01-30,26.16000000,27.85000000,26.08000000,26.75000000,12031.53000000
2022-01-30,26.85000000,27.08000000,26.08000000,26.21000000,3325.92000000
2022-01-30,26.20000000,26.32000000,25.84000000,25.87000000,1419.71000000
2022-01-30,25.87000000,25.99000000,25.78000000,25.96000000,1312.53000000
2022-01-31,25.97000000,26.04000000,25.78000000,25.89000000,1248.19000000
2022-01-31,25.89000000,26.09000000,25.79000000,26.06000000,455.62000000
2022-01-31,26.09000000,26.10000000,25.88000000,25.88000000,182.22000000
2022-01-31,25.85000000,25.86000000,25.60000000,25.60000000,2107.62000000
2022-01-31,25.60000000,26.77000000,25.60000000,26.15000000,3712.72000000
2022-01-31,26.15000000,27.35000000,25.70000000,26.13000000,13350.24000000
2022-01-31,26.12000000,26.12000000,25.58000000,25.70000000,1081.07000000
2022-01-31,25.71000000,25.98000000,25.67000000,25.68000000,559.90000000
2022-01-31,25.68000000,25.68000000,25.00000000,25.00000000,2240.48000000
2022-01-31,25.00000000,25.08000000,24.95000000,25.02000000,1940.46000000
2022-01-31,25.00000000,25.15000000,24.98000000,25.02000000,1048.42000000
2022-01-31,25.01000000,25.10000000,24.97000000,25.09000000,1451.41000000
2022-01-31,25.07000000,25.07000000,24.98000000,25.05000000,651.51000000
2022-01-31,25.05000000,25.23000000,25.00000000,25.19000000,551.10000000
2022-01-31,25.14000000,25.37000000,25.10000000,25.32000000,1013.96000000
2022-01-31,25.32000000,25.33000000,25.05000000,25.05000000,554.05000000
2022-01-31,25.08000000,25.18000000,25.08000000,25.11000000,189.69000000
2022-01-31,25.11000000,25.19000000,25.05000000,25.08000000,929.74000000
2022-01-31,25.11000000,25.23000000,25.00000000,25.23000000,1392.97000000
2022-01-31,25.20000000,26.03000000,24.78000000,25.08000000,4493.91000000
2022-01-31,25.08000000,25.13000000,24.67000000,24.89000000,922.99000000
2022-01-31,24.87000000,25.09000000,24.64000000,25.06000000,1174.11000000
2022-01-31,25.07000000,25.35000000,25.07000000,25.28000000,1092.82000000
2022-01-31,25.33000000,25.60000000,25.19000000,25.29000000,1929.16000000
2022-02-01,25.29000000,25.78000000,25.29000000,25.69000000,1099.25000000
2022-02-01,25.69000000,26.03000000,25.58000000,26.03000000,1361.53000000
2022-02-01,25.99000000,25.99000000,25.55000000,25.56000000,1158.83000000
2022-02-01,25.59000000,25.82000000,25.51000000,25.60000000,519.30000000
2022-02-01,25.60000000,25.68000000,25.48000000,25.52000000,572.32000000
2022-02-01,25.51000000,25.55000000,25.33000000,25.40000000,461.60000000
2022-02-01,25.32000000,25.36000000,24.95000000,25.14000000,2234.20000000
2022-02-01,25.13000000,25.23000000,25.10000000,25.17000000,376.81000000
2022-02-01,25.16000000,25.16000000,24.87000000,24.91000000,815.82000000
2022-02-01,24.95000000,25.59000000,24.92000000,25.24000000,1370.95000000
2022-02-01,25.24000000,25.24000000,24.99000000,25.08000000,453.97000000
2022-02-01,25.13000000,25.55000000,25.06000000,25.53000000,1341.54000000
2022-02-01,25.52000000,25.65000000,25.39000000,25.52000000,949.47000000
2022-02-01,25.49000000,25.55000000,25.44000000,25.44000000,105.42000000
2022-02-01,25.42000000,25.60000000,25.37000000,25.46000000,641.19000000
2022-02-01,25.50000000,26.36000000,25.49000000,25.70000000,5767.53000000
2022-02-01,25.66000000,25.98000000,25.66000000,25.98000000,941.22000000
2022-02-01,25.98000000,26.51000000,25.46000000,25.49000000,3465.98000000
2022-02-01,25.43000000,26.32000000,25.29000000,25.75000000,2632.35000000
2022-02-01,25.75000000,25.98000000,25.54000000,25.82000000,729.15000000
2022-02-01,25.82000000,25.83000000,25.47000000,25.76000000,779.54000000
2022-02-01,25.73000000,25.85000000,25.28000000,25.57000000,4137.12000000
2022-02-01,25.51000000,25.68000000,25.13000000,25.29000000,1779.63000000
2022-02-01,25.24000000,25.52000000,25.13000000,25.42000000,873.75000000
2022-02-02,25.43000000,25.74000000,25.38000000,25.55000000,553.23000000
2022-02-02,25.55000000,25.67000000,25.39000000,25.55000000,697.50000000
2022-02-02,25.54000000,25.54000000,25.07000000,25.11000000,589.25000000
2022-02-02,25.15000000,25.46000000,25.09000000,25.26000000,1213.74000000
2022-02-02,25.27000000,25.38000000,25.14000000,25.18000000,229.49000000
2022-02-02,25.19000000,25.37000000,25.16000000,25.31000000,607.44000000
2022-02-02,25.31000000,25.42000000,25.22000000,25.42000000,519.98000000
2022-02-02,25.43000000,25.57000000,25.33000000,25.43000000,437.42000000
2022-02-02,25.47000000,25.53000000,25.26000000,25.40000000,1024.04000000
2022-02-02,25.42000000,25.57000000,25.23000000,25.34000000,635.14000000
2022-02-02,25.36000000,25.56000000,25.24000000,25.42000000,603.21000000
2022-02-02,25.47000000,26.10000000,25.37000000,25.70000000,4478.46000000
2022-02-02,25.70000000,25.71000000,25.04000000,25.07000000,1873.93000000
2022-02-02,25.07000000,25.12000000,24.92000000,25.00000000,630.21000000
2022-02-02,25.01000000,25.10000000,24.81000000,24.83000000,978.47000000
2022-02-02,24.85000000,25.08000000,24.83000000,25.03000000,1106.39000000
2022-02-02,25.03000000,25.12000000,24.84000000,24.99000000,936.24000000
2022-02-02,24.98000000,25.08000000,24.86000000,24.89000000,659.81000000
2022-02-02,24.87000000,24.99000000,24.67000000,24.83000000,2421.24000000
2022-02-02,24.88000000,24.88000000,24.75000000,24.75000000,682.81000000
2022-02-02,24.75000000,25.15000000,24.70000000,24.98000000,2706.65000000
2022-02-02,25.03000000,25.09000000,24.84000000,24.84000000,873.46000000
2022-02-02,24.83000000,24.94000000,24.19000000,24.24000000,4915.04000000
2022-02-02,24.24000000,24.38000000,23.64000000,23.64000000,3304.70000000
2022-02-03,23.63000000,23.64000000,23.43000000,23.58000000,2684.48000000
2022-02-03,23.59000000,23.94000000,23.59000000,23.94000000,1482.01000000
2022-02-03,23.96000000,24.00000000,23.65000000,23.71000000,1483.08000000
2022-02-03,23.75000000,23.97000000,23.65000000,23.93000000,591.67000000
2022-02-03,23.91000000,24.00000000,23.75000000,23.83000000,493.46000000
2022-02-03,23.82000000,23.85000000,23.17000000,23.57000000,1525.86000000
2022-02-03,23.55000000,23.66000000,23.42000000,23.49000000,612.98000000
2022-02-03,23.54000000,23.65000000,23.42000000,23.58000000,571.89000000
2022-02-03,23.51000000,23.51000000,23.22000000,23.22000000,917.81000000
2022-02-03,23.23000000,23.24000000,23.00000000,23.09000000,3002.35000000
2022-02-03,23.05000000,23.11000000,22.93000000,23.07000000,2126.43000000
2022-02-03,23.06000000,23.17000000,22.97000000,23.02000000,1457.93000000
2022-02-03,23.04000000,23.07000000,22.87000000,22.97000000,785.26000000
2022-02-03,22.95000000,23.10000000,22.86000000,22.99000000,1534.57000000
2022-02-03,22.99000000,23.02000000,22.92000000,23.02000000,463.44000000
2022-02-03,22.96000000,23.12000000,22.96000000,23.02000000,870.62000000
2022-02-03,23.05000000,23.05000000,22.94000000,23.00000000,824.27000000
2022-02-03,23.00000000,23.00000000,22.88000000,22.96000000,1032.65000000
2022-02-03,22.96000000,22.98000000,22.58000000,22.72000000,1216.81000000
2022-02-03,22.64000000,23.00000000,22.64000000,22.92000000,1375.76000000
2022-02-03,22.87000000,23.04000000,22.61000000,22.94000000,999.77000000
2022-02-03,22.94000000,22.99000000,22.83000000,22.92000000,428.50000000
2022-02-03,22.92000000,23.21000000,22.78000000,22.98000000,852.71000000
2022-02-03,23.02000000,23.44000000,22.96000000,23.44000000,1172.13000000
2022-02-04,23.35000000,23.44000000,23.13000000,23.13000000,545.88000000
2022-02-04,23.09000000,23.25000000,22.99000000,23.18000000,292.54000000
2022-02-04,23.18000000,23.25000000,23.13000000,23.23000000,209.71000000
2022-02-04,23.22000000,23.24000000,22.95000000,23.05000000,264.68000000
2022-02-04,23.06000000,23.06000000,22.93000000,23.03000000,351.58000000
2022-02-04,23.03000000,23.48000000,23.03000000,23.48000000,435.08000000
2022-02-04,23.47000000,23.62000000,23.20000000,23.34000000,1696.97000000
2022-02-04,23.30000000,23.48000000,23.19000000,23.48000000,244.26000000
2022-02-04,23.41000000,23.41000000,23.07000000,23.29000000,1191.69000000
2022-02-04,23.25000000,23.25000000,23.03000000,23.11000000,593.84000000
2022-02-04,23.13000000,23.25000000,23.10000000,23.24000000,401.34000000
2022-02-04,23.18000000,23.24000000,23.18000000,23.23000000,83.85000000
2022-02-04,23.22000000,23.65000000,23.18000000,23.59000000,961.55000000
2022-02-04,23.59000000,23.66000000,23.51000000,23.53000000,800.90000000
2022-02-04,23.52000000,23.71000000,23.52000000,23.63000000,685.96000000
2022-02-04,23.62000000,23.77000000,23.55000000,23.61000000,311.58000000
2022-02-04,23.62000000,23.74000000,23.59000000,23.60000000,962.58000000
2022-02-04,23.60000000,23.75000000,23.57000000,23.65000000,544.58000000
2022-02-04,23.64000000,23.71000000,23.24000000,23.33000000,1646.95000000
2022-02-04,23.33000000,23.34000000,23.22000000,23.28000000,333.31000000
2022-02-04,23.29000000,23.50000000,23.25000000,23.48000000,1425.23000000
2022-02-04,23.44000000,23.64000000,23.09000000,23.15000000,1729.90000000
2022-02-04,23.10000000,23.50000000,23.09000000,23.40000000,803.88000000
2022-02-04,23.44000000,31.56000000,23.44000000,31.23000000,135373.32000000
2022-02-05,31.35000000,35.48000000,30.39000000,31.08000000,319594.61000000
2022-02-05,31.03000000,33.40000000,29.99000000,30.96000000,98457.29000000
2022-02-05,30.96000000,31.50000000,29.50000000,29.62000000,46322.27000000
2022-02-05,29.62000000,32.00000000,29.37000000,30.45000000,45359.68000000
2022-02-05,30.50000000,31.29000000,29.50000000,29.57000000,23415.87000000
2022-02-05,29.57000000,30.00000000,29.21000000,29.53000000,10258.37000000
2022-02-05,29.51000000,30.99000000,29.28000000,29.56000000,22222.15000000
2022-02-05,29.61000000,30.02000000,29.29000000,29.38000000,8474.01000000
2022-02-05,29.43000000,29.49000000,28.38000000,28.51000000,11132.11000000
2022-02-05,28.44000000,28.89000000,28.22000000,28.27000000,8762.13000000
2022-02-05,28.27000000,28.94000000,28.27000000,28.66000000,6971.21000000
2022-02-05,28.66000000,28.78000000,28.30000000,28.54000000,4660.29000000
2022-02-05,28.59000000,28.63000000,28.06000000,28.10000000,4568.10000000
2022-02-05,28.08000000,28.40000000,27.99000000,28.12000000,6676.44000000
2022-02-05,28.08000000,28.20000000,27.87000000,27.93000000,5791.02000000
2022-02-05,27.94000000,32.75000000,27.86000000,32.33000000,126827.15000000
2022-02-05,32.36000000,33.04000000,30.57000000,30.73000000,84649.79000000
2022-02-05,30.73000000,30.80000000,29.72000000,29.98000000,28070.06000000
2022-02-05,29.98000000,30.41000000,29.51000000,29.65000000,25972.40000000
2022-02-05,29.65000000,30.03000000,29.07000000,29.10000000,11841.60000000
2022-02-05,29.11000000,29.35000000,28.40000000,28.92000000,26119.47000000
2022-02-05,28.92000000,28.98000000,28.55000000,28.71000000,8495.72000000
2022-02-05,28.72000000,31.85000000,28.52000000,29.76000000,68076.06000000
2022-02-05,29.77000000,29.83000000,29.04000000,29.39000000,17520.47000000
2022-02-06,29.39000000,29.53000000,28.51000000,28.59000000,12327.86000000
2022-02-06,28.52000000,29.45000000,28.01000000,28.64000000,12809.56000000
2022-02-06,28.63000000,29.00000000,28.57000000,28.99000000,3514.31000000
2022-02-06,28.92000000,28.99000000,28.55000000,28.80000000,4698.42000000
2022-02-06,28.84000000,28.85000000,28.30000000,28.47000000,2338.48000000
2022-02-06,28.50000000,28.71000000,28.26000000,28.29000000,2112.77000000
2022-02-06,28.26000000,28.45000000,28.17000000,28.17000000,1939.89000000
2022-02-06,28.17000000,28.78000000,28.17000000,28.32000000,3748.66000000
2022-02-06,28.33000000,28.48000000,27.99000000,28.42000000,4046.44000000
2022-02-06,28.43000000,28.73000000,28.11000000,28.47000000,5237.26000000
2022-02-06,28.46000000,30.68000000,28.33000000,28.75000000,29743.77000000
2022-02-06,28.75000000,28.87000000,28.21000000,28.33000000,4487.82000000
2022-02-06,28.33000000,28.86000000,28.25000000,28.33000000,4231.36000000
2022-02-06,28.30000000,28.61000000,28.24000000,28.60000000,1365.95000000
2022-02-06,28.58000000,28.58000000,28.20000000,28.21000000,1229.13000000
2022-02-06,28.21000000,28.80000000,28.18000000,28.73000000,1466.14000000
2022-02-06,28.78000000,29.15000000,28.56000000,29.07000000,5122.85000000
2022-02-06,29.06000000,29.17000000,28.69000000,28.90000000,4063.96000000
2022-02-06,28.88000000,29.36000000,28.62000000,28.87000000,4876.53000000
2022-02-06,28.87000000,28.92000000,28.33000000,28.39000000,2357.96000000
2022-02-06,28.38000000,28.59000000,28.22000000,28.34000000,1798.79000000
2022-02-06,28.34000000,28.42000000,28.26000000,28.36000000,1067.09000000
2022-02-06,28.36000000,28.57000000,27.99000000,28.18000000,3071.84000000
2022-02-06,28.10000000,28.16000000,27.82000000,28.00000000,3093.42000000
2022-02-07,28.06000000,28.44000000,27.90000000,28.13000000,3051.07000000
2022-02-07,28.13000000,28.19000000,28.04000000,28.05000000,1302.22000000
2022-02-07,28.05000000,28.05000000,27.82000000,27.82000000,1045.35000000
2022-02-07,27.83000000,27.98000000,27.82000000,27.92000000,1755.85000000
2022-02-07,27.95000000,27.95000000,27.28000000,27.38000000,2493.48000000
2022-02-07,27.37000000,27.52000000,27.30000000,27.52000000,1267.20000000
2022-02-07,27.50000000,27.50000000,27.26000000,27.31000000,963.49000000
2022-02-07,27.27000000,27.85000000,27.21000000,27.84000000,2308.74000000
2022-02-07,27.84000000,27.95000000,27.21000000,27.52000000,2059.74000000
2022-02-07,27.55000000,27.66000000,27.46000000,27.53000000,558.82000000
2022-02-07,27.55000000,27.59000000,27.11000000,27.17000000,2362.50000000
2022-02-07,27.17000000,27.79000000,27.17000000,27.61000000,3693.82000000
2022-02-07,27.68000000,28.20000000,27.63000000,28.01000000,4175.69000000
2022-02-07,28.03000000,28.17000000,27.99000000,28.10000000,1123.61000000
2022-02-07,28.10000000,28.20000000,28.02000000,28.18000000,739.52000000
2022-02-07,28.18000000,28.21000000,27.94000000,28.09000000,1121.27000000
2022-02-07,28.08000000,28.24000000,27.88000000,27.95000000,2930.72000000
2022-02-07,27.95000000,27.97000000,27.43000000,27.61000000,3935.28000000
2022-02-07,27.58000000,27.98000000,27.51000000,27.80000000,1291.69000000
2022-02-07,27.86000000,27.87000000,27.55000000,27.65000000,1814.21000000
2022-02-07,27.65000000,27.70000000,27.45000000,27.70000000,1391.37000000
2022-02-07,27.70000000,27.86000000,27.62000000,27.80000000,1114.88000000
2022-02-07,27.78000000,28.30000000,27.73000000,28.30000000,3077.12000000
2022-02-07,28.25000000,28.45000000,28.02000000,28.14000000,6977.45000000
2022-02-08,28.14000000,28.64000000,28.00000000,28.60000000,7893.57000000
2022-02-08,28.60000000,28.68000000,28.31000000,28.49000000,1607.90000000
2022-02-08,28.47000000,28.79000000,27.90000000,28.22000000,3698.09000000
2022-02-08,28.27000000,28.59000000,28.16000000,28.47000000,2005.08000000
2022-02-08,28.48000000,28.79000000,28.36000000,28.55000000,2118.03000000
2022-02-08,28.55000000,28.55000000,28.23000000,28.26000000,287.79000000
2022-02-08,28.26000000,28.29000000,28.07000000,28.11000000,922.33000000
2022-02-08,28.12000000,28.17000000,27.93000000,28.04000000,805.59000000
2022-02-08,27.99000000,28.07000000,27.75000000,28.00000000,762.81000000
2022-02-08,27.99000000,28.38000000,27.99000000,28.24000000,1219.22000000
2022-02-08,28.24000000,28.31000000,28.02000000,28.03000000,667.18000000
2022-02-08,28.04000000,28.16000000,28.01000000,28.14000000,884.43000000
2022-02-08,28.15000000,28.30000000,28.02000000,28.23000000,2972.69000000
2022-02-08,28.23000000,28.45000000,28.09000000,28.44000000,2089.70000000
2022-02-08,28.44000000,28.69000000,28.04000000,28.49000000,3074.94000000
2022-02-08,28.44000000,28.49000000,27.78000000,27.78000000,1776.40000000
2022-02-08,27.81000000,27.85000000,26.98000000,27.24000000,3066.98000000
2022-02-08,27.21000000,27.33000000,26.96000000,27.08000000,1194.81000000
2022-02-08,27.06000000,27.26000000,27.02000000,27.05000000,1237.54000000
2022-02-08,27.02000000,27.06000000,26.77000000,26.90000000,1796.22000000
2022-02-08,26.90000000,26.92000000,26.40000000,26.53000000,3718.37000000
2022-02-08,26.54000000,27.15000000,26.50000000,26.69000000,2575.88000000
2022-02-08,26.71000000,26.94000000,26.71000000,26.85000000,644.10000000
2022-02-08,26.86000000,26.92000000,26.41000000,26.82000000,743.89000000
2022-02-09,26.81000000,26.96000000,26.50000000,26.54000000,428.60000000
2022-02-09,26.57000000,26.68000000,26.41000000,26.47000000,1175.06000000
2022-02-09,26.45000000,26.73000000,26.44000000,26.70000000,423.94000000
2022-02-09,26.64000000,26.72000000,26.54000000,26.64000000,320.46000000
2022-02-09,26.60000000,28.02000000,26.55000000,27.04000000,3769.10000000
2022-02-09,27.10000000,27.43000000,26.96000000,26.96000000,761.47000000
2022-02-09,26.96000000,27.14000000,26.76000000,27.09000000,758.41000000
2022-02-09,27.10000000,27.19000000,27.05000000,27.08000000,470.96000000
2022-02-09,27.04000000,27.06000000,26.81000000,26.92000000,1774.76000000
2022-02-09,26.92000000,26.92000000,26.76000000,26.76000000,907.96000000
2022-02-09,26.70000000,26.78000000,26.45000000,26.47000000,453.06000000
2022-02-09,26.56000000,26.64000000,26.45000000,26.52000000,172.60000000
2022-02-09,26.52000000,26.83000000,26.52000000,26.83000000,342.34000000
2022-02-09,26.80000000,26.81000000,26.66000000,26.76000000,145.63000000
2022-02-09,26.83000000,27.04000000,26.83000000,26.96000000,422.77000000
2022-02-09,26.93000000,27.32000000,26.87000000,27.29000000,1605.70000000
2022-02-09,27.22000000,32.50000000,26.72000000,32.24000000,44265.82000000
2022-02-09,32.21000000,32.39000000,29.13000000,29.36000000,48125.75000000
2022-02-09,29.35000000,30.44000000,28.33000000,28.46000000,20712.94000000
2022-02-09,28.46000000,29.06000000,28.22000000,28.25000000,10288.53000000
2022-02-09,28.31000000,28.54000000,28.03000000,28.35000000,5279.93000000
2022-02-09,28.36000000,28.77000000,28.28000000,28.45000000,2862.39000000
2022-02-09,28.46000000,28.62000000,28.13000000,28.46000000,3745.70000000
2022-02-09,28.49000000,28.57000000,28.16000000,28.20000000,2945.08000000
2022-02-10,28.21000000,28.33000000,28.08000000,28.28000000,1138.44000000
2022-02-10,28.26000000,28.42000000,28.23000000,28.32000000,859.67000000
2022-02-10,28.32000000,28.97000000,28.29000000,28.97000000,4163.72000000
2022-02-10,28.95000000,28.97000000,28.37000000,28.39000000,4213.82000000
2022-02-10,28.41000000,28.54000000,28.25000000,28.51000000,2286.92000000
2022-02-10,28.51000000,28.53000000,28.32000000,28.39000000,1793.94000000
2022-02-10,28.39000000,28.43000000,28.16000000,28.34000000,3109.85000000
2022-02-10,28.39000000,28.51000000,28.29000000,28.43000000,1311.77000000
2022-02-10,28.35000000,28.57000000,27.79000000,27.83000000,3914.50000000
2022-02-10,27.81000000,27.88000000,27.75000000,27.84000000,500.29000000
2022-02-10,27.83000000,27.96000000,27.70000000,27.72000000,931.01000000
2022-02-10,27.72000000,27.80000000,27.70000000,27.73000000,524.61000000
2022-02-10,27.76000000,30.08000000,27.72000000,29.74000000,15497.57000000
2022-02-10,29.74000000,30.72000000,28.59000000,28.68000000,21253.95000000
2022-02-10,28.68000000,28.68000000,28.14000000,28.43000000,5382.29000000
2022-02-10,28.40000000,28.72000000,27.84000000,28.41000000,6712.15000000
2022-02-10,28.35000000,28.48000000,28.22000000,28.37000000,1616.97000000
2022-02-10,28.41000000,28.51000000,28.15000000,28.44000000,2399.15000000
2022-02-10,28.52000000,28.80000000,28.40000000,28.70000000,2553.76000000
2022-02-10,28.70000000,28.87000000,28.38000000,28.43000000,2573.83000000
2022-02-10,28.43000000,28.60000000,28.16000000,28.26000000,1561.83000000
2022-02-10,28.23000000,28.43000000,27.51000000,27.51000000,3617.79000000
2022-02-10,27.51000000,27.98000000,26.92000000,27.91000000,2025.37000000
2022-02-10,27.98000000,28.42000000,27.95000000,28.07000000,3216.61000000
2022-02-11,28.09000000,28.39000000,28.05000000,28.34000000,879.15000000
2022-02-11,28.38000000,28.65000000,28.25000000,28.45000000,1860.79000000
2022-02-11,28.32000000,28.59000000,28.15000000,28.22000000,750.62000000
2022-02-11,28.21000000,28.49000000,27.99000000,28.30000000,503.80000000
2022-02-11,28.30000000,28.50000000,28.12000000,28.30000000,860.53000000
2022-02-11,28.20000000,28.42000000,28.17000000,28.34000000,352.47000000
2022-02-11,28.35000000,28.68000000,28.32000000,28.51000000,623.58000000
2022-02-11,28.52000000,28.70000000,27.92000000,28.01000000,1770.58000000
2022-02-11,27.99000000,28.01000000,27.19000000,27.46000000,1642.33000000
2022-02-11,27.52000000,30.55000000,27.49000000,29.01000000,22117.22000000
2022-02-11,29.05000000,29.69000000,28.03000000,28.06000000,8725.57000000
2022-02-11,28.14000000,29.28000000,28.05000000,28.85000000,5448.88000000
2022-02-11,28.90000000,29.01000000,28.17000000,28.30000000,2102.54000000
2022-02-11,28.33000000,28.35000000,28.00000000,28.16000000,1376.91000000
2022-02-11,28.01000000,28.40000000,27.91000000,28.37000000,2702.17000000
2022-02-11,28.30000000,28.99000000,28.28000000,28.86000000,3710.43000000
2022-02-11,28.86000000,29.43000000,28.82000000,28.84000000,2775.86000000
2022-02-11,28.84000000,28.93000000,28.37000000,28.82000000,3245.70000000
2022-02-11,28.86000000,28.88000000,28.58000000,28.58000000,2140.76000000
2022-02-11,28.57000000,29.17000000,28.54000000,29.10000000,1824.59000000
2022-02-11,28.99000000,29.03000000,28.64000000,28.82000000,753.61000000
2022-02-11,28.82000000,28.94000000,28.60000000,28.92000000,1698.41000000
2022-02-11,28.90000000,29.55000000,28.81000000,28.84000000,2398.90000000
2022-02-11,28.84000000,28.93000000,28.53000000,28.60000000,1409.93000000
2022-02-12,28.58000000,28.93000000,28.56000000,28.82000000,1552.67000000
2022-02-12,28.91000000,29.30000000,28.49000000,28.52000000,1557.51000000
2022-02-12,28.53000000,28.54000000,27.89000000,27.89000000,1266.44000000
2022-02-12,27.95000000,27.95000000,27.31000000,27.44000000,1763.04000000
2022-02-12,27.49000000,27.54000000,27.02000000,27.24000000,2852.26000000
2022-02-12,27.24000000,30.97000000,27.24000000,30.18000000,23279.89000000
2022-02-12,30.19000000,30.28000000,27.13000000,27.23000000,24782.80000000
2022-02-12,27.24000000,28.26000000,27.17000000,28.12000000,4167.43000000
2022-02-12,28.09000000,34.27000000,27.87000000,29.77000000,97038.02000000
2022-02-12,29.79000000,31.35000000,28.86000000,29.17000000,26635.94000000
2022-02-12,29.15000000,29.62000000,28.57000000,29.09000000,7426.98000000
2022-02-12,29.02000000,31.68000000,28.78000000,30.09000000,16030.27000000
2022-02-12,30.09000000,30.94000000,29.12000000,29.22000000,13877.89000000
2022-02-12,29.23000000,31.40000000,29.19000000,30.03000000,13724.57000000
2022-02-12,30.07000000,31.32000000,29.57000000,30.53000000,13356.52000000
2022-02-12,30.59000000,32.45000000,30.30000000,30.92000000,32856.08000000
2022-02-12,30.93000000,31.86000000,30.03000000,30.07000000,15760.46000000
2022-02-12,30.02000000,30.86000000,29.91000000,30.14000000,7004.37000000
2022-02-12,30.11000000,30.22000000,29.55000000,29.87000000,7335.84000000
2022-02-12,29.88000000,30.55000000,29.87000000,30.49000000,6393.60000000
2022-02-12,30.52000000,30.55000000,29.75000000,29.85000000,4354.73000000
2022-02-12,29.88000000,29.91000000,29.17000000,29.28000000,5258.39000000
2022-02-12,29.25000000,29.43000000,28.42000000,29.05000000,4909.44000000
2022-02-12,29.07000000,29.20000000,28.18000000,28.68000000,8906.47000000
2022-02-13,28.74000000,33.50000000,28.71000000,30.42000000,101487.66000000
2022-02-13,30.42000000,30.50000000,29.82000000,30.10000000,4101.09000000
2022-02-13,30.09000000,32.12000000,30.02000000,32.07000000,13153.12000000
2022-02-13,32.02000000,32.12000000,30.30000000,30.99000000,12153.59000000
2022-02-13,30.95000000,31.49000000,30.35000000,30.55000000,11103.93000000
2022-02-13,30.52000000,31.97000000,29.74000000,30.25000000,21682.67000000
2022-02-13,30.25000000,30.51000000,29.92000000,30.12000000,7675.14000000
2022-02-13,30.19000000,30.62000000,29.89000000,30.19000000,4288.29000000
2022-02-13,30.21000000,31.28000000,29.78000000,30.01000000,12938.74000000
2022-02-13,30.04000000,30.07000000,29.65000000,29.81000000,3567.83000000
2022-02-13,29.81000000,30.30000000,29.79000000,30.05000000,2565.06000000
2022-02-13,30.05000000,30.14000000,29.71000000,29.75000000,1069.26000000
2022-02-13,29.71000000,29.80000000,28.87000000,29.14000000,5290.15000000
2022-02-13,29.14000000,29.26000000,28.92000000,29.26000000,877.19000000
2022-02-13,29.20000000,30.11000000,28.87000000,29.58000000,17452.05000000
2022-02-13,29.65000000,29.72000000,29.21000000,29.65000000,2022.81000000
2022-02-13,29.65000000,29.83000000,29.16000000,29.19000000,3779.20000000
2022-02-13,29.18000000,29.54000000,29.08000000,29.09000000,3556.21000000
2022-02-13,29.09000000,29.60000000,28.89000000,29.34000000,2606.92000000
2022-02-13,29.33000000,29.60000000,29.19000000,29.55000000,1376.46000000
2022-02-13,29.51000000,29.63000000,29.23000000,29.58000000,1399.95000000
2022-02-13,29.58000000,29.62000000,29.31000000,29.38000000,1071.48000000
2022-02-13,29.37000000,29.70000000,29.28000000,29.52000000,1970.98000000
2022-02-13,29.46000000,29.70000000,29.00000000,29.11000000,4611.07000000
2022-02-14,29.11000000,29.19000000,28.90000000,28.92000000,798.32000000
2022-02-14,28.97000000,28.97000000,28.66000000,28.81000000,1402.36000000
2022-02-14,28.84000000,28.84000000,28.36000000,28.42000000,2196.04000000
2022-02-14,28.38000000,28.64000000,28.36000000,28.37000000,1925.69000000
2022-02-14,28.43000000,28.77000000,28.37000000,28.68000000,707.53000000
2022-02-14,28.69000000,28.77000000,28.33000000,28.36000000,773.92000000
2022-02-14,28.31000000,28.44000000,28.24000000,28.37000000,1664.13000000
2022-02-14,28.38000000,28.38000000,28.10000000,28.10000000,1165.01000000
2022-02-14,28.10000000,28.17000000,27.94000000,28.12000000,1815.92000000
2022-02-14,28.08000000,28.17000000,27.62000000,27.76000000,1651.05000000
2022-02-14,27.75000000,27.80000000,27.62000000,27.69000000,1003.16000000
2022-02-14,27.69000000,27.87000000,27.65000000,27.78000000,498.44000000
2022-02-14,27.78000000,27.89000000,27.64000000,27.73000000,570.07000000
2022-02-14,27.76000000,27.77000000,27.43000000,27.52000000,1864.03000000
2022-02-14,27.47000000,27.65000000,27.39000000,27.65000000,1717.40000000
2022-02-14,27.65000000,27.72000000,27.55000000,27.60000000,1109.01000000
2022-02-14,27.62000000,27.77000000,27.52000000,27.54000000,1071.61000000
2022-02-14,27.54000000,27.99000000,27.46000000,27.93000000,1827.50000000
2022-02-14,27.87000000,28.53000000,27.86000000,28.01000000,3687.39000000
2022-02-14,28.01000000,28.61000000,27.87000000,28.37000000,1930.35000000
2022-02-14,28.37000000,28.53000000,27.84000000,28.05000000,2226.32000000
2022-02-14,28.09000000,28.61000000,28.01000000,28.60000000,2262.92000000
2022-02-14,28.57000000,29.43000000,28.50000000,28.66000000,7258.15000000
2022-02-14,28.66000000,29.52000000,28.47000000,29.35000000,9238.45000000
2022-02-15,29.46000000,29.63000000,29.30000000,29.32000000,2223.80000000
2022-02-15,29.36000000,29.47000000,29.01000000,29.01000000,2170.96000000
2022-02-15,29.01000000,29.05000000,28.34000000,28.41000000,3675.65000000
2022-02-15,28.41000000,28.43000000,27.80000000,28.26000000,3359.02000000
2022-02-15,28.21000000,28.23000000,27.71000000,27.94000000,2660.90000000
2022-02-15,27.94000000,28.11000000,27.93000000,28.09000000,667.63000000
2022-02-15,28.08000000,28.53000000,28.07000000,28.53000000,1456.42000000
2022-02-15,28.41000000,28.91000000,28.36000000,28.52000000,1831.61000000
2022-02-15,28.49000000,29.00000000,28.29000000,28.65000000,2311.91000000
2022-02-15,28.63000000,29.39000000,28.52000000,28.80000000,4698.32000000
2022-02-15,28.89000000,29.18000000,28.66000000,28.76000000,4775.94000000
2022-02-15,28.74000000,28.82000000,28.64000000,28.75000000,1514.13000000
2022-02-15,28.75000000,28.84000000,28.67000000,28.69000000,862.40000000
2022-02-15,28.77000000,29.01000000,28.77000000,28.93000000,997.02000000
2022-02-15,28.86000000,28.86000000,28.75000000,28.78000000,309.84000000
2022-02-15,28.81000000,28.91000000,28.70000000,28.91000000,647.77000000
2022-02-15,28.91000000,29.16000000,28.82000000,28.94000000,999.75000000
2022-02-15,28.94000000,29.11000000,28.77000000,29.08000000,753.34000000
2022-02-15,29.08000000,29.48000000,28.99000000,29.38000000,2004.51000000
2022-02-15,29.37000000,29.45000000,29.22000000,29.22000000,771.42000000
2022-02-15,29.23000000,29.33000000,29.12000000,29.16000000,962.66000000
2022-02-15,29.17000000,29.21000000,28.78000000,28.99000000,2360.73000000
2022-02-15,28.98000000,29.29000000,28.97000000,29.27000000,1176.92000000
2022-02-15,29.20000000,29.33000000,28.82000000,29.20000000,2403.00000000
2022-02-16,29.26000000,29.40000000,29.17000000,29.24000000,674.79000000
2022-02-16,29.28000000,29.28000000,29.12000000,29.19000000,212.08000000
2022-02-16,29.22000000,29.44000000,29.09000000,29.22000000,1539.22000000
2022-02-16,29.24000000,29.32000000,29.12000000,29.24000000,585.79000000
2022-02-16,29.24000000,29.43000000,29.13000000,29.30000000,866.22000000
2022-02-16,29.30000000,29.40000000,29.12000000,29.16000000,1725.67000000
2022-02-16,29.16000000,29.25000000,28.86000000,29.14000000,2975.57000000
2022-02-16,29.22000000,29.34000000,28.96000000,29.13000000,4566.76000000
2022-02-16,29.14000000,29.18000000,28.93000000,28.93000000,1849.69000000
2022-02-16,28.93000000,28.94000000,27.36000000,28.14000000,41986.92000000
2022-02-16,28.19000000,28.62000000,28.00000000,28.52000000,10675.83000000
2022-02-16,28.49000000,28.74000000,28.45000000,28.55000000,1546.80000000
2022-02-16,28.56000000,28.61000000,28.18000000,28.26000000,1324.48000000
2022-02-16,28.26000000,28.47000000,28.21000000,28.46000000,1105.71000000
2022-02-16,28.41000000,28.57000000,28.31000000,28.50000000,830.46000000
2022-02-16,28.52000000,28.65000000,28.43000000,28.61000000,528.22000000
2022-02-16,28.62000000,28.81000000,28.50000000,28.65000000,2000.19000000
2022-02-16,28.65000000,28.73000000,28.60000000,28.65000000,173.50000000
2022-02-16,28.65000000,28.65000000,28.40000000,28.55000000,272.16000000
2022-02-16,28.51000000,28.55000000,28.35000000,28.39000000,303.27000000
2022-02-16,28.37000000,28.44000000,28.29000000,28.39000000,653.74000000
2022-02-16,28.34000000,28.42000000,27.57000000,27.72000000,2102.98000000
2022-02-16,27.73000000,27.97000000,27.55000000,27.67000000,2495.93000000
2022-02-16,27.61000000,27.96000000,27.59000000,27.95000000,1368.55000000
2022-02-17,27.95000000,27.97000000,27.71000000,27.97000000,737.39000000
2022-02-17,27.93000000,27.97000000,27.87000000,27.90000000,330.49000000
2022-02-17,27.90000000,28.04000000,27.90000000,28.01000000,806.12000000
2022-02-17,28.04000000,28.44000000,28.01000000,28.41000000,2666.90000000
2022-02-17,28.41000000,28.56000000,28.34000000,28.40000000,939.55000000
2022-02-17,28.39000000,28.56000000,28.24000000,28.43000000,1351.59000000
2022-02-17,28.41000000,28.70000000,28.41000000,28.63000000,2303.48000000
2022-02-17,28.67000000,28.71000000,28.23000000,28.36000000,1227.56000000
2022-02-17,28.29000000,28.44000000,28.20000000,28.32000000,977.54000000
2022-02-17,28.35000000,28.45000000,28.31000000,28.38000000,407.33000000
2022-02-17,28.42000000,28.60000000,28.34000000,28.54000000,770.91000000
2022-02-17,28.58000000,28.58000000,28.07000000,28.07000000,621.94000000
2022-02-17,28.06000000,28.14000000,27.85000000,28.00000000,1413.04000000
2022-02-17,28.00000000,28.04000000,27.81000000,27.86000000,1851.94000000
2022-02-17,27.83000000,28.30000000,27.83000000,28.20000000,1097.69000000
2022-02-17,28.28000000,28.31000000,28.03000000,28.08000000,687.85000000
2022-02-17,28.19000000,28.21000000,27.67000000,27.86000000,1299.07000000
2022-02-17,27.82000000,27.85000000,27.55000000,27.75000000,882.96000000
2022-02-17,27.75000000,27.94000000,27.62000000,27.62000000,939.33000000
2022-02-17,27.62000000,27.83000000,27.61000000,27.73000000,201.57000000
2022-02-17,27.76000000,27.88000000,27.65000000,27.66000000,788.95000000
2022-02-17,27.72000000,27.76000000,27.42000000,27.67000000,1774.53000000
2022-02-17,27.54000000,28.10000000,27.54000000,27.70000000,1907.28000000
2022-02-17,27.69000000,28.17000000,27.61000000,27.65000000,1820.16000000
2022-02-18,27.69000000,27.87000000,27.59000000,27.78000000,868.42000000
2022-02-18,27.85000000,27.85000000,27.62000000,27.67000000,86.59000000
2022-02-18,27.66000000,27.70000000,26.31000000,27.20000000,6014.68000000
2022-02-18,27.20000000,27.24000000,27.04000000,27.16000000,675.32000000
2022-02-18,27.14000000,27.15000000,26.77000000,26.87000000,704.10000000
2022-02-18,26.92000000,26.94000000,26.30000000,26.91000000,1540.40000000
2022-02-18,26.91000000,26.91000000,26.69000000,26.70000000,180.94000000
2022-02-18,26.77000000,26.77000000,26.53000000,26.53000000,453.88000000
2022-02-18,26.55000000,26.58000000,26.30000000,26.58000000,1420.91000000
2022-02-18,26.50000000,26.82000000,26.41000000,26.81000000,536.58000000
2022-02-18,26.81000000,26.89000000,26.67000000,26.82000000,453.86000000
2022-02-18,26.82000000,26.87000000,26.70000000,26.82000000,405.99000000
2022-02-18,26.82000000,26.92000000,26.75000000,26.91000000,151.84000000
2022-02-18,26.88000000,27.01000000,26.77000000,27.01000000,238.19000000
2022-02-18,26.97000000,27.02000000,26.90000000,27.00000000,291.83000000
2022-02-18,27.00000000,28.71000000,26.97000000,28.56000000,9954.19000000
2022-02-18,28.64000000,30.63000000,28.22000000,29.12000000,46963.93000000
2022-02-18,29.10000000,29.95000000,28.67000000,29.47000000,17845.73000000
2022-02-18,29.48000000,31.43000000,29.29000000,30.44000000,53297.39000000
2022-02-18,30.48000000,31.20000000,28.94000000,29.01000000,19986.49000000
2022-02-18,29.01000000,32.00000000,29.00000000,31.61000000,44605.74000000
2022-02-18,31.60000000,32.00000000,30.08000000,30.86000000,26280.83000000
2022-02-18,30.86000000,31.27000000,28.91000000,29.70000000,21223.32000000
2022-02-18,29.72000000,30.06000000,28.81000000,29.38000000,13860.04000000
2022-02-19,29.37000000,30.25000000,28.93000000,29.57000000,9015.60000000
2022-02-19,29.49000000,30.70000000,29.30000000,29.30000000,8607.95000000
2022-02-19,29.35000000,29.70000000,28.75000000,28.94000000,10234.94000000
2022-02-19,28.94000000,30.91000000,28.94000000,30.43000000,19359.87000000
2022-02-19,30.43000000,30.48000000,29.26000000,29.57000000,6991.07000000
2022-02-19,29.64000000,30.50000000,29.20000000,29.28000000,10030.10000000
2022-02-19,29.25000000,29.44000000,28.80000000,29.42000000,3133.85000000
2022-02-19,29.42000000,29.50000000,29.00000000,29.05000000,3886.69000000
2022-02-19,29.09000000,30.38000000,28.80000000,29.51000000,13051.81000000
2022-02-19,29.50000000,30.03000000,29.26000000,29.96000000,5666.11000000
2022-02-19,29.96000000,31.00000000,29.80000000,30.49000000,13938.14000000
2022-02-19,30.51000000,32.79000000,30.32000000,32.12000000,35522.77000000
2022-02-19,32.19000000,35.80000000,32.12000000,34.73000000,90654.29000000
2022-02-19,34.70000000,36.25000000,33.37000000,33.64000000,62368.90000000
2022-02-19,33.69000000,34.53000000,32.77000000,33.38000000,27843.23000000
2022-02-19,33.39000000,34.38000000,32.60000000,33.75000000,27766.22000000
2022-02-19,33.75000000,33.79000000,32.50000000,33.00000000,13516.16000000
2022-02-19,33.00000000,34.01000000,32.52000000,32.61000000,19548.46000000
2022-02-19,32.61000000,32.75000000,31.29000000,31.84000000,21961.47000000
2022-02-19,31.89000000,32.27000000,31.01000000,32.12000000,13192.02000000
2022-02-19,32.11000000,32.82000000,31.38000000,32.15000000,15206.03000000
2022-02-19,32.24000000,33.17000000,31.61000000,32.83000000,13482.42000000
2022-02-19,32.78000000,33.04000000,31.65000000,31.88000000,8935.70000000
2022-02-19,31.88000000,33.53000000,31.71000000,33.14000000,8992.54000000
2022-02-20,33.11000000,33.11000000,31.86000000,32.12000000,6901.18000000
2022-02-20,32.12000000,33.03000000,32.08000000,32.34000000,5466.58000000
2022-02-20,32.34000000,33.89000000,32.15000000,32.84000000,12761.91000000
2022-02-20,32.78000000,34.09000000,32.63000000,33.49000000,18865.84000000
2022-02-20,33.45000000,33.73000000,31.88000000,32.14000000,19020.62000000
2022-02-20,32.13000000,32.13000000,31.16000000,31.17000000,4828.10000000
2022-02-20,31.17000000,31.84000000,30.78000000,30.97000000,8973.09000000
2022-02-20,30.97000000,31.15000000,30.85000000,30.95000000,2243.09000000
2022-02-20,30.95000000,32.89000000,30.91000000,31.56000000,16813.98000000
2022-02-20,31.53000000,31.56000000,30.14000000,30.43000000,13562.90000000
2022-02-20,30.53000000,30.62000000,29.79000000,29.79000000,6903.83000000
2022-02-20,29.84000000,30.12000000,29.76000000,29.80000000,4054.63000000
2022-02-20,29.81000000,29.98000000,28.89000000,28.96000000,18026.51000000
2022-02-20,28.95000000,29.20000000,28.52000000,28.52000000,5232.08000000
2022-02-20,28.52000000,28.65000000,27.92000000,28.13000000,6179.24000000
2022-02-20,28.13000000,28.75000000,27.99000000,28.60000000,3622.77000000
2022-02-20,28.61000000,28.65000000,27.95000000,28.03000000,4145.76000000
2022-02-20,27.98000000,28.31000000,27.70000000,27.72000000,4576.67000000
2022-02-20,27.72000000,28.20000000,27.71000000,27.81000000,4176.68000000
2022-02-20,27.78000000,28.45000000,27.73000000,28.43000000,4102.53000000
2022-02-20,28.43000000,28.87000000,28.27000000,28.74000000,3920.90000000
2022-02-20,28.76000000,28.77000000,27.80000000,27.88000000,2870.19000000
2022-02-20,27.88000000,28.17000000,27.79000000,28.00000000,2405.60000000
2022-02-20,28.00000000,28.32000000,27.89000000,28.28000000,1831.50000000
2022-02-21,28.32000000,28.34000000,28.00000000,28.00000000,1034.33000000
2022-02-21,28.02000000,28.73000000,27.91000000,28.33000000,2310.24000000
2022-02-21,28.29000000,28.84000000,28.21000000,28.35000000,4145.79000000
2022-02-21,28.35000000,28.37000000,28.14000000,28.29000000,996.02000000
2022-02-21,28.28000000,28.49000000,28.13000000,28.46000000,1289.30000000
2022-02-21,28.46000000,28.49000000,28.06000000,28.18000000,1014.24000000
2022-02-21,28.20000000,28.33000000,27.94000000,28.31000000,1325.27000000
2022-02-21,28.32000000,28.65000000,27.92000000,27.94000000,1760.78000000
2022-02-21,27.94000000,28.74000000,27.72000000,28.74000000,5288.82000000
2022-02-21,28.74000000,29.09000000,28.64000000,28.90000000,2707.41000000
2022-02-21,28.89000000,28.99000000,28.32000000,28.39000000,3940.52000000
2022-02-21,28.39000000,28.57000000,28.27000000,28.43000000,3412.28000000
2022-02-21,28.44000000,28.91000000,28.41000000,28.88000000,1615.03000000
2022-02-21,28.87000000,28.90000000,28.59000000,28.60000000,1463.68000000
2022-02-21,28.67000000,28.99000000,28.64000000,28.93000000,949.62000000
2022-02-21,28.94000000,29.03000000,28.79000000,28.99000000,959.49000000
2022-02-21,28.95000000,28.95000000,28.45000000,28.51000000,2608.84000000
2022-02-21,28.51000000,28.57000000,28.24000000,28.28000000,1872.10000000
2022-02-21,28.25000000,28.50000000,27.76000000,27.91000000,3970.60000000
2022-02-21,27.88000000,28.08000000,27.25000000,27.63000000,6864.17000000
2022-02-21,27.63000000,28.05000000,27.34000000,27.45000000,3944.42000000
2022-02-21,27.45000000,27.46000000,26.90000000,27.02000000,2476.49000000
2022-02-21,27.01000000,28.47000000,26.96000000,28.41000000,2413.56000000
2022-02-21,28.41000000,28.50000000,28.11000000,28.33000000,2099.51000000
2022-02-22,28.33000000,28.42000000,28.19000000,28.33000000,580.21000000
2022-02-22,28.33000000,28.65000000,28.07000000,28.12000000,1097.08000000
2022-02-22,28.10000000,28.15000000,27.36000000,27.59000000,2161.07000000
2022-02-22,27.61000000,27.89000000,27.50000000,27.75000000,447.03000000
2022-02-22,27.70000000,27.76000000,27.44000000,27.56000000,731.29000000
2022-02-22,27.57000000,27.68000000,26.60000000,26.69000000,1604.60000000
2022-02-22,26.64000000,27.20000000,26.46000000,26.63000000,1446.86000000
2022-02-22,26.57000000,26.68000000,26.30000000,26.47000000,2935.14000000
2022-02-22,26.40000000,26.55000000,26.30000000,26.52000000,620.98000000
2022-02-22,26.44000000,26.75000000,26.30000000,26.70000000,1406.91000000
2022-02-22,26.70000000,26.71000000,26.41000000,26.45000000,449.69000000
2022-02-22,26.45000000,26.53000000,25.80000000,26.04000000,4900.00000000
2022-02-22,26.03000000,26.40000000,26.03000000,26.33000000,542.49000000
2022-02-22,26.33000000,27.76000000,26.26000000,26.87000000,8837.01000000
2022-02-22,26.85000000,30.92000000,26.83000000,29.10000000,55074.09000000
2022-02-22,29.11000000,31.98000000,29.09000000,30.68000000,58207.61000000
2022-02-22,30.70000000,31.68000000,29.66000000,29.97000000,34756.13000000
2022-02-22,29.89000000,29.93000000,28.73000000,29.70000000,19787.62000000
2022-02-22,29.70000000,30.15000000,29.21000000,29.32000000,17259.82000000
2022-02-22,29.29000000,29.88000000,29.02000000,29.41000000,11389.48000000
2022-02-22,29.48000000,31.00000000,29.27000000,29.59000000,21229.65000000
2022-02-22,29.58000000,31.59000000,29.33000000,31.05000000,42581.25000000
2022-02-22,31.00000000,31.76000000,30.32000000,30.41000000,32408.75000000
2022-02-22,30.36000000,30.80000000,29.57000000,29.70000000,12384.53000000
2022-02-23,29.64000000,29.95000000,28.82000000,29.34000000,10044.71000000
2022-02-23,29.28000000,29.49000000,28.93000000,29.16000000,2552.60000000
2022-02-23,29.20000000,29.20000000,28.74000000,28.99000000,2924.71000000
2022-02-23,28.99000000,29.75000000,28.86000000,29.40000000,5284.39000000
2022-02-23,29.40000000,31.35000000,29.14000000,29.30000000,46556.04000000
2022-02-23,29.32000000,30.66000000,29.21000000,29.42000000,16311.64000000
2022-02-23,29.42000000,30.62000000,29.27000000,30.06000000,8588.98000000
2022-02-23,30.06000000,30.85000000,29.67000000,30.20000000,12404.21000000
2022-02-23,30.18000000,30.23000000,29.47000000,29.75000000,4061.85000000
2022-02-23,29.73000000,30.72000000,29.64000000,29.96000000,8765.85000000
2022-02-23,29.96000000,30.22000000,29.72000000,30.14000000,2658.83000000
2022-02-23,30.14000000,30.28000000,29.79000000,29.83000000,1882.42000000
2022-02-23,29.86000000,30.01000000,29.44000000,29.72000000,4386.81000000
2022-02-23,29.62000000,29.73000000,29.30000000,29.58000000,5102.15000000
2022-02-23,29.62000000,29.70000000,29.40000000,29.55000000,2358.04000000
2022-02-23,29.56000000,30.04000000,29.56000000,29.93000000,2252.40000000
2022-02-23,29.93000000,30.44000000,29.64000000,30.33000000,7144.97000000
2022-02-23,30.30000000,30.42000000,30.03000000,30.14000000,1955.93000000
2022-02-23,30.21000000,30.32000000,30.04000000,30.30000000,1159.95000000
2022-02-23,30.28000000,30.28000000,29.70000000,29.83000000,3408.92000000
2022-02-23,29.84000000,30.25000000,29.80000000,30.16000000,1687.34000000
2022-02-23,30.26000000,30.45000000,30.00000000,30.02000000,1584.28000000
2022-02-23,30.03000000,30.11000000,29.58000000,29.58000000,2733.55000000
2022-02-23,29.59000000,29.69000000,29.30000000,29.47000000,3353.32000000
2022-02-24,29.41000000,29.64000000,29.16000000,29.57000000,1959.63000000
2022-02-24,29.52000000,29.67000000,29.01000000,29.08000000,2863.53000000
2022-02-24,29.01000000,29.09000000,28.48000000,28.71000000,3071.88000000
2022-02-24,28.68000000,28.88000000,28.37000000,28.48000000,2098.54000000
2022-02-24,28.40000000,28.59000000,28.28000000,28.58000000,675.77000000
2022-02-24,28.56000000,28.59000000,28.40000000,28.48000000,512.15000000
2022-02-24,28.43000000,28.50000000,28.14000000,28.39000000,1116.03000000
2022-02-24,28.39000000,28.58000000,28.10000000,28.56000000,1469.02000000
2022-02-24,28.51000000,28.54000000,28.14000000,28.19000000,1168.47000000
2022-02-24,28.16000000,28.40000000,28.11000000,28.31000000,818.74000000
2022-02-24,28.36000000,29.25000000,28.00000000,28.12000000,3284.06000000
2022-02-24,28.08000000,28.72000000,27.53000000,27.75000000,9481.84000000
2022-02-24,27.76000000,28.02000000,27.60000000,27.90000000,2798.13000000
2022-02-24,27.90000000,27.91000000,27.00000000,27.24000000,6730.04000000
2022-02-24,27.24000000,28.65000000,27.17000000,28.65000000,2909.83000000
2022-02-24,28.57000000,31.98000000,28.44000000,29.71000000,35546.84000000
2022-02-24,29.78000000,31.13000000,29.10000000,29.35000000,28502.40000000
2022-02-24,29.37000000,29.84000000,28.93000000,28.98000000,4778.35000000
2022-02-24,28.98000000,29.35000000,28.01000000,28.04000000,8058.88000000
2022-02-24,28.08000000,28.72000000,27.79000000,28.27000000,5465.43000000
2022-02-24,28.39000000,29.34000000,28.10000000,28.67000000,5701.05000000
2022-02-24,28.72000000,29.30000000,28.40000000,28.45000000,3907.21000000
2022-02-24,28.42000000,28.91000000,28.42000000,28.75000000,2852.16000000
2022-02-24,28.76000000,29.46000000,28.58000000,29.18000000,6753.11000000
2022-02-25,29.20000000,30.16000000,28.98000000,29.25000000,13098.74000000
2022-02-25,29.33000000,29.72000000,28.90000000,29.71000000,3520.10000000
2022-02-25,29.71000000,30.80000000,29.55000000,29.91000000,8379.46000000
2022-02-25,29.92000000,30.63000000,29.41000000,30.13000000,8249.61000000
2022-02-25,30.13000000,31.08000000,30.02000000,31.07000000,7726.46000000
2022-02-25,31.06000000,31.10000000,30.48000000,31.05000000,3523.52000000
2022-02-25,31.05000000,31.28000000,29.34000000,29.53000000,8698.75000000
2022-02-25,29.49000000,30.92000000,29.35000000,30.75000000,7983.85000000
2022-02-25,30.73000000,30.84000000,29.86000000,29.87000000,4145.68000000
2022-02-25,29.93000000,30.49000000,29.55000000,29.87000000,4450.54000000
2022-02-25,29.87000000,30.82000000,29.83000000,30.82000000,2989.74000000
2022-02-25,30.83000000,30.83000000,30.22000000,30.46000000,4024.32000000
2022-02-25,30.38000000,30.56000000,30.01000000,30.23000000,1467.43000000
2022-02-25,30.24000000,30.25000000,29.80000000,29.98000000,3878.37000000
2022-02-25,29.98000000,30.36000000,29.91000000,30.27000000,1004.86000000
2022-02-25,30.24000000,30.37000000,30.02000000,30.15000000,923.90000000
2022-02-25,30.11000000,30.21000000,29.53000000,30.16000000,2313.39000000
2022-02-25,30.16000000,30.65000000,29.96000000,30.37000000,4467.27000000
2022-02-25,30.35000000,30.42000000,29.92000000,30.10000000,1676.07000000
2022-02-25,30.10000000,30.16000000,29.66000000,29.96000000,2517.13000000
2022-02-25,29.99000000,30.33000000,29.62000000,30.00000000,4163.36000000
2022-02-25,30.02000000,30.35000000,29.97000000,30.07000000,3737.17000000
2022-02-25,30.07000000,30.49000000,29.97000000,30.21000000,2929.66000000
2022-02-25,30.15000000,30.45000000,30.00000000,30.37000000,2116.49000000
2022-02-26,30.32000000,30.83000000,30.32000000,30.69000000,3213.85000000
2022-02-26,30.68000000,30.78000000,30.32000000,30.34000000,1806.46000000
2022-02-26,30.33000000,30.33000000,30.05000000,30.16000000,1527.85000000
2022-02-26,30.19000000,30.31000000,30.12000000,30.22000000,1151.13000000
2022-02-26,30.16000000,30.33000000,30.00000000,30.25000000,876.37000000
2022-02-26,30.25000000,30.33000000,30.08000000,30.19000000,1278.87000000
2022-02-26,30.21000000,30.54000000,30.06000000,30.39000000,1863.04000000
2022-02-26,30.48000000,30.49000000,30.13000000,30.17000000,1665.23000000
2022-02-26,30.28000000,31.00000000,30.23000000,30.85000000,4029.79000000
2022-02-26,30.86000000,30.89000000,30.47000000,30.52000000,3481.18000000
2022-02-26,30.53000000,30.92000000,30.53000000,30.77000000,1377.41000000
2022-02-26,30.78000000,30.88000000,30.61000000,30.78000000,768.60000000
2022-02-26,30.81000000,31.01000000,30.77000000,30.97000000,943.85000000
2022-02-26,30.97000000,31.30000000,30.85000000,31.16000000,2957.24000000
2022-02-26,31.08000000,31.92000000,30.88000000,30.93000000,7983.39000000
2022-02-26,30.94000000,31.23000000,30.79000000,31.08000000,2778.67000000
2022-02-26,31.04000000,31.24000000,30.67000000,30.69000000,3049.78000000
2022-02-26,30.72000000,30.85000000,30.52000000,30.53000000,1802.30000000
2022-02-26,30.53000000,30.74000000,30.44000000,30.50000000,1039.43000000
2022-02-26,30.50000000,30.63000000,30.33000000,30.39000000,1356.62000000
2022-02-26,30.37000000,30.54000000,30.25000000,30.49000000,1388.89000000
2022-02-26,30.49000000,30.65000000,30.39000000,30.52000000,866.87000000
2022-02-26,30.53000000,30.67000000,30.44000000,30.57000000,522.89000000
2022-02-26,30.60000000,30.73000000,30.50000000,30.57000000,1062.34000000
2022-02-27,30.51000000,30.51000000,30.22000000,30.28000000,2296.99000000
2022-02-27,30.30000000,30.40000000,30.23000000,30.31000000,493.23000000
2022-02-27,30.32000000,30.32000000,30.00000000,30.22000000,1612.96000000
2022-02-27,30.23000000,30.49000000,30.23000000,30.41000000,256.90000000
2022-02-27,30.36000000,30.49000000,30.34000000,30.47000000,396.49000000
2022-02-27,30.39000000,30.60000000,30.39000000,30.39000000,463.86000000
2022-02-27,30.45000000,30.47000000,30.27000000,30.31000000,241.54000000
2022-02-27,30.31000000,30.31000000,30.01000000,30.17000000,673.93000000
2022-02-27,30.17000000,30.20000000,29.42000000,29.49000000,3151.32000000
2022-02-27,29.48000000,29.50000000,28.77000000,28.99000000,5157.77000000
2022-02-27,28.99000000,29.63000000,28.90000000,29.63000000,1689.72000000
2022-02-27,29.63000000,29.69000000,29.42000000,29.42000000,375.98000000
2022-02-27,29.44000000,29.70000000,29.40000000,29.67000000,356.67000000
2022-02-27,29.66000000,29.87000000,29.48000000,29.87000000,446.38000000
2022-02-27,29.81000000,30.06000000,29.76000000,29.97000000,412.96000000
2022-02-27,29.96000000,30.06000000,29.83000000,29.87000000,298.97000000
2022-02-27,29.89000000,30.19000000,29.89000000,29.98000000,567.77000000
2022-02-27,29.98000000,30.30000000,29.95000000,30.08000000,536.05000000
2022-02-27,30.18000000,30.42000000,30.14000000,30.39000000,616.76000000
2022-02-27,30.39000000,30.42000000,30.26000000,30.40000000,312.36000000
2022-02-27,30.40000000,30.57000000,30.26000000,30.56000000,515.93000000
2022-02-27,30.56000000,30.56000000,29.63000000,29.89000000,2416.56000000
2022-02-27,29.91000000,29.94000000,29.67000000,29.78000000,1003.94000000
2022-02-27,29.79000000,30.13000000,29.71000000,30.03000000,608.23000000
2022-02-28,30.12000000,30.14000000,29.79000000,29.90000000,476.04000000
2022-02-28,29.90000000,29.91000000,29.77000000,29.80000000,227.21000000
2022-02-28,29.80000000,29.86000000,29.58000000,29.60000000,622.67000000
2022-02-28,29.58000000,29.67000000,29.00000000,29.01000000,1523.21000000
2022-02-28,29.00000000,29.40000000,29.00000000,29.16000000,1222.72000000
2022-02-28,29.16000000,29.25000000,28.76000000,28.89000000,2073.13000000
2022-02-28,28.97000000,29.19000000,28.90000000,28.95000000,850.84000000
2022-02-28,28.93000000,29.33000000,28.87000000,29.14000000,923.47000000
2022-02-28,29.14000000,29.17000000,28.87000000,28.89000000,945.91000000
2022-02-28,29.01000000,29.43000000,28.99000000,29.29000000,739.80000000
2022-02-28,29.22000000,29.30000000,29.02000000,29.03000000,459.83000000
2022-02-28,29.10000000,29.22000000,29.02000000,29.22000000,609.15000000
2022-02-28,29.22000000,29.25000000,29.04000000,29.05000000,190.67000000
2022-02-28,29.09000000,29.18000000,29.02000000,29.02000000,887.48000000
2022-02-28,29.11000000,29.23000000,28.94000000,29.18000000,914.09000000
2022-02-28,29.12000000,29.43000000,29.10000000,29.24000000,1003.17000000
2022-02-28,29.23000000,29.42000000,29.11000000,29.15000000,337.14000000
2022-02-28,29.11000000,29.24000000,29.00000000,29.04000000,506.42000000
2022-02-28,29.00000000,29.23000000,28.99000000,29.13000000,529.92000000
2022-02-28,29.19000000,29.19000000,29.03000000,29.07000000,123.07000000
2022-02-28,29.06000000,29.22000000,29.00000000,29.08000000,505.52000000
2022-02-28,29.08000000,29.14000000,28.93000000,28.96000000,795.79000000
2022-02-28,29.02000000,29.91000000,28.94000000,29.88000000,2002.01000000
2022-02-28,29.91000000,30.30000000,29.74000000,30.30000000,2025.07000000
2022-03-01,30.29000000,30.40000000,30.07000000,30.09000000,3025.25000000
