date,open,high,low,close,volume
2020-08-19,0.13696000,0.13854000,0.13641000,0.13691000,27795894.80000000
2020-08-19,0.13686000,0.13832000,0.13091000,0.13172000,44072483.50000000
2020-08-19,0.13174000,0.13361000,0.12779000,0.13321000,90477427.90000000
2020-08-19,0.13322000,0.13409000,0.13184000,0.13258000,39888497.90000000
2020-08-19,0.13256000,0.13539000,0.13055000,0.13137000,54490149.30000000
2020-08-20,0.13138000,0.13191000,0.12849000,0.12849000,62315977.00000000
2020-08-20,0.12848000,0.13138000,0.12580000,0.12966000,53053784.70000000
2020-08-20,0.12964000,0.13182000,0.12844000,0.12844000,27704735.50000000
2020-08-20,0.12851000,0.12991000,0.12605000,0.12739000,68600124.40000000
2020-08-20,0.12737000,0.13032000,0.12685000,0.13032000,38087516.80000000
2020-08-20,0.13032000,0.13271000,0.12992000,0.13269000,41940480.40000000
2020-08-21,0.13270000,0.13292000,0.13084000,0.13102000,32997211.90000000
2020-08-21,0.13100000,0.13453000,0.13091000,0.13413000,34163599.90000000
2020-08-21,0.13420000,0.13436000,0.13013000,0.13297000,64048684.70000000
2020-08-21,0.13297000,0.13402000,0.13154000,0.13206000,34330894.90000000
2020-08-21,0.13202000,0.13214000,0.12792000,0.12870000,41632295.10000000
2020-08-21,0.12870000,0.13010000,0.12710000,0.12873000,42354288.80000000
2020-08-22,0.12870000,0.12877000,0.12380000,0.12651000,75139434.30000000
2020-08-22,0.12647000,0.12766000,0.12140000,0.12315000,68066916.90000000
2020-08-22,0.12314000,0.12371000,0.11820000,0.12197000,73630334.00000000
2020-08-22,0.12197000,0.12399000,0.11981000,0.12372000,41615781.20000000
2020-08-22,0.12374000,0.12516000,0.12252000,0.12286000,30339369.80000000
2020-08-22,0.12292000,0.12544000,0.12292000,0.12414000,28526192.80000000
2020-08-23,0.12414000,0.12618000,0.12331000,0.12430000,35053669.10000000
2020-08-23,0.12431000,0.12611000,0.12332000,0.12515000,30072852.60000000
2020-08-23,0.12516000,0.12590000,0.12339000,0.12374000,24921269.10000000
2020-08-23,0.12370000,0.12381000,0.12143000,0.12209000,32292856.40000000
2020-08-23,0.12206000,0.12275000,0.11944000,0.11947000,36199777.30000000
2020-08-23,0.11951000,0.12331000,0.11929000,0.12292000,29674660.10000000
2020-08-24,0.12294000,0.12352000,0.12174000,0.12247000,29649804.10000000
2020-08-24,0.12247000,0.12293000,0.12108000,0.12141000,23666314.90000000
2020-08-24,0.12146000,0.12341000,0.12000000,0.12315000,33860559.10000000
2020-08-24,0.12320000,0.12547000,0.12263000,0.12537000,41806108.80000000
2020-08-24,0.12545000,0.12707000,0.12443000,0.12622000,49932144.80000000
2020-08-24,0.12622000,0.12685000,0.12347000,0.12440000,30862521.60000000
2020-08-25,0.12439000,0.12509000,0.12340000,0.12492000,20804258.30000000
2020-08-25,0.12494000,0.12506000,0.12357000,0.12361000,14784061.00000000
2020-08-25,0.12359000,0.12395000,0.12167000,0.12223000,21945778.00000000
2020-08-25,0.12223000,0.12279000,0.12060000,0.12154000,22563838.80000000
2020-08-25,0.12161000,0.12285000,0.12035000,0.12131000,22907216.90000000
2020-08-25,0.12129000,0.12139000,0.11492000,0.11643000,88712168.40000000
2020-08-26,0.11640000,0.11726000,0.10485000,0.11126000,320947476.60000000
2020-08-26,0.11121000,0.11357000,0.10947000,0.11239000,61392774.30000000
2020-08-26,0.11239000,0.11565000,0.11019000,0.11321000,66208518.60000000
2020-08-26,0.11321000,0.11475000,0.11174000,0.11228000,29608727.70000000
2020-08-26,0.11230000,0.11500000,0.11139000,0.11336000,37438145.40000000
2020-08-26,0.11338000,0.11691000,0.11127000,0.11579000,79531530.40000000
2020-08-27,0.11583000,0.11819000,0.11523000,0.11663000,51993195.80000000
2020-08-27,0.11659000,0.11688000,0.11423000,0.11435000,26365897.80000000
2020-08-27,0.11431000,0.11583000,0.11301000,0.11323000,27897455.10000000
2020-08-27,0.11323000,0.11361000,0.11125000,0.11246000,34246873.70000000
2020-08-27,0.11253000,0.11300000,0.10640000,0.10650000,70701628.90000000
2020-08-27,0.10645000,0.11243000,0.10578000,0.10786000,105555886.80000000
2020-08-28,0.10782000,0.10792000,0.10211000,0.10607000,121217517.40000000
2020-08-28,0.10607000,0.10730000,0.10483000,0.10725000,37694356.30000000
2020-08-28,0.10726000,0.10938000,0.10602000,0.10900000,47531356.60000000
2020-08-28,0.10900000,0.11044000,0.10754000,0.10805000,54122293.80000000
2020-08-28,0.10808000,0.10985000,0.10694000,0.10980000,38481985.10000000
2020-08-28,0.10980000,0.11166000,0.10827000,0.11109000,55235033.50000000
2020-08-29,0.11112000,0.11143000,0.10905000,0.10945000,34268550.00000000
2020-08-29,0.10945000,0.10968000,0.10826000,0.10927000,25198245.60000000
2020-08-29,0.10926000,0.10993000,0.10799000,0.10932000,18538943.80000000
2020-08-29,0.10935000,0.11375000,0.10930000,0.11235000,42634269.90000000
2020-08-29,0.11232000,0.11445000,0.11167000,0.11221000,39934002.10000000
2020-08-29,0.11217000,0.11370000,0.11142000,0.11363000,28906294.00000000
2020-08-30,0.11360000,0.11587000,0.11276000,0.11478000,44223587.50000000
2020-08-30,0.11481000,0.11796000,0.11448000,0.11623000,45628884.60000000
2020-08-30,0.11624000,0.11879000,0.11583000,0.11767000,45380982.30000000
2020-08-30,0.11766000,0.11814000,0.11459000,0.11474000,30518997.00000000
2020-08-30,0.11476000,0.11567000,0.11369000,0.11529000,39591281.90000000
2020-08-30,0.11529000,0.11672000,0.11446000,0.11497000,39039201.30000000
2020-08-31,0.11500000,0.11663000,0.11464000,0.11623000,24177005.90000000
2020-08-31,0.11624000,0.11806000,0.11562000,0.11747000,30047549.60000000
2020-08-31,0.11742000,0.11890000,0.11631000,0.11643000,28483974.70000000
2020-08-31,0.11643000,0.11701000,0.11308000,0.11376000,40201209.00000000
2020-08-31,0.11374000,0.11623000,0.11296000,0.11559000,56438603.80000000
2020-08-31,0.11557000,0.11681000,0.11503000,0.11587000,37500680.10000000
2020-09-01,0.11590000,0.12680000,0.11580000,0.12589000,206684935.00000000
2020-09-01,0.12588000,0.12676000,0.12081000,0.12253000,89963047.90000000
2020-09-01,0.12250000,0.12420000,0.11896000,0.12338000,61392802.50000000
2020-09-01,0.12339000,0.12572000,0.12328000,0.12532000,55547528.10000000
2020-09-01,0.12536000,0.12549000,0.12138000,0.12198000,49350877.50000000
2020-09-01,0.12198000,0.12393000,0.12095000,0.12164000,51362101.60000000
2020-09-02,0.12168000,0.12515000,0.12132000,0.12413000,43042444.50000000
2020-09-02,0.12413000,0.12812000,0.12399000,0.12445000,70211052.70000000
2020-09-02,0.12444000,0.12642000,0.12202000,0.12306000,46224084.90000000
2020-09-02,0.12306000,0.12483000,0.12110000,0.12149000,32253073.20000000
2020-09-02,0.12149000,0.12175000,0.11031000,0.11510000,124225760.60000000
2020-09-02,0.11506000,0.11638000,0.11138000,0.11309000,88505807.00000000
2020-09-03,0.11311000,0.11560000,0.11076000,0.11555000,73951773.00000000
2020-09-03,0.11554000,0.11677000,0.11358000,0.11489000,34837413.60000000
2020-09-03,0.11490000,0.11693000,0.11371000,0.11380000,37215204.50000000
2020-09-03,0.11383000,0.11470000,0.11039000,0.11373000,64074069.00000000
2020-09-03,0.11370000,0.11498000,0.11029000,0.11045000,54058899.80000000
2020-09-03,0.11047000,0.11069000,0.10111000,0.10390000,242694150.50000000
2020-09-04,0.10392000,0.10615000,0.10201000,0.10509000,98392460.90000000
2020-09-04,0.10512000,0.10592000,0.09222000,0.09446000,125445935.50000000
2020-09-04,0.09448000,0.09894000,0.09333000,0.09614000,114361970.70000000
2020-09-04,0.09614000,0.09766000,0.09215000,0.09685000,154333680.20000000
2020-09-04,0.09682000,0.10392000,0.09680000,0.10132000,151915502.20000000
2020-09-04,0.10134000,0.10328000,0.09350000,0.09833000,200356493.00000000
2020-09-05,0.09832000,0.10198000,0.09679000,0.10078000,93424520.80000000
2020-09-05,0.10080000,0.10399000,0.10050000,0.10156000,50331479.80000000
2020-09-05,0.10160000,0.10398000,0.10065000,0.10080000,52307037.60000000
2020-09-05,0.10089000,0.10200000,0.09885000,0.09959000,52142042.80000000
2020-09-05,0.09951000,0.09951000,0.09376000,0.09577000,83690394.60000000
2020-09-05,0.09575000,0.09690000,0.09175000,0.09583000,135750855.10000000
2020-09-06,0.09585000,0.09633000,0.08641000,0.08789000,233438836.20000000
2020-09-06,0.08789000,0.09072000,0.08540000,0.09000000,90908905.10000000
2020-09-06,0.08998000,0.09049000,0.08693000,0.08737000,49045504.60000000
2020-09-06,0.08741000,0.09090000,0.08550000,0.09018000,58528749.60000000
2020-09-06,0.09020000,0.09614000,0.08962000,0.09382000,124156324.60000000
2020-09-06,0.09378000,0.09503000,0.09040000,0.09212000,56574170.10000000
2020-09-07,0.09218000,0.09476000,0.09112000,0.09385000,50154522.60000000
2020-09-07,0.09383000,0.09494000,0.09147000,0.09260000,53209633.70000000
2020-09-07,0.09266000,0.09414000,0.09098000,0.09187000,32120300.70000000
2020-09-07,0.09188000,0.09248000,0.08792000,0.08956000,84753270.90000000
2020-09-07,0.08951000,0.09133000,0.08690000,0.08795000,66465965.00000000
2020-09-07,0.08794000,0.09100000,0.08603000,0.09045000,107772342.80000000
2020-09-08,0.09045000,0.09207000,0.08980000,0.09038000,36362301.40000000
2020-09-08,0.09036000,0.09421000,0.08979000,0.09360000,54787779.40000000
2020-09-08,0.09365000,0.09480000,0.09223000,0.09325000,41752680.50000000
2020-09-08,0.09326000,0.09699000,0.09279000,0.09520000,60640311.20000000
2020-09-08,0.09521000,0.09636000,0.08939000,0.09038000,90484409.30000000
2020-09-08,0.09041000,0.09252000,0.08849000,0.09133000,89767673.70000000
2020-09-09,0.09134000,0.09216000,0.08950000,0.08958000,59594056.50000000
2020-09-09,0.08963000,0.09172000,0.08845000,0.09101000,71172461.10000000
2020-09-09,0.09105000,0.09200000,0.08925000,0.09017000,25341179.00000000
2020-09-09,0.09013000,0.09183000,0.08947000,0.09167000,25493301.70000000
2020-09-09,0.09166000,0.09346000,0.09135000,0.09262000,37104156.00000000
2020-09-09,0.09262000,0.09436000,0.09197000,0.09399000,54197452.70000000
2020-09-10,0.09399000,0.09511000,0.09331000,0.09447000,45845446.30000000
2020-09-10,0.09447000,0.09575000,0.09260000,0.09331000,51547449.50000000
2020-09-10,0.09329000,0.09686000,0.09318000,0.09588000,50335044.20000000
2020-09-10,0.09586000,0.09780000,0.09465000,0.09499000,45760057.50000000
2020-09-10,0.09499000,0.09637000,0.09419000,0.09621000,41124389.30000000
2020-09-10,0.09620000,0.09920000,0.09610000,0.09860000,79942461.50000000
2020-09-11,0.09863000,0.09950000,0.09689000,0.09784000,74461638.60000000
2020-09-11,0.09785000,0.09831000,0.09663000,0.09709000,26892961.80000000
2020-09-11,0.09704000,0.09752000,0.09419000,0.09442000,34499727.40000000
2020-09-11,0.09439000,0.09588000,0.09413000,0.09541000,33429365.90000000
2020-09-11,0.09537000,0.09617000,0.09330000,0.09363000,36843131.10000000
2020-09-11,0.09361000,0.09618000,0.09308000,0.09566000,45602501.00000000
2020-09-12,0.09566000,0.09731000,0.09514000,0.09657000,38620054.50000000
2020-09-12,0.09655000,0.09755000,0.09588000,0.09701000,32516514.10000000
2020-09-12,0.09696000,0.09850000,0.09583000,0.09774000,33375298.70000000
2020-09-12,0.09768000,0.09807000,0.09574000,0.09653000,24749939.40000000
2020-09-12,0.09650000,0.09677000,0.09532000,0.09596000,21446428.80000000
2020-09-12,0.09595000,0.09643000,0.09446000,0.09624000,28142739.30000000
2020-09-13,0.09627000,0.09816000,0.09591000,0.09787000,35531325.70000000
2020-09-13,0.09786000,0.09811000,0.09676000,0.09771000,28068955.60000000
2020-09-13,0.09769000,0.09921000,0.09647000,0.09880000,35494021.80000000
2020-09-13,0.09880000,0.09981000,0.09840000,0.09898000,29801728.20000000
2020-09-13,0.09895000,0.09944000,0.09465000,0.09519000,57951678.30000000
2020-09-13,0.09516000,0.09588000,0.09348000,0.09360000,49863025.10000000
2020-09-14,0.09358000,0.09486000,0.09234000,0.09446000,47032402.50000000
2020-09-14,0.09442000,0.09544000,0.09378000,0.09507000,21408607.00000000
2020-09-14,0.09509000,0.09561000,0.09293000,0.09504000,29396534.60000000
2020-09-14,0.09504000,0.09623000,0.09426000,0.09559000,30739707.80000000
2020-09-14,0.09559000,0.09657000,0.09438000,0.09567000,30779201.80000000
2020-09-14,0.09569000,0.09751000,0.09479000,0.09737000,65359371.30000000
2020-09-15,0.09733000,0.09787000,0.09588000,0.09588000,40135931.50000000
2020-09-15,0.09589000,0.09700000,0.09546000,0.09663000,26505408.50000000
2020-09-15,0.09659000,0.09804000,0.09600000,0.09730000,40277299.00000000
2020-09-15,0.09728000,0.09738000,0.09546000,0.09583000,26588627.10000000
2020-09-15,0.09584000,0.09683000,0.09430000,0.09658000,34047785.70000000
2020-09-15,0.09653000,0.09744000,0.09397000,0.09449000,61366958.90000000
2020-09-16,0.09446000,0.09544000,0.09337000,0.09398000,31703639.80000000
2020-09-16,0.09390000,0.09467000,0.09286000,0.09313000,34908798.20000000
2020-09-16,0.09309000,0.09334000,0.09022000,0.09111000,55800006.60000000
2020-09-16,0.09110000,0.09284000,0.09075000,0.09280000,30848897.90000000
2020-09-16,0.09279000,0.09297000,0.08962000,0.09077000,50630216.70000000
2020-09-16,0.09078000,0.09142000,0.08951000,0.09097000,68341962.30000000
2020-09-17,0.09096000,0.09205000,0.09015000,0.09168000,46109576.30000000
2020-09-17,0.09168000,0.09208000,0.09108000,0.09151000,22452768.00000000
2020-09-17,0.09151000,0.09475000,0.09081000,0.09177000,63274521.20000000
2020-09-17,0.09177000,0.09296000,0.09146000,0.09264000,25467595.00000000
2020-09-17,0.09267000,0.09312000,0.09075000,0.09208000,36894325.70000000
2020-09-17,0.09209000,0.09267000,0.09080000,0.09233000,33894479.30000000
2020-09-18,0.09233000,0.09418000,0.09190000,0.09380000,33073706.70000000
2020-09-18,0.09380000,0.09465000,0.09357000,0.09408000,40762254.00000000
2020-09-18,0.09405000,0.09415000,0.09261000,0.09330000,32206399.80000000
2020-09-18,0.09330000,0.09370000,0.09255000,0.09327000,27812649.00000000
2020-09-18,0.09330000,0.09390000,0.09257000,0.09262000,29788124.60000000
2020-09-18,0.09263000,0.09301000,0.09111000,0.09157000,43982349.50000000
2020-09-19,0.09155000,0.09206000,0.09032000,0.09081000,44428952.20000000
2020-09-19,0.09081000,0.09107000,0.08963000,0.09093000,38178973.60000000
2020-09-19,0.09092000,0.09218000,0.09044000,0.09120000,32297390.10000000
2020-09-19,0.09120000,0.09185000,0.09086000,0.09086000,20326404.90000000
2020-09-19,0.09086000,0.09325000,0.09080000,0.09290000,32190451.80000000
2020-09-19,0.09290000,0.09313000,0.09217000,0.09238000,26890042.90000000
2020-09-20,0.09239000,0.09260000,0.09145000,0.09210000,19672607.80000000
2020-09-20,0.09208000,0.09216000,0.09105000,0.09141000,14833183.00000000
2020-09-20,0.09139000,0.09183000,0.09059000,0.09131000,26349964.80000000
2020-09-20,0.09128000,0.09211000,0.09103000,0.09172000,14351719.50000000
2020-09-20,0.09170000,0.09223000,0.09130000,0.09177000,21301622.30000000
2020-09-20,0.09181000,0.09191000,0.08869000,0.08947000,54932031.30000000
2020-09-21,0.08948000,0.08978000,0.08751000,0.08912000,35094646.60000000
2020-09-21,0.08912000,0.08965000,0.08798000,0.08936000,26357136.20000000
2020-09-21,0.08936000,0.09017000,0.08883000,0.08962000,27242112.10000000
2020-09-21,0.08965000,0.08986000,0.08826000,0.08843000,27103133.00000000
2020-09-21,0.08843000,0.08862000,0.08044000,0.08193000,162320887.20000000
2020-09-21,0.08191000,0.08212000,0.07700000,0.07942000,172951447.80000000
2020-09-22,0.07938000,0.08095000,0.07855000,0.08052000,55645690.40000000
2020-09-22,0.08052000,0.08131000,0.07966000,0.07983000,46789854.60000000
2020-09-22,0.07989000,0.08208000,0.07906000,0.08083000,51572836.70000000
2020-09-22,0.08085000,0.08279000,0.07923000,0.07962000,72924575.40000000
2020-09-22,0.07964000,0.08225000,0.07964000,0.08134000,59508043.10000000
2020-09-22,0.08136000,0.08335000,0.08104000,0.08215000,49566155.70000000
2020-09-23,0.08214000,0.08325000,0.08185000,0.08210000,44567271.70000000
2020-09-23,0.08207000,0.08240000,0.08114000,0.08146000,34701925.00000000
2020-09-23,0.08148000,0.08280000,0.08138000,0.08166000,23191684.90000000
2020-09-23,0.08167000,0.08167000,0.07933000,0.08028000,55629703.00000000
2020-09-23,0.08029000,0.08132000,0.07981000,0.08086000,32601924.40000000
2020-09-23,0.08085000,0.08228000,0.08048000,0.08080000,36295485.60000000
2020-09-24,0.08080000,0.08128000,0.07782000,0.07825000,58306780.20000000
2020-09-24,0.07821000,0.07850000,0.07545000,0.07663000,82763074.40000000
2020-09-24,0.07663000,0.07794000,0.07549000,0.07770000,59200781.90000000
2020-09-24,0.07772000,0.07885000,0.07708000,0.07849000,52249493.00000000
2020-09-24,0.07847000,0.07981000,0.07700000,0.07932000,70047007.90000000
2020-09-24,0.07934000,0.08095000,0.07837000,0.08087000,70963349.20000000
2020-09-25,0.08081000,0.08307000,0.08080000,0.08214000,108649637.90000000
2020-09-25,0.08212000,0.08376000,0.08193000,0.08254000,55002632.70000000
2020-09-25,0.08254000,0.08743000,0.08233000,0.08581000,98789564.10000000
2020-09-25,0.08584000,0.08871000,0.08476000,0.08796000,72007466.20000000
2020-09-25,0.08797000,0.09425000,0.08533000,0.09365000,171724848.40000000
2020-09-25,0.09365000,0.09700000,0.09183000,0.09625000,218204161.20000000
2020-09-26,0.09625000,0.09867000,0.09486000,0.09728000,128371219.90000000
2020-09-26,0.09730000,0.09813000,0.09490000,0.09693000,72672839.60000000
2020-09-26,0.09691000,0.09997000,0.09506000,0.09531000,122835090.50000000
2020-09-26,0.09529000,0.09678000,0.09442000,0.09488000,60583927.50000000
2020-09-26,0.09487000,0.09608000,0.09419000,0.09460000,43569062.60000000
2020-09-26,0.09460000,0.09489000,0.09226000,0.09409000,52240451.80000000
2020-09-27,0.09411000,0.09488000,0.09321000,0.09386000,35943692.70000000
2020-09-27,0.09387000,0.09627000,0.09369000,0.09547000,35494407.20000000
2020-09-27,0.09541000,0.09844000,0.09533000,0.09815000,62450894.90000000
2020-09-27,0.09817000,0.09937000,0.09560000,0.09655000,56827223.80000000
2020-09-27,0.09650000,0.09650000,0.09423000,0.09502000,40919900.70000000
2020-09-27,0.09502000,0.09907000,0.09419000,0.09907000,59490682.50000000
2020-09-28,0.09906000,0.10273000,0.09845000,0.10079000,135309856.90000000
2020-09-28,0.10078000,0.10256000,0.09921000,0.10130000,70404046.60000000
2020-09-28,0.10132000,0.10549000,0.10132000,0.10451000,101046375.90000000
2020-09-28,0.10455000,0.10523000,0.10213000,0.10465000,67610460.30000000
2020-09-28,0.10465000,0.10671000,0.10309000,0.10332000,98139545.40000000
2020-09-28,0.10329000,0.10504000,0.10250000,0.10375000,67814728.10000000
2020-09-29,0.10375000,0.10520000,0.10290000,0.10365000,46147127.80000000
2020-09-29,0.10372000,0.10442000,0.09957000,0.10030000,63752196.60000000
2020-09-29,0.10026000,0.10245000,0.09881000,0.10108000,53172858.70000000
2020-09-29,0.10106000,0.10360000,0.10000000,0.10299000,50397518.90000000
2020-09-29,0.10299000,0.10312000,0.10126000,0.10227000,44406437.70000000
2020-09-29,0.10226000,0.10237000,0.09967000,0.10019000,51798816.50000000
2020-09-30,0.10020000,0.10041000,0.09735000,0.09896000,88405991.60000000
2020-09-30,0.09896000,0.10190000,0.09896000,0.10110000,36568673.90000000
2020-09-30,0.10110000,0.10151000,0.09828000,0.09836000,42791569.30000000
2020-09-30,0.09831000,0.09874000,0.09662000,0.09713000,57369394.90000000
2020-09-30,0.09709000,0.09863000,0.09675000,0.09752000,37598141.80000000
2020-09-30,0.09750000,0.10175000,0.09741000,0.10126000,58055546.60000000
2020-10-01,0.10123000,0.10150000,0.09907000,0.09926000,51650273.40000000
2020-10-01,0.09923000,0.10161000,0.09868000,0.10136000,37422066.40000000
2020-10-01,0.10136000,0.10465000,0.10109000,0.10288000,57132522.20000000
2020-10-01,0.10291000,0.10379000,0.10241000,0.10361000,31039182.10000000
2020-10-01,0.10361000,0.10450000,0.10221000,0.10267000,47063971.20000000
2020-10-01,0.10270000,0.10316000,0.09913000,0.09914000,52868699.60000000
2020-10-02,0.09913000,0.09929000,0.09458000,0.09820000,109598665.40000000
2020-10-02,0.09823000,0.09823000,0.09654000,0.09804000,39148300.60000000
2020-10-02,0.09803000,0.10029000,0.09688000,0.10015000,43648764.00000000
2020-10-02,0.10019000,0.10040000,0.09425000,0.09479000,95338883.70000000
2020-10-02,0.09481000,0.09487000,0.08967000,0.09048000,93433825.00000000
2020-10-02,0.09044000,0.09387000,0.08983000,0.09245000,87274663.40000000
2020-10-03,0.09242000,0.09388000,0.09171000,0.09277000,32465056.00000000
2020-10-03,0.09276000,0.09457000,0.09153000,0.09286000,47783075.50000000
2020-10-03,0.09285000,0.09485000,0.09208000,0.09467000,25772112.70000000
2020-10-03,0.09465000,0.09482000,0.09343000,0.09359000,29468107.60000000
2020-10-03,0.09354000,0.09532000,0.09272000,0.09441000,33714685.00000000
2020-10-03,0.09442000,0.09457000,0.09370000,0.09436000,18452992.00000000
2020-10-04,0.09439000,0.09477000,0.09410000,0.09445000,19311674.50000000
2020-10-04,0.09446000,0.09456000,0.09260000,0.09328000,31111410.30000000
2020-10-04,0.09332000,0.09396000,0.09205000,0.09255000,23656060.40000000
2020-10-04,0.09256000,0.09401000,0.09241000,0.09383000,19999352.10000000
2020-10-04,0.09382000,0.09500000,0.09343000,0.09408000,25564546.50000000
2020-10-04,0.09409000,0.09632000,0.09321000,0.09457000,39107208.30000000
2020-10-05,0.09455000,0.09796000,0.09420000,0.09759000,36262805.90000000
2020-10-05,0.09760000,0.09804000,0.09661000,0.09686000,27349970.30000000
2020-10-05,0.09684000,0.09948000,0.09649000,0.09824000,41853996.10000000
2020-10-05,0.09826000,0.09866000,0.09713000,0.09791000,33060243.40000000
2020-10-05,0.09792000,0.09827000,0.09628000,0.09636000,26930332.80000000
2020-10-05,0.09636000,0.09828000,0.09592000,0.09759000,36952214.70000000
2020-10-06,0.09760000,0.09777000,0.09585000,0.09632000,25376369.00000000
2020-10-06,0.09632000,0.09783000,0.09611000,0.09738000,16977181.10000000
2020-10-06,0.09740000,0.09851000,0.09645000,0.09798000,22691543.80000000
2020-10-06,0.09796000,0.09864000,0.09667000,0.09670000,26411684.40000000
2020-10-06,0.09669000,0.09753000,0.09355000,0.09494000,61201761.30000000
2020-10-06,0.09488000,0.09624000,0.09161000,0.09562000,77984241.40000000
2020-10-07,0.09563000,0.09604000,0.09189000,0.09300000,52139097.00000000
2020-10-07,0.09298000,0.09325000,0.09122000,0.09289000,38647318.00000000
2020-10-07,0.09287000,0.09294000,0.08934000,0.09091000,36757356.10000000
2020-10-07,0.09088000,0.09349000,0.09072000,0.09313000,28945731.50000000
2020-10-07,0.09312000,0.09348000,0.09167000,0.09264000,23948883.50000000
2020-10-07,0.09267000,0.09433000,0.09267000,0.09339000,26421012.00000000
2020-10-08,0.09338000,0.09449000,0.09281000,0.09377000,26742714.10000000
2020-10-08,0.09377000,0.09416000,0.09296000,0.09374000,14080186.00000000
2020-10-08,0.09372000,0.09374000,0.09239000,0.09293000,21975147.50000000
2020-10-08,0.09292000,0.09303000,0.08975000,0.09125000,48015737.90000000
2020-10-08,0.09125000,0.09239000,0.09007000,0.09154000,30689320.90000000
2020-10-08,0.09154000,0.09699000,0.09125000,0.09629000,87189254.60000000
2020-10-09,0.09634000,0.09731000,0.09522000,0.09583000,44007584.30000000
2020-10-09,0.09588000,0.09650000,0.09538000,0.09632000,20820840.60000000
2020-10-09,0.09632000,0.09694000,0.09511000,0.09575000,32228578.90000000
2020-10-09,0.09573000,0.09604000,0.09485000,0.09567000,27203971.50000000
2020-10-09,0.09568000,0.09801000,0.09501000,0.09743000,67183755.10000000
2020-10-09,0.09740000,0.09895000,0.09685000,0.09864000,65146866.70000000
2020-10-10,0.09865000,0.10063000,0.09800000,0.09921000,62433462.50000000
2020-10-10,0.09922000,0.10255000,0.09922000,0.10129000,56113482.60000000
2020-10-10,0.10133000,0.10730000,0.10133000,0.10685000,100647559.40000000
2020-10-10,0.10683000,0.10734000,0.10446000,0.10680000,52529452.90000000
2020-10-10,0.10679000,0.10895000,0.10504000,0.10709000,74865160.20000000
2020-10-10,0.10709000,0.11151000,0.10687000,0.10829000,113672377.60000000
2020-10-11,0.10828000,0.11116000,0.10681000,0.10833000,89647547.40000000
2020-10-11,0.10834000,0.10849000,0.10377000,0.10493000,75748966.20000000
2020-10-11,0.10488000,0.10707000,0.10415000,0.10435000,65390784.50000000
2020-10-11,0.10438000,0.10694000,0.10416000,0.10583000,40506855.40000000
2020-10-11,0.10583000,0.10871000,0.10484000,0.10780000,68321096.30000000
2020-10-11,0.10777000,0.10881000,0.10612000,0.10790000,46059383.10000000
2020-10-12,0.10789000,0.10899000,0.10613000,0.10669000,50017706.10000000
2020-10-12,0.10664000,0.10723000,0.10525000,0.10648000,42781328.80000000
2020-10-12,0.10652000,0.10817000,0.10531000,0.10692000,34772557.80000000
2020-10-12,0.10685000,0.10688000,0.10428000,0.10606000,49979189.80000000
2020-10-12,0.10607000,0.10698000,0.10216000,0.10302000,72360946.60000000
2020-10-12,0.10305000,0.10897000,0.10300000,0.10888000,86209741.30000000
2020-10-13,0.10882000,0.11130000,0.10879000,0.10943000,106964418.10000000
2020-10-13,0.10946000,0.11369000,0.10860000,0.10945000,86643878.40000000
2020-10-13,0.10951000,0.11146000,0.10813000,0.11037000,63688401.90000000
2020-10-13,0.11037000,0.11428000,0.11020000,0.11260000,88806318.30000000
2020-10-13,0.11258000,0.11400000,0.11171000,0.11184000,67899137.20000000
2020-10-13,0.11182000,0.11227000,0.10855000,0.11015000,89526371.60000000
2020-10-14,0.11020000,0.11037000,0.10751000,0.10925000,54748236.20000000
2020-10-14,0.10925000,0.11029000,0.10847000,0.10925000,35172423.50000000
2020-10-14,0.10927000,0.11140000,0.10879000,0.10962000,49481615.30000000
2020-10-14,0.10957000,0.10996000,0.10846000,0.10966000,30041007.30000000
2020-10-14,0.10970000,0.11095000,0.10826000,0.10883000,53353151.90000000
2020-10-14,0.10884000,0.11238000,0.10741000,0.10783000,96872180.70000000
2020-10-15,0.10782000,0.10866000,0.10519000,0.10641000,78756778.10000000
2020-10-15,0.10642000,0.10806000,0.10624000,0.10703000,28194889.30000000
2020-10-15,0.10703000,0.10744000,0.10474000,0.10540000,36885562.80000000
2020-10-15,0.10546000,0.10716000,0.10519000,0.10715000,27573849.20000000
2020-10-15,0.10716000,0.10751000,0.10441000,0.10592000,46406205.50000000
2020-10-15,0.10590000,0.10782000,0.10531000,0.10629000,53066308.20000000
2020-10-16,0.10628000,0.10734000,0.10574000,0.10675000,33172882.40000000
2020-10-16,0.10675000,0.10739000,0.10614000,0.10666000,24054187.40000000
2020-10-16,0.10664000,0.10733000,0.10569000,0.10663000,32573190.30000000
2020-10-16,0.10659000,0.10659000,0.10311000,0.10391000,68125986.20000000
2020-10-16,0.10386000,0.10451000,0.10218000,0.10356000,52574719.60000000
2020-10-16,0.10355000,0.10397000,0.10280000,0.10351000,33572763.90000000
2020-10-17,0.10353000,0.10414000,0.10308000,0.10337000,19656580.20000000
2020-10-17,0.10341000,0.10435000,0.10281000,0.10414000,18100163.10000000
2020-10-17,0.10415000,0.10635000,0.10316000,0.10595000,29714704.10000000
2020-10-17,0.10594000,0.10686000,0.10544000,0.10624000,40442383.80000000
2020-10-17,0.10624000,0.10719000,0.10550000,0.10715000,25674385.70000000
2020-10-17,0.10711000,0.10739000,0.10508000,0.10594000,38357825.30000000
2020-10-18,0.10597000,0.10616000,0.10513000,0.10580000,12281133.70000000
2020-10-18,0.10580000,0.10618000,0.10509000,0.10598000,13255656.70000000
2020-10-18,0.10589000,0.10652000,0.10548000,0.10565000,12363793.50000000
2020-10-18,0.10567000,0.10640000,0.10501000,0.10627000,21800446.50000000
2020-10-18,0.10625000,0.10645000,0.10550000,0.10595000,16880996.80000000
2020-10-18,0.10594000,0.10647000,0.10545000,0.10624000,17865826.10000000
2020-10-19,0.10628000,0.10730000,0.10623000,0.10638000,23046210.90000000
2020-10-19,0.10641000,0.10761000,0.10628000,0.10735000,18048706.50000000
2020-10-19,0.10737000,0.10759000,0.10598000,0.10610000,29299249.40000000
2020-10-19,0.10608000,0.10679000,0.10601000,0.10651000,17476006.70000000
2020-10-19,0.10650000,0.10862000,0.10627000,0.10765000,37417626.60000000
2020-10-19,0.10765000,0.10948000,0.10762000,0.10895000,53864770.40000000
2020-10-20,0.10892000,0.11110000,0.10875000,0.10982000,59342856.90000000
2020-10-20,0.10980000,0.11057000,0.10810000,0.10859000,32036617.00000000
2020-10-20,0.10856000,0.10883000,0.10801000,0.10840000,18055353.70000000
2020-10-20,0.10839000,0.10839000,0.10449000,0.10550000,48311112.70000000
2020-10-20,0.10550000,0.10594000,0.10131000,0.10232000,69999459.00000000
2020-10-20,0.10233000,0.10465000,0.10058000,0.10269000,93091576.40000000
2020-10-21,0.10270000,0.10339000,0.10076000,0.10209000,70576173.90000000
2020-10-21,0.10210000,0.10342000,0.10116000,0.10238000,36526031.60000000
2020-10-21,0.10237000,0.10506000,0.10128000,0.10448000,37219076.70000000
2020-10-21,0.10453000,0.10642000,0.10409000,0.10476000,41762053.00000000
2020-10-21,0.10474000,0.10491000,0.10343000,0.10394000,23951967.20000000
2020-10-21,0.10394000,0.10770000,0.10342000,0.10720000,62243820.00000000
2020-10-22,0.10722000,0.10858000,0.10610000,0.10622000,43889265.20000000
2020-10-22,0.10624000,0.10800000,0.10500000,0.10589000,57648037.10000000
2020-10-22,0.10585000,0.10753000,0.10553000,0.10554000,27944831.20000000
2020-10-22,0.10552000,0.10760000,0.10507000,0.10756000,26680139.90000000
2020-10-22,0.10755000,0.10952000,0.10648000,0.10908000,53942768.70000000
2020-10-22,0.10907000,0.11000000,0.10828000,0.10923000,42817347.40000000
2020-10-23,0.10924000,0.11200000,0.10919000,0.11091000,63391507.10000000
2020-10-23,0.11090000,0.11279000,0.10978000,0.11077000,38370355.60000000
2020-10-23,0.11075000,0.11228000,0.10914000,0.11090000,36617488.70000000
2020-10-23,0.11090000,0.11105000,0.10910000,0.10928000,35620071.80000000
2020-10-23,0.10927000,0.11062000,0.10850000,0.11003000,50559198.10000000
2020-10-23,0.11006000,0.11039000,0.10738000,0.10788000,47776786.20000000
2020-10-24,0.10783000,0.10826000,0.10515000,0.10751000,42694955.10000000
2020-10-24,0.10754000,0.10868000,0.10704000,0.10805000,16080667.20000000
2020-10-24,0.10801000,0.10933000,0.10747000,0.10884000,20406890.80000000
2020-10-24,0.10883000,0.10990000,0.10820000,0.10842000,27507537.30000000
2020-10-24,0.10842000,0.10953000,0.10726000,0.10932000,34369560.80000000
2020-10-24,0.10932000,0.10967000,0.10820000,0.10883000,33191121.70000000
2020-10-25,0.10884000,0.10935000,0.10811000,0.10834000,18790504.30000000
2020-10-25,0.10833000,0.10864000,0.10732000,0.10797000,13905044.70000000
2020-10-25,0.10795000,0.10843000,0.10653000,0.10836000,31753640.70000000
2020-10-25,0.10836000,0.10879000,0.10615000,0.10761000,25048165.40000000
2020-10-25,0.10758000,0.10775000,0.10618000,0.10671000,17245568.70000000
2020-10-25,0.10669000,0.10770000,0.10654000,0.10713000,11553008.10000000
2020-10-26,0.10714000,0.10774000,0.10638000,0.10707000,10088445.30000000
2020-10-26,0.10714000,0.10800000,0.10603000,0.10639000,16817598.00000000
2020-10-26,0.10640000,0.10760000,0.10522000,0.10690000,27429841.20000000
2020-10-26,0.10687000,0.10687000,0.10550000,0.10592000,12705333.70000000
2020-10-26,0.10590000,0.10607000,0.10477000,0.10528000,24416904.40000000
2020-10-26,0.10528000,0.10540000,0.10102000,0.10152000,51671657.70000000
2020-10-27,0.10150000,0.10239000,0.09892000,0.10207000,89669554.70000000
2020-10-27,0.10210000,0.10360000,0.10170000,0.10306000,19834188.90000000
2020-10-27,0.10300000,0.10394000,0.10243000,0.10315000,22321757.30000000
2020-10-27,0.10319000,0.10538000,0.10319000,0.10451000,26899748.20000000
2020-10-27,0.10451000,0.10505000,0.10284000,0.10455000,32634443.10000000
2020-10-27,0.10455000,0.10517000,0.10340000,0.10414000,32427308.70000000
2020-10-28,0.10414000,0.10568000,0.10313000,0.10373000,38073978.40000000
2020-10-28,0.10370000,0.10384000,0.10178000,0.10256000,31933858.10000000
2020-10-28,0.10254000,0.10331000,0.10203000,0.10240000,24270154.80000000
2020-10-28,0.10240000,0.10261000,0.09850000,0.09988000,44322055.90000000
2020-10-28,0.09985000,0.10100000,0.09656000,0.09743000,72059107.40000000
2020-10-28,0.09742000,0.09912000,0.09501000,0.09726000,70334889.30000000
2020-10-29,0.09721000,0.09870000,0.09636000,0.09779000,39394381.90000000
2020-10-29,0.09782000,0.10000000,0.09758000,0.09869000,31783531.50000000
2020-10-29,0.09872000,0.10025000,0.09770000,0.10014000,27054651.50000000
2020-10-29,0.10015000,0.10082000,0.09917000,0.09920000,38806920.20000000
2020-10-29,0.09924000,0.10017000,0.09661000,0.09661000,49222666.10000000
2020-10-29,0.09664000,0.09900000,0.09486000,0.09803000,65835146.20000000
2020-10-30,0.09807000,0.09832000,0.09652000,0.09656000,41144473.10000000
2020-10-30,0.09652000,0.09733000,0.09484000,0.09531000,35205336.70000000
2020-10-30,0.09527000,0.09569000,0.09188000,0.09199000,52687109.20000000
2020-10-30,0.09197000,0.09344000,0.09009000,0.09260000,75328617.40000000
2020-10-30,0.09260000,0.09392000,0.08915000,0.09266000,68894894.50000000
2020-10-30,0.09266000,0.09341000,0.09155000,0.09288000,29151090.00000000
2020-10-31,0.09285000,0.09380000,0.09224000,0.09377000,25736031.50000000
2020-10-31,0.09375000,0.09447000,0.09264000,0.09330000,26653083.40000000
2020-10-31,0.09326000,0.09431000,0.09264000,0.09328000,20040993.70000000
2020-10-31,0.09331000,0.09375000,0.09196000,0.09290000,21250653.50000000
2020-10-31,0.09287000,0.09555000,0.09260000,0.09468000,66036066.50000000
2020-10-31,0.09465000,0.09549000,0.09353000,0.09422000,26207896.90000000
2020-11-01,0.09429000,0.09439000,0.09266000,0.09295000,16147833.20000000
2020-11-01,0.09296000,0.09344000,0.09236000,0.09300000,15735423.90000000
2020-11-01,0.09296000,0.09401000,0.09241000,0.09348000,22021231.80000000
2020-11-01,0.09347000,0.09394000,0.09275000,0.09390000,10002970.20000000
2020-11-01,0.09394000,0.09423000,0.09286000,0.09374000,17152009.30000000
2020-11-01,0.09373000,0.09668000,0.09355000,0.09628000,35278796.50000000
2020-11-02,0.09631000,0.09650000,0.09573000,0.09622000,15086837.30000000
2020-11-02,0.09626000,0.09868000,0.09626000,0.09827000,39449471.00000000
2020-11-02,0.09827000,0.10004000,0.09826000,0.09908000,51740209.50000000
2020-11-02,0.09911000,0.09947000,0.09763000,0.09904000,23053259.40000000
2020-11-02,0.09901000,0.09908000,0.09458000,0.09492000,61830012.10000000
2020-11-02,0.09493000,0.09494000,0.09151000,0.09336000,64262223.00000000
2020-11-03,0.09333000,0.09370000,0.09245000,0.09334000,23792723.60000000
2020-11-03,0.09330000,0.09412000,0.09194000,0.09221000,25687404.00000000
2020-11-03,0.09222000,0.09312000,0.08793000,0.08947000,66037790.80000000
2020-11-03,0.08947000,0.09095000,0.08806000,0.09033000,41157802.10000000
2020-11-03,0.09030000,0.09300000,0.08986000,0.09200000,41698705.90000000
2020-11-03,0.09198000,0.09362000,0.09088000,0.09191000,44264120.00000000
2020-11-04,0.09193000,0.09317000,0.09116000,0.09288000,26016484.70000000
2020-11-04,0.09282000,0.09417000,0.09204000,0.09357000,25339099.20000000
2020-11-04,0.09360000,0.09390000,0.09214000,0.09321000,24335568.60000000
2020-11-04,0.09322000,0.09581000,0.09187000,0.09266000,49150014.80000000
2020-11-04,0.09261000,0.09500000,0.09213000,0.09389000,67270428.80000000
2020-11-04,0.09389000,0.09469000,0.09216000,0.09244000,45189877.80000000
2020-11-05,0.09247000,0.09593000,0.09155000,0.09561000,50332557.40000000
2020-11-05,0.09563000,0.09628000,0.09431000,0.09550000,20039264.50000000
2020-11-05,0.09553000,0.09645000,0.09489000,0.09505000,46937980.80000000
2020-11-05,0.09505000,0.09560000,0.09434000,0.09456000,26532913.60000000
2020-11-05,0.09454000,0.09478000,0.09279000,0.09301000,54589184.50000000
2020-11-05,0.09300000,0.09771000,0.09207000,0.09714000,111536420.90000000
2020-11-06,0.09714000,0.09808000,0.09601000,0.09759000,59350566.80000000
2020-11-06,0.09760000,0.09810000,0.09663000,0.09752000,33854995.10000000
2020-11-06,0.09749000,0.10286000,0.09706000,0.10141000,108299491.70000000
2020-11-06,0.10139000,0.10265000,0.10110000,0.10222000,38704616.30000000
2020-11-06,0.10222000,0.10671000,0.10150000,0.10612000,78995663.30000000
2020-11-06,0.10614000,0.10926000,0.10513000,0.10657000,94828447.20000000
2020-11-07,0.10652000,0.11000000,0.10642000,0.10844000,59258240.30000000
2020-11-07,0.10850000,0.11000000,0.10636000,0.10910000,71630512.80000000
2020-11-07,0.10912000,0.11387000,0.10889000,0.11131000,103491732.10000000
2020-11-07,0.11128000,0.11218000,0.11013000,0.11090000,50942480.40000000
2020-11-07,0.11087000,0.11350000,0.10925000,0.11209000,58293254.40000000
2020-11-07,0.11207000,0.11250000,0.10200000,0.10540000,159323309.10000000
2020-11-08,0.10541000,0.10655000,0.09920000,0.10070000,187238361.10000000
2020-11-08,0.10070000,0.10332000,0.09861000,0.10128000,88165392.10000000
2020-11-08,0.10131000,0.10348000,0.09970000,0.10214000,48762943.50000000
2020-11-08,0.10214000,0.10365000,0.10205000,0.10250000,32001446.20000000
2020-11-08,0.10251000,0.10697000,0.10250000,0.10647000,51584863.60000000
2020-11-08,0.10651000,0.10832000,0.10571000,0.10763000,54349616.30000000
2020-11-09,0.10763000,0.10787000,0.10532000,0.10619000,54356232.70000000
2020-11-09,0.10617000,0.10707000,0.10534000,0.10655000,29540728.70000000
2020-11-09,0.10652000,0.10799000,0.10459000,0.10463000,33541041.90000000
2020-11-09,0.10464000,0.10496000,0.10300000,0.10329000,33179228.20000000
2020-11-09,0.10324000,0.10689000,0.10242000,0.10652000,49763098.60000000
2020-11-09,0.10651000,0.10655000,0.10205000,0.10252000,86928262.30000000
2020-11-10,0.10251000,0.10586000,0.10114000,0.10583000,52203314.70000000
2020-11-10,0.10584000,0.10767000,0.10510000,0.10561000,54463038.70000000
2020-11-10,0.10555000,0.10721000,0.10448000,0.10560000,48493423.00000000
2020-11-10,0.10561000,0.10694000,0.10488000,0.10664000,44288305.10000000
2020-11-10,0.10665000,0.10915000,0.10587000,0.10715000,85497931.50000000
2020-11-10,0.10719000,0.10753000,0.10355000,0.10456000,57916057.80000000
2020-11-11,0.10452000,0.10603000,0.10415000,0.10561000,39488323.00000000
2020-11-11,0.10559000,0.10715000,0.10541000,0.10590000,28093318.40000000
2020-11-11,0.10590000,0.10825000,0.10541000,0.10670000,44869648.70000000
2020-11-11,0.10675000,0.10745000,0.10549000,0.10715000,25100259.80000000
2020-11-11,0.10716000,0.10880000,0.10672000,0.10778000,54849383.70000000
2020-11-11,0.10774000,0.10887000,0.10736000,0.10813000,38935427.40000000
2020-11-12,0.10810000,0.10890000,0.10679000,0.10714000,54946380.80000000
2020-11-12,0.10710000,0.10710000,0.10587000,0.10599000,32530286.70000000
2020-11-12,0.10597000,0.10641000,0.10400000,0.10601000,30336162.60000000
2020-11-12,0.10600000,0.10667000,0.10537000,0.10592000,27303021.40000000
2020-11-12,0.10589000,0.10645000,0.10375000,0.10449000,49649937.20000000
2020-11-12,0.10449000,0.10524000,0.10354000,0.10452000,35873181.20000000
2020-11-13,0.10452000,0.10491000,0.10254000,0.10327000,41856584.90000000
2020-11-13,0.10328000,0.10487000,0.10318000,0.10460000,38655234.80000000
2020-11-13,0.10462000,0.10658000,0.10401000,0.10574000,39268904.20000000
2020-11-13,0.10574000,0.10616000,0.10494000,0.10554000,28570826.90000000
2020-11-13,0.10551000,0.10750000,0.10505000,0.10622000,52447126.60000000
2020-11-13,0.10622000,0.10798000,0.10584000,0.10633000,46674414.40000000
2020-11-14,0.10635000,0.10675000,0.10535000,0.10629000,31562619.10000000
2020-11-14,0.10626000,0.10716000,0.10543000,0.10629000,38883157.30000000
2020-11-14,0.10633000,0.10730000,0.10589000,0.10649000,30673549.40000000
2020-11-14,0.10647000,0.10647000,0.10422000,0.10458000,35052797.40000000
2020-11-14,0.10458000,0.10470000,0.10142000,0.10258000,84962359.90000000
2020-11-14,0.10257000,0.10343000,0.10208000,0.10292000,24137778.40000000
2020-11-15,0.10290000,0.10390000,0.10154000,0.10362000,34883900.50000000
2020-11-15,0.10363000,0.10466000,0.10311000,0.10411000,18972586.40000000
2020-11-15,0.10411000,0.10463000,0.10300000,0.10373000,23700247.40000000
2020-11-15,0.10378000,0.10515000,0.10336000,0.10508000,19327702.00000000
2020-11-15,0.10511000,0.10527000,0.10251000,0.10251000,45183854.50000000
2020-11-15,0.10253000,0.10348000,0.10217000,0.10289000,25726291.40000000
2020-11-16,0.10288000,0.10333000,0.10060000,0.10116000,43674547.10000000
2020-11-16,0.10110000,0.10150000,0.09850000,0.10046000,43762724.20000000
2020-11-16,0.10045000,0.10130000,0.09950000,0.10091000,28108407.90000000
2020-11-16,0.10092000,0.10261000,0.10092000,0.10247000,28083386.50000000
2020-11-16,0.10249000,0.10314000,0.10205000,0.10231000,30274458.50000000
2020-11-16,0.10235000,0.10499000,0.10184000,0.10460000,55696298.90000000
2020-11-17,0.10460000,0.10497000,0.10352000,0.10407000,46337538.60000000
2020-11-17,0.10407000,0.10454000,0.10289000,0.10387000,27490439.30000000
2020-11-17,0.10387000,0.10676000,0.10354000,0.10600000,57731212.20000000
2020-11-17,0.10600000,0.10925000,0.10570000,0.10830000,60442511.90000000
2020-11-17,0.10833000,0.11246000,0.10783000,0.11106000,91368478.50000000
2020-11-17,0.11109000,0.11200000,0.10892000,0.10952000,90595997.20000000
2020-11-18,0.10952000,0.11100000,0.10835000,0.11090000,74212798.20000000
2020-11-18,0.11092000,0.11092000,0.10794000,0.10947000,48007550.50000000
2020-11-18,0.10944000,0.11155000,0.10882000,0.11111000,62537619.20000000
2020-11-18,0.11110000,0.11161000,0.10171000,0.10687000,169555164.90000000
2020-11-18,0.10692000,0.10750000,0.10550000,0.10676000,62659941.40000000
2020-11-18,0.10672000,0.10683000,0.10337000,0.10541000,62040344.60000000
2020-11-19,0.10537000,0.10632000,0.10391000,0.10449000,45124691.70000000
2020-11-19,0.10452000,0.10698000,0.10394000,0.10658000,32220870.40000000
2020-11-19,0.10662000,0.10733000,0.10586000,0.10688000,30888835.20000000
2020-11-19,0.10694000,0.10716000,0.10521000,0.10569000,28034270.70000000
2020-11-19,0.10572000,0.10623000,0.10435000,0.10597000,53538830.90000000
2020-11-19,0.10599000,0.10792000,0.10594000,0.10733000,48432755.60000000
2020-11-20,0.10729000,0.10816000,0.10566000,0.10599000,37898526.90000000
2020-11-20,0.10594000,0.10655000,0.10452000,0.10590000,39013903.70000000
2020-11-20,0.10590000,0.10760000,0.10549000,0.10749000,32902615.70000000
2020-11-20,0.10750000,0.10783000,0.10626000,0.10720000,37388657.20000000
2020-11-20,0.10721000,0.11050000,0.10696000,0.11004000,74744468.20000000
2020-11-20,0.11004000,0.11200000,0.10891000,0.10999000,81236155.70000000
2020-11-21,0.11004000,0.11246000,0.10982000,0.11206000,68772413.10000000
2020-11-21,0.11209000,0.11900000,0.11203000,0.11828000,142589890.80000000
2020-11-21,0.11826000,0.12218000,0.11808000,0.11893000,158244227.40000000
2020-11-21,0.11890000,0.12377000,0.11605000,0.12301000,144827034.60000000
2020-11-21,0.12301000,0.12687000,0.12243000,0.12320000,221238845.00000000
2020-11-21,0.12320000,0.13134000,0.12200000,0.13036000,237726706.40000000
2020-11-22,0.13035000,0.13150000,0.12533000,0.12882000,168709021.40000000
2020-11-22,0.12882000,0.13472000,0.12630000,0.13334000,140977114.50000000
2020-11-22,0.13335000,0.13979000,0.12379000,0.12901000,352276758.20000000
2020-11-22,0.12898000,0.12907000,0.12000000,0.12620000,187593485.60000000
2020-11-22,0.12628000,0.13985000,0.12447000,0.12905000,557836326.70000000
2020-11-22,0.12904000,0.13590000,0.12761000,0.13349000,207968156.30000000
2020-11-23,0.13349000,0.14548000,0.13237000,0.14507000,254273703.50000000
2020-11-23,0.14513000,0.15352000,0.14223000,0.14599000,400740347.20000000
2020-11-23,0.14593000,0.15220000,0.14100000,0.14988000,291093880.90000000
2020-11-23,0.14983000,0.15554000,0.14600000,0.15460000,197720793.40000000
2020-11-23,0.15455000,0.15750000,0.15134000,0.15279000,235996028.90000000
2020-11-23,0.15282000,0.15925000,0.14749000,0.14940000,357208934.30000000
2020-11-24,0.14940000,0.15212000,0.14721000,0.14887000,174180012.60000000
2020-11-24,0.14886000,0.15486000,0.14685000,0.15445000,133644339.60000000
2020-11-24,0.15451000,0.17499000,0.15375000,0.16985000,394208848.70000000
2020-11-24,0.16986000,0.18300000,0.15661000,0.16714000,432125126.00000000
2020-11-24,0.16712000,0.17639000,0.15000000,0.16514000,345409889.60000000
2020-11-24,0.16518000,0.16940000,0.15466000,0.16761000,222649327.70000000
2020-11-25,0.16763000,0.17240000,0.16449000,0.17024000,159483881.10000000
2020-11-25,0.17025000,0.17025000,0.16082000,0.16721000,135165937.00000000
2020-11-25,0.16722000,0.17436000,0.15827000,0.16122000,225845539.10000000
2020-11-25,0.16116000,0.16560000,0.15795000,0.16389000,127364658.50000000
2020-11-25,0.16391000,0.17456000,0.16283000,0.17344000,160358837.70000000
2020-11-25,0.17343000,0.17549000,0.16511000,0.16942000,180205731.30000000
2020-11-26,0.16943000,0.17141000,0.16365000,0.16419000,129284863.00000000
2020-11-26,0.16417000,0.16634000,0.14702000,0.15473000,254977223.10000000
2020-11-26,0.15474000,0.16085000,0.11230000,0.13050000,389069263.10000000
2020-11-26,0.13051000,0.14038000,0.12653000,0.13060000,435916102.40000000
2020-11-26,0.13051000,0.14100000,0.12340000,0.13671000,302909441.10000000
2020-11-26,0.13663000,0.14073000,0.12984000,0.13236000,197528793.00000000
2020-11-27,0.13250000,0.13530000,0.12294000,0.13039000,174628212.20000000
2020-11-27,0.13032000,0.13863000,0.13032000,0.13843000,145940814.10000000
2020-11-27,0.13835000,0.14559000,0.13468000,0.13731000,191584897.30000000
2020-11-27,0.13735000,0.14183000,0.13554000,0.13642000,100669884.00000000
2020-11-27,0.13643000,0.13734000,0.13070000,0.13410000,147324132.50000000
2020-11-27,0.13412000,0.13878000,0.13160000,0.13224000,116655731.70000000
2020-11-28,0.13226000,0.13696000,0.13120000,0.13576000,68822323.10000000
2020-11-28,0.13574000,0.14178000,0.13483000,0.14178000,89344318.10000000
2020-11-28,0.14178000,0.14599000,0.13973000,0.14190000,137976060.90000000
2020-11-28,0.14185000,0.14316000,0.13878000,0.14252000,66103412.00000000
2020-11-28,0.14252000,0.15696000,0.14043000,0.15500000,160410066.40000000
2020-11-28,0.15503000,0.17233000,0.15244000,0.16802000,386617415.90000000
2020-11-29,0.16804000,0.16936000,0.15992000,0.16517000,211050649.90000000
2020-11-29,0.16520000,0.16950000,0.16134000,0.16489000,125531048.40000000
2020-11-29,0.16487000,0.16662000,0.15712000,0.16268000,154209911.90000000
2020-11-29,0.16260000,0.16685000,0.15802000,0.16590000,107761024.30000000
2020-11-29,0.16594000,0.16758000,0.16036000,0.16274000,126627804.80000000
2020-11-29,0.16276000,0.17136000,0.16051000,0.16659000,185506701.40000000
2020-11-30,0.16658000,0.16764000,0.16130000,0.16170000,101122590.20000000
2020-11-30,0.16173000,0.16727000,0.16158000,0.16663000,88833542.70000000
2020-11-30,0.16666000,0.17399000,0.16665000,0.16999000,166408794.80000000
2020-11-30,0.16999000,0.17101000,0.16650000,0.16893000,65569866.80000000
2020-11-30,0.16889000,0.16913000,0.16130000,0.16383000,130870213.70000000
2020-11-30,0.16384000,0.17180000,0.16011000,0.16787000,231302578.60000000
2020-12-01,0.16807000,0.17350000,0.16673000,0.16806000,135183116.20000000
2020-12-01,0.16821000,0.17306000,0.16700000,0.17204000,81338880.70000000
2020-12-01,0.17207000,0.17456000,0.16800000,0.16829000,89391747.40000000
2020-12-01,0.16825000,0.17036000,0.16545000,0.16920000,95613874.90000000
2020-12-01,0.16921000,0.17268000,0.16190000,0.16716000,151473084.10000000
2020-12-01,0.16712000,0.16724000,0.14132000,0.16106000,456199541.00000000
2020-12-02,0.16106000,0.16237000,0.15334000,0.15758000,169323747.20000000
2020-12-02,0.15757000,0.16014000,0.15458000,0.15562000,77769817.50000000
2020-12-02,0.15554000,0.15839000,0.15205000,0.15460000,81631310.50000000
2020-12-02,0.15461000,0.15947000,0.15065000,0.15877000,95347056.50000000
2020-12-02,0.15877000,0.15997000,0.15674000,0.15888000,75643074.80000000
2020-12-02,0.15890000,0.15900000,0.15373000,0.15523000,73208099.80000000
2020-12-03,0.15526000,0.15732000,0.15234000,0.15710000,59139998.90000000
2020-12-03,0.15706000,0.15971000,0.15611000,0.15845000,50050765.10000000
2020-12-03,0.15841000,0.16100000,0.15570000,0.15774000,53936875.20000000
2020-12-03,0.15769000,0.15932000,0.15532000,0.15844000,50816879.70000000
2020-12-03,0.15841000,0.16171000,0.15780000,0.16115000,75034077.60000000
2020-12-03,0.16114000,0.16842000,0.15902000,0.16543000,110521987.30000000
2020-12-04,0.16550000,0.16666000,0.16150000,0.16601000,75203748.30000000
2020-12-04,0.16597000,0.16680000,0.16251000,0.16398000,47990827.10000000
2020-12-04,0.16395000,0.16464000,0.15759000,0.15790000,69539889.80000000
2020-12-04,0.15789000,0.16252000,0.15708000,0.16034000,57030719.80000000
2020-12-04,0.16030000,0.16249000,0.15330000,0.15420000,107748083.50000000
2020-12-04,0.15417000,0.15737000,0.15265000,0.15498000,80649732.20000000
2020-12-05,0.15496000,0.15634000,0.15296000,0.15622000,53708246.00000000
2020-12-05,0.15624000,0.15659000,0.14600000,0.14781000,98221143.40000000
2020-12-05,0.14779000,0.15175000,0.14608000,0.15096000,62916993.00000000
2020-12-05,0.15100000,0.15789000,0.15074000,0.15536000,69387812.00000000
2020-12-05,0.15537000,0.16198000,0.15537000,0.15925000,73210069.40000000
2020-12-05,0.15925000,0.16047000,0.15561000,0.15893000,71758019.30000000
2020-12-06,0.15897000,0.15992000,0.15770000,0.15927000,37338369.90000000
2020-12-06,0.15928000,0.16026000,0.15794000,0.15993000,36384588.50000000
2020-12-06,0.15996000,0.16288000,0.15693000,0.15766000,75383371.10000000
2020-12-06,0.15763000,0.15805000,0.15629000,0.15749000,31130981.20000000
2020-12-06,0.15749000,0.15757000,0.15371000,0.15594000,50072698.00000000
2020-12-06,0.15588000,0.15708000,0.15301000,0.15583000,56133603.30000000
2020-12-07,0.15585000,0.15820000,0.15498000,0.15764000,29725546.30000000
2020-12-07,0.15763000,0.16000000,0.15663000,0.15873000,47659025.70000000
2020-12-07,0.15875000,0.15906000,0.15605000,0.15655000,29937709.20000000
2020-12-07,0.15666000,0.15757000,0.15608000,0.15709000,24455614.80000000
2020-12-07,0.15711000,0.15722000,0.15404000,0.15407000,36066206.90000000
2020-12-07,0.15406000,0.15649000,0.15348000,0.15544000,43193906.90000000
2020-12-08,0.15542000,0.15590000,0.15132000,0.15207000,51701515.50000000
2020-12-08,0.15207000,0.15468000,0.15154000,0.15401000,27818550.90000000
2020-12-08,0.15401000,0.15479000,0.15294000,0.15360000,18913527.90000000
2020-12-08,0.15354000,0.15520000,0.15260000,0.15263000,21285052.60000000
2020-12-08,0.15263000,0.15302000,0.14391000,0.14586000,145570093.70000000
2020-12-08,0.14579000,0.14878000,0.14300000,0.14709000,73909937.00000000
2020-12-09,0.14710000,0.14969000,0.14532000,0.14688000,47330705.20000000
2020-12-09,0.14683000,0.14708000,0.13756000,0.14120000,124916975.90000000
2020-12-09,0.14117000,0.14126000,0.13630000,0.13914000,79761753.70000000
2020-12-09,0.13909000,0.13935000,0.13301000,0.13336000,69954097.70000000
2020-12-09,0.13332000,0.14295000,0.12924000,0.14149000,159988413.30000000
2020-12-09,0.14152000,0.14470000,0.14043000,0.14256000,95629608.70000000
2020-12-10,0.14262000,0.14514000,0.14107000,0.14315000,54938503.00000000
2020-12-10,0.14321000,0.15025000,0.14318000,0.14796000,78586790.70000000
2020-12-10,0.14796000,0.14865000,0.14522000,0.14645000,33555785.00000000
2020-12-10,0.14645000,0.14753000,0.14388000,0.14568000,31071170.90000000
2020-12-10,0.14566000,0.14806000,0.14180000,0.14329000,65650531.50000000
2020-12-10,0.14328000,0.14476000,0.13906000,0.14264000,75576477.20000000
2020-12-11,0.14263000,0.14433000,0.14071000,0.14189000,46585173.90000000
2020-12-11,0.14189000,0.14400000,0.14138000,0.14188000,30360357.80000000
2020-12-11,0.14188000,0.14272000,0.13622000,0.13903000,79530276.20000000
2020-12-11,0.13903000,0.13994000,0.13598000,0.13782000,36689653.00000000
2020-12-11,0.13779000,0.14025000,0.13473000,0.13552000,47189757.00000000
2020-12-11,0.13556000,0.14160000,0.13517000,0.14154000,45976538.50000000
2020-12-12,0.14155000,0.14189000,0.13872000,0.13980000,40486787.10000000
2020-12-12,0.13979000,0.14291000,0.13892000,0.13926000,49267971.90000000
2020-12-12,0.13927000,0.14686000,0.13876000,0.14499000,60046529.70000000
2020-12-12,0.14491000,0.14707000,0.14471000,0.14664000,29161537.80000000
2020-12-12,0.14663000,0.14736000,0.14448000,0.14582000,34768174.40000000
2020-12-12,0.14584000,0.14624000,0.14213000,0.14342000,43240250.80000000
2020-12-13,0.14340000,0.14588000,0.14271000,0.14534000,37519041.80000000
2020-12-13,0.14535000,0.14591000,0.14392000,0.14438000,31704522.90000000
2020-12-13,0.14439000,0.14535000,0.14290000,0.14351000,27228310.10000000
2020-12-13,0.14360000,0.15042000,0.14331000,0.14994000,53565925.00000000
2020-12-13,0.15002000,0.15466000,0.15002000,0.15354000,80656832.80000000
2020-12-13,0.15355000,0.15669000,0.15180000,0.15338000,82847307.90000000
2020-12-14,0.15339000,0.15611000,0.15338000,0.15430000,44655292.50000000
2020-12-14,0.15430000,0.15524000,0.15246000,0.15406000,38885336.20000000
2020-12-14,0.15404000,0.15414000,0.15089000,0.15248000,52637916.90000000
2020-12-14,0.15247000,0.15372000,0.15035000,0.15243000,29291716.60000000
2020-12-14,0.15244000,0.15357000,0.14983000,0.15111000,41149442.40000000
2020-12-14,0.15110000,0.15452000,0.14953000,0.15390000,45360026.80000000
2020-12-15,0.15389000,0.15686000,0.15247000,0.15537000,57560640.50000000
2020-12-15,0.15538000,0.15880000,0.15458000,0.15877000,41003861.80000000
2020-12-15,0.15877000,0.16000000,0.15809000,0.15889000,46933736.00000000
2020-12-15,0.15885000,0.15898000,0.15350000,0.15554000,67341846.00000000
2020-12-15,0.15556000,0.15565000,0.15261000,0.15406000,58968447.40000000
2020-12-15,0.15405000,0.15483000,0.15300000,0.15420000,39443189.40000000
2020-12-16,0.15420000,0.15645000,0.15335000,0.15608000,30041550.90000000
2020-12-16,0.15608000,0.15687000,0.15333000,0.15381000,30103068.90000000
2020-12-16,0.15385000,0.15405000,0.14903000,0.15032000,64198581.10000000
2020-12-16,0.15026000,0.15298000,0.14976000,0.15172000,27929562.70000000
2020-12-16,0.15172000,0.15466000,0.15082000,0.15299000,50877707.00000000
2020-12-16,0.15300000,0.16500000,0.15153000,0.16196000,172319177.70000000
2020-12-17,0.16195000,0.16435000,0.16088000,0.16376000,78794750.80000000
2020-12-17,0.16377000,0.16844000,0.16344000,0.16814000,102156247.40000000
2020-12-17,0.16806000,0.17099000,0.16497000,0.16578000,111741823.30000000
2020-12-17,0.16580000,0.16845000,0.16570000,0.16716000,54803149.30000000
2020-12-17,0.16715000,0.17381000,0.16057000,0.16947000,205394435.10000000
2020-12-17,0.16947000,0.17165000,0.16713000,0.17047000,99483124.60000000
2020-12-18,0.17046000,0.17628000,0.16125000,0.16560000,202248367.10000000
2020-12-18,0.16559000,0.16711000,0.16052000,0.16336000,96669814.50000000
2020-12-18,0.16339000,0.16709000,0.15821000,0.16542000,100382157.30000000
2020-12-18,0.16542000,0.16820000,0.16401000,0.16695000,48241698.80000000
2020-12-18,0.16699000,0.16942000,0.16505000,0.16641000,65784204.00000000
2020-12-18,0.16645000,0.16758000,0.15956000,0.16051000,101936314.10000000
2020-12-19,0.16050000,0.16366000,0.15957000,0.16242000,47390814.20000000
2020-12-19,0.16244000,0.16562000,0.16101000,0.16502000,40853518.60000000
2020-12-19,0.16502000,0.16592000,0.16286000,0.16551000,40898956.30000000
2020-12-19,0.16552000,0.16731000,0.16491000,0.16599000,40423778.80000000
2020-12-19,0.16593000,0.16868000,0.16565000,0.16740000,48684268.10000000
2020-12-19,0.16738000,0.17082000,0.16738000,0.16873000,83730964.50000000
2020-12-20,0.16872000,0.17050000,0.16570000,0.16702000,76224403.60000000
2020-12-20,0.16702000,0.16810000,0.16330000,0.16433000,52078770.60000000
2020-12-20,0.16421000,0.16427000,0.16202000,0.16260000,38768372.20000000
2020-12-20,0.16255000,0.16642000,0.16101000,0.16637000,35168289.80000000
2020-12-20,0.16637000,0.16863000,0.16382000,0.16464000,47500580.30000000
2020-12-20,0.16464000,0.16717000,0.16166000,0.16649000,54571178.30000000
2020-12-21,0.16649000,0.16780000,0.16476000,0.16509000,40194693.60000000
2020-12-21,0.16505000,0.16900000,0.15600000,0.16201000,120489371.00000000
2020-12-21,0.16196000,0.16456000,0.16016000,0.16217000,53521698.20000000
2020-12-21,0.16215000,0.16714000,0.16159000,0.16322000,71260140.50000000
2020-12-21,0.16321000,0.16350000,0.15014000,0.15102000,148734671.30000000
2020-12-21,0.15105000,0.15210000,0.14680000,0.15177000,90384502.90000000
2020-12-22,0.15174000,0.15421000,0.15096000,0.15256000,27776934.20000000
2020-12-22,0.15264000,0.15500000,0.15139000,0.15278000,38644973.90000000
2020-12-22,0.15279000,0.15867000,0.15046000,0.15683000,73787522.70000000
2020-12-22,0.15681000,0.16021000,0.15179000,0.15264000,88664369.40000000
2020-12-22,0.15261000,0.15914000,0.14879000,0.15814000,97181316.80000000
2020-12-22,0.15818000,0.16124000,0.15607000,0.15890000,97742209.90000000
2020-12-23,0.15891000,0.16022000,0.15649000,0.15762000,48839317.80000000
2020-12-23,0.15766000,0.15823000,0.15351000,0.15646000,66759766.60000000
2020-12-23,0.15645000,0.15786000,0.15300000,0.15463000,60302117.80000000
2020-12-23,0.15460000,0.15463000,0.14943000,0.15193000,89383063.30000000
2020-12-23,0.15185000,0.15386000,0.14076000,0.14400000,166774212.70000000
2020-12-23,0.14394000,0.15094000,0.14244000,0.14461000,153227912.50000000
2020-12-24,0.14467000,0.14851000,0.14355000,0.14737000,84463682.30000000
2020-12-24,0.14747000,0.14790000,0.12630000,0.13635000,264426136.50000000
2020-12-24,0.13631000,0.14004000,0.13132000,0.13539000,209823444.10000000
2020-12-24,0.13542000,0.13863000,0.13269000,0.13823000,118748727.50000000
2020-12-24,0.13828000,0.14696000,0.13649000,0.14657000,136414143.50000000
2020-12-24,0.14660000,0.15037000,0.14467000,0.14958000,104997064.40000000
2020-12-25,0.14957000,0.15155000,0.14680000,0.14980000,81002547.90000000
2020-12-25,0.14981000,0.15477000,0.14862000,0.15304000,88009735.80000000
2020-12-25,0.15305000,0.15552000,0.15055000,0.15313000,56717886.40000000
2020-12-25,0.15312000,0.15330000,0.15006000,0.15232000,45851824.90000000
2020-12-25,0.15218000,0.16700000,0.15218000,0.16665000,152719383.30000000
2020-12-25,0.16663000,0.16700000,0.15645000,0.15763000,125293430.00000000
2020-12-26,0.15753000,0.16171000,0.15498000,0.15861000,126038021.90000000
2020-12-26,0.15863000,0.15900000,0.15379000,0.15761000,82556127.30000000
2020-12-26,0.15763000,0.15769000,0.15412000,0.15478000,70760842.90000000
2020-12-26,0.15477000,0.15477000,0.14991000,0.15090000,69935063.50000000
2020-12-26,0.15094000,0.15734000,0.14880000,0.15340000,129465595.00000000
2020-12-26,0.15346000,0.15630000,0.15182000,0.15450000,76311148.60000000
2020-12-27,0.15452000,0.15950000,0.15380000,0.15689000,110962726.70000000
2020-12-27,0.15693000,0.16242000,0.15612000,0.15839000,105797227.40000000
2020-12-27,0.15839000,0.16347000,0.15776000,0.16021000,87067778.20000000
2020-12-27,0.16023000,0.16214000,0.15900000,0.15928000,56210422.60000000
2020-12-27,0.15930000,0.15981000,0.15111000,0.15287000,122060615.90000000
2020-12-27,0.15286000,0.16575000,0.14936000,0.16394000,255410082.90000000
2020-12-28,0.16388000,0.16642000,0.15605000,0.16134000,167672213.70000000
2020-12-28,0.16135000,0.16135000,0.15150000,0.15467000,109713503.90000000
2020-12-28,0.15467000,0.16181000,0.15280000,0.15955000,94993637.10000000
2020-12-28,0.15954000,0.16610000,0.15878000,0.16373000,94148903.80000000
2020-12-28,0.16375000,0.16910000,0.16093000,0.16823000,163678438.40000000
2020-12-28,0.16826000,0.16902000,0.16300000,0.16464000,135848720.00000000
2020-12-29,0.16466000,0.17394000,0.16352000,0.17229000,153421273.20000000
2020-12-29,0.17228000,0.18057000,0.16813000,0.17627000,239456691.00000000
2020-12-29,0.17630000,0.19284000,0.17619000,0.17747000,361147691.60000000
2020-12-29,0.17746000,0.18529000,0.17304000,0.18299000,238480231.50000000
2020-12-29,0.18299000,0.18900000,0.18194000,0.18579000,215105220.80000000
2020-12-29,0.18597000,0.19725000,0.18526000,0.18587000,303414404.50000000
2020-12-30,0.18585000,0.18800000,0.18001000,0.18750000,218871551.00000000
2020-12-30,0.18750000,0.19450000,0.18159000,0.19067000,138481620.10000000
2020-12-30,0.19069000,0.19389000,0.18343000,0.18428000,155713203.80000000
2020-12-30,0.18417000,0.18418000,0.17885000,0.18094000,101665635.80000000
2020-12-30,0.18092000,0.18290000,0.17511000,0.17944000,143200389.20000000
2020-12-30,0.17944000,0.18360000,0.17766000,0.18132000,86380784.30000000
2020-12-31,0.18131000,0.18265000,0.17800000,0.18155000,89079222.30000000
2020-12-31,0.18160000,0.18617000,0.18078000,0.18389000,94181791.40000000
2020-12-31,0.18389000,0.18433000,0.17614000,0.17928000,92021363.90000000
2020-12-31,0.17930000,0.18368000,0.17759000,0.18368000,51258104.20000000
2020-12-31,0.18366000,0.18640000,0.18042000,0.18294000,82419366.00000000
2020-12-31,0.18292000,0.18428000,0.17443000,0.17793000,115152407.80000000
2021-01-01,0.17794000,0.18260000,0.17723000,0.18152000,64600578.50000000
2021-01-01,0.18153000,0.18255000,0.17848000,0.18134000,42220799.40000000
2021-01-01,0.18134000,0.18473000,0.17831000,0.18292000,83576635.70000000
2021-01-01,0.18299000,0.18367000,0.17800000,0.17955000,62725504.20000000
2021-01-01,0.17955000,0.18078000,0.17673000,0.17950000,55964897.70000000
2021-01-01,0.17943000,0.18359000,0.17887000,0.18055000,87934772.20000000
2021-01-02,0.18057000,0.18128000,0.17000000,0.17432000,128884286.90000000
2021-01-02,0.17432000,0.17637000,0.17322000,0.17509000,43115474.20000000
2021-01-02,0.17505000,0.17618000,0.17016000,0.17501000,65770576.80000000
2021-01-02,0.17500000,0.17529000,0.17224000,0.17242000,38711402.80000000
2021-01-02,0.17244000,0.17305000,0.16793000,0.17204000,75125323.10000000
2021-01-02,0.17207000,0.18288000,0.17026000,0.17886000,173540468.30000000
2021-01-03,0.17897000,0.18457000,0.17755000,0.18322000,150890250.10000000
2021-01-03,0.18320000,0.18383000,0.17050000,0.17742000,156265260.10000000
2021-01-03,0.17740000,0.17917000,0.17392000,0.17446000,63650188.10000000
2021-01-03,0.17448000,0.17725000,0.17358000,0.17436000,72805519.10000000
2021-01-03,0.17430000,0.19420000,0.17255000,0.18882000,255752452.70000000
2021-01-03,0.18883000,0.20371000,0.18810000,0.19611000,364426877.20000000
2021-01-04,0.19589000,0.20199000,0.19037000,0.19516000,239867823.80000000
2021-01-04,0.19516000,0.20960000,0.19477000,0.20615000,204948588.40000000
2021-01-04,0.20625000,0.22454000,0.20620000,0.22316000,265711281.46000000
2021-01-04,0.22313000,0.23992000,0.20802000,0.21657000,351178806.34000000
2021-01-04,0.21667000,0.22374000,0.19203000,0.21194000,384260583.70000000
2021-01-04,0.21203000,0.21780000,0.20442000,0.21612000,195260155.20000000
2021-01-05,0.21635000,0.21865000,0.20345000,0.21658000,153294428.60000000
2021-01-05,0.21659000,0.22602000,0.20961000,0.22528000,113710320.30000000
2021-01-05,0.22518000,0.23048000,0.21276000,0.21297000,229465156.90000000
2021-01-05,0.21296000,0.22509000,0.20696000,0.21898000,172207413.70000000
2021-01-05,0.21899000,0.23926000,0.21898000,0.23047000,258685006.90000000
2021-01-05,0.23047000,0.24580000,0.22422000,0.24577000,242985815.60000000
2021-01-06,0.24575000,0.25786000,0.24036000,0.24988000,344205150.51000000
2021-01-06,0.24996000,0.26429000,0.24853000,0.25873000,231339135.72000000
2021-01-06,0.25889000,0.27493000,0.25347000,0.26540000,263158848.60000000
2021-01-06,0.26519000,0.27975000,0.25973000,0.27971000,190966496.50000000
2021-01-06,0.27954000,0.29634000,0.26963000,0.29534000,310504573.61000000
2021-01-06,0.29549000,0.34445000,0.28800000,0.30854000,678049374.75000000
2021-01-07,0.30849000,0.31383000,0.29040000,0.29133000,218131345.10000000
2021-01-07,0.29132000,0.34772000,0.29000000,0.33309000,398299404.20000000
2021-01-07,0.33311000,0.35530000,0.31879000,0.33827000,327664806.55000000
2021-01-07,0.33828000,0.34397000,0.32368000,0.32848000,170805185.10000000
2021-01-07,0.32849000,0.33367000,0.30613000,0.31198000,223223508.90000000
2021-01-07,0.31211000,0.32687000,0.31106000,0.31850000,192766980.80000000
2021-01-08,0.31855000,0.33203000,0.27850000,0.31126000,310569098.40000000
2021-01-08,0.31125000,0.31715000,0.29139000,0.29928000,186292118.80000000
2021-01-08,0.29917000,0.30700000,0.26175000,0.28236000,296182883.90000000
2021-01-08,0.28232000,0.31485000,0.27275000,0.31471000,222256796.90000000
2021-01-08,0.31451000,0.32165000,0.29841000,0.30857000,240077635.50000000
2021-01-08,0.30850000,0.31479000,0.29118000,0.29931000,209654302.70000000
2021-01-09,0.29927000,0.30713000,0.28802000,0.29171000,160041243.60000000
2021-01-09,0.29171000,0.30755000,0.28259000,0.30389000,155992386.80000000
2021-01-09,0.30392000,0.31483000,0.29886000,0.30778000,166820355.80000000
2021-01-09,0.30773000,0.30852000,0.29583000,0.30369000,99321856.00000000
2021-01-09,0.30369000,0.31572000,0.29948000,0.30977000,120568228.30000000
2021-01-09,0.30987000,0.32847000,0.30669000,0.32326000,158376645.60000000
2021-01-10,0.32326000,0.33851000,0.31549000,0.33736000,153746666.10000000
2021-01-10,0.33725000,0.33846000,0.32738000,0.33062000,121433698.90000000
2021-01-10,0.33062000,0.33595000,0.32533000,0.32621000,106778146.80000000
2021-01-10,0.32627000,0.34120000,0.32377000,0.33697000,108522781.80000000
2021-01-10,0.33693000,0.33797000,0.30389000,0.30743000,167499423.60000000
2021-01-10,0.30742000,0.32174000,0.30270000,0.31566000,134830447.80000000
2021-01-11,0.31572000,0.31760000,0.29364000,0.29966000,175047196.00000000
2021-01-11,0.30012000,0.30999000,0.27948000,0.30153000,215989600.00000000
2021-01-11,0.30154000,0.30397000,0.26000000,0.27740000,222779465.00000000
2021-01-11,0.27713000,0.28188000,0.25950000,0.27392000,258964882.50000000
2021-01-11,0.27389000,0.28931000,0.26500000,0.26629000,171567739.90000000
2021-01-11,0.26649000,0.27487000,0.24619000,0.25052000,275691179.60000000
2021-01-12,0.25052000,0.26215000,0.22880000,0.25189000,382815982.60000000
2021-01-12,0.25182000,0.27756000,0.24538000,0.27570000,218750332.70000000
2021-01-12,0.27563000,0.29000000,0.26280000,0.28654000,167737041.50000000
2021-01-12,0.28675000,0.31442000,0.28130000,0.30729000,188366022.60000000
2021-01-12,0.30723000,0.30821000,0.27500000,0.28779000,197451384.50000000
2021-01-12,0.28778000,0.29390000,0.26720000,0.28498000,216542337.10000000
2021-01-13,0.28503000,0.30000000,0.28450000,0.28817000,147576495.30000000
2021-01-13,0.28806000,0.29345000,0.27888000,0.28888000,141339963.80000000
2021-01-13,0.28875000,0.29515000,0.27000000,0.28371000,205212802.50000000
2021-01-13,0.28371000,0.29350000,0.27517000,0.29234000,98330170.10000000
2021-01-13,0.29224000,0.29687000,0.28629000,0.29080000,88634621.20000000
2021-01-13,0.29094000,0.29450000,0.28506000,0.29070000,92681817.80000000
2021-01-14,0.29069000,0.30400000,0.28848000,0.29937000,102442414.80000000
2021-01-14,0.29937000,0.31587000,0.29841000,0.31230000,128171285.50000000
2021-01-14,0.31246000,0.31885000,0.30318000,0.30444000,121839470.70000000
2021-01-14,0.30456000,0.31535000,0.30034000,0.30993000,86367969.80000000
2021-01-14,0.30998000,0.31633000,0.30626000,0.31221000,77471060.90000000
2021-01-14,0.31214000,0.31992000,0.30800000,0.31725000,114414925.30000000
2021-01-15,0.31724000,0.32455000,0.30752000,0.31672000,129477887.70000000
2021-01-15,0.31658000,0.31698000,0.29646000,0.31201000,126931359.60000000
2021-01-15,0.31203000,0.33225000,0.31013000,0.31759000,175201523.00000000
2021-01-15,0.31766000,0.32500000,0.30712000,0.32460000,114254023.80000000
2021-01-15,0.32461000,0.32536000,0.31515000,0.31881000,100882431.60000000
2021-01-15,0.31871000,0.32079000,0.29207000,0.29614000,166239680.90000000
2021-01-16,0.29651000,0.31500000,0.27739000,0.30000000,209058758.10000000
2021-01-16,0.29977000,0.30599000,0.29314000,0.30188000,87880985.40000000
2021-01-16,0.30189000,0.31672000,0.30186000,0.30858000,106582861.70000000
2021-01-16,0.30867000,0.31979000,0.30252000,0.31555000,91981281.40000000
2021-01-16,0.31555000,0.35416000,0.31215000,0.35379000,272846524.00000000
2021-01-16,0.35368000,0.36696000,0.34410000,0.35689000,352921770.63000000
2021-01-17,0.35687000,0.36070000,0.33675000,0.35289000,210528577.20000000
2021-01-17,0.35289000,0.35956000,0.33220000,0.35071000,184728028.30000000
2021-01-17,0.35057000,0.38888000,0.34076000,0.37574000,363329385.47000000
2021-01-17,0.37563000,0.38460000,0.35077000,0.35515000,208838942.30000000
2021-01-17,0.35519000,0.37853000,0.34895000,0.37639000,269536464.20000000
2021-01-17,0.37640000,0.38897000,0.36011000,0.38478000,210910789.50000000
2021-01-18,0.38477000,0.38664000,0.36930000,0.37185000,163961405.60000000
2021-01-18,0.37187000,0.39740000,0.37187000,0.38081000,206073852.22000000
2021-01-18,0.38077000,0.39724000,0.36676000,0.37203000,178181227.00000000
2021-01-18,0.37201000,0.38300000,0.36946000,0.38185000,108205649.90000000
2021-01-18,0.38206000,0.38237000,0.36413000,0.37208000,107293878.10000000
2021-01-18,0.37199000,0.37867000,0.36718000,0.37573000,116327402.20000000
2021-01-19,0.37573000,0.37819000,0.36675000,0.36817000,75065443.50000000
2021-01-19,0.36817000,0.37251000,0.36585000,0.37123000,51711869.70000000
2021-01-19,0.37132000,0.37653000,0.36200000,0.36349000,109578683.40000000
2021-01-19,0.36344000,0.37100000,0.36262000,0.36962000,78037035.90000000
2021-01-19,0.36963000,0.38299000,0.36931000,0.37792000,133795004.80000000
2021-01-19,0.37790000,0.37793000,0.36842000,0.37286000,87648184.10000000
2021-01-20,0.37287000,0.39001000,0.36409000,0.36787000,134710387.90000000
2021-01-20,0.36784000,0.37960000,0.36620000,0.36720000,62872246.90000000
2021-01-20,0.36720000,0.37406000,0.35381000,0.35554000,89957522.60000000
2021-01-20,0.35552000,0.36588000,0.34882000,0.36186000,81887860.10000000
2021-01-20,0.36201000,0.36430000,0.33477000,0.33778000,140910796.80000000
2021-01-20,0.33770000,0.35445000,0.33033000,0.34250000,137803187.90000000
2021-01-21,0.34239000,0.36529000,0.33553000,0.36509000,109639859.30000000
2021-01-21,0.36509000,0.37690000,0.35872000,0.37532000,96152287.80000000
2021-01-21,0.37548000,0.37945000,0.36589000,0.36911000,88269706.80000000
2021-01-21,0.36902000,0.37070000,0.35755000,0.36012000,68660849.40000000
2021-01-21,0.36011000,0.36121000,0.33600000,0.34416000,153657834.70000000
2021-01-21,0.34421000,0.34665000,0.33260000,0.33655000,162222146.90000000
2021-01-22,0.33629000,0.34370000,0.32680000,0.34020000,139333345.20000000
2021-01-22,0.34008000,0.34300000,0.30000000,0.30785000,172885846.80000000
2021-01-22,0.30786000,0.32417000,0.28000000,0.32363000,342065187.60000000
2021-01-22,0.32367000,0.32900000,0.31161000,0.31605000,121643711.90000000
2021-01-22,0.31618000,0.33683000,0.31230000,0.33106000,119169348.40000000
2021-01-22,0.33096000,0.35200000,0.33096000,0.35117000,120747050.70000000
2021-01-23,0.35090000,0.35672000,0.34339000,0.35256000,97744994.60000000
2021-01-23,0.35256000,0.35980000,0.34262000,0.34867000,97381994.80000000
2021-01-23,0.34842000,0.35167000,0.34447000,0.34989000,87702380.20000000
2021-01-23,0.34983000,0.35763000,0.34674000,0.35597000,65466191.80000000
2021-01-23,0.35595000,0.35628000,0.33541000,0.33739000,90826723.90000000
2021-01-23,0.33758000,0.34677000,0.33584000,0.34281000,74724540.60000000
2021-01-24,0.34291000,0.35120000,0.34079000,0.34836000,52556301.10000000
2021-01-24,0.34850000,0.35451000,0.34314000,0.34583000,47024811.10000000
2021-01-24,0.34575000,0.34863000,0.34064000,0.34850000,49929696.50000000
2021-01-24,0.34858000,0.35397000,0.34726000,0.35207000,49036042.90000000
2021-01-24,0.35206000,0.36926000,0.35194000,0.36571000,87672426.00000000
2021-01-24,0.36580000,0.36839000,0.34972000,0.35445000,103015123.00000000
2021-01-25,0.35448000,0.35650000,0.33613000,0.34248000,104882180.30000000
2021-01-25,0.34244000,0.35422000,0.34061000,0.35345000,64000751.90000000
2021-01-25,0.35346000,0.36391000,0.35327000,0.36001000,80447512.50000000
2021-01-25,0.36005000,0.36110000,0.35188000,0.35448000,52479774.90000000
2021-01-25,0.35445000,0.35905000,0.34752000,0.35668000,46244612.40000000
2021-01-25,0.35668000,0.36415000,0.35521000,0.36173000,78827034.90000000
2021-01-26,0.36173000,0.36350000,0.34987000,0.35229000,67252932.00000000
2021-01-26,0.35207000,0.35229000,0.34034000,0.34308000,82138942.80000000
2021-01-26,0.34284000,0.35111000,0.33526000,0.33726000,70149084.50000000
2021-01-26,0.33708000,0.34614000,0.33619000,0.34151000,54204850.30000000
2021-01-26,0.34162000,0.34493000,0.33479000,0.33933000,48975185.70000000
2021-01-26,0.33933000,0.34094000,0.32404000,0.33420000,80851598.70000000
2021-01-27,0.33406000,0.34539000,0.33128000,0.34222000,57939217.90000000
2021-01-27,0.34222000,0.34795000,0.34099000,0.34330000,42308256.90000000
2021-01-27,0.34342000,0.34396000,0.33032000,0.33207000,47910143.10000000
2021-01-27,0.33205000,0.33470000,0.32760000,0.33202000,36447499.90000000
2021-01-27,0.33202000,0.33203000,0.31918000,0.31989000,61902464.80000000
2021-01-27,0.31980000,0.32297000,0.30404000,0.31923000,114544867.60000000
2021-01-28,0.31929000,0.32333000,0.30545000,0.31578000,91640603.60000000
2021-01-28,0.31575000,0.32365000,0.30440000,0.31144000,70098477.10000000
2021-01-28,0.31142000,0.32594000,0.30431000,0.32549000,69213644.20000000
2021-01-28,0.32549000,0.33548000,0.32251000,0.33020000,66826766.50000000
2021-01-28,0.33020000,0.33745000,0.32461000,0.33650000,73387792.90000000
2021-01-28,0.33650000,0.34890000,0.33284000,0.34181000,149480578.30000000
2021-01-29,0.34195000,0.34786000,0.34036000,0.34037000,55917892.70000000
2021-01-29,0.34047000,0.35575000,0.34000000,0.34409000,72882586.60000000
2021-01-29,0.34409000,0.35736000,0.33588000,0.33837000,103727634.40000000
2021-01-29,0.33837000,0.36000000,0.33050000,0.34492000,151130146.50000000
2021-01-29,0.34499000,0.36701000,0.34037000,0.36652000,186219751.30000000
2021-01-29,0.36651000,0.36836000,0.35501000,0.35815000,103170632.10000000
2021-01-30,0.35807000,0.36104000,0.34200000,0.34646000,73449082.20000000
2021-01-30,0.34667000,0.35311000,0.34453000,0.34752000,48775563.00000000
2021-01-30,0.34764000,0.35100000,0.33730000,0.34089000,56694364.70000000
2021-01-30,0.34077000,0.34394000,0.33700000,0.34253000,45278016.00000000
2021-01-30,0.34250000,0.34693000,0.33900000,0.34324000,52561242.30000000
2021-01-30,0.34330000,0.35665000,0.34108000,0.35268000,68542000.60000000
2021-01-31,0.35266000,0.37694000,0.34711000,0.35867000,211052081.20000000
2021-01-31,0.35880000,0.37000000,0.35773000,0.36400000,76588917.60000000
2021-01-31,0.36395000,0.37752000,0.35862000,0.35981000,103692884.30000000
2021-01-31,0.35982000,0.36223000,0.35440000,0.35605000,49263145.10000000
2021-01-31,0.35597000,0.36131000,0.35040000,0.35536000,67795060.80000000
2021-01-31,0.35541000,0.35772000,0.34035000,0.34416000,68864685.60000000
2021-02-01,0.34419000,0.34758000,0.33822000,0.34355000,61610879.40000000
2021-02-01,0.34348000,0.34814000,0.33800000,0.34475000,48568119.70000000
2021-02-01,0.34464000,0.34875000,0.33214000,0.34577000,79582178.50000000
2021-02-01,0.34586000,0.35212000,0.34311000,0.34724000,62466321.40000000
2021-02-01,0.34725000,0.35776000,0.34723000,0.35178000,93067952.40000000
2021-02-01,0.35188000,0.35551000,0.34387000,0.35088000,91712286.50000000
2021-02-02,0.35084000,0.37064000,0.35069000,0.36420000,89775511.60000000
2021-02-02,0.36433000,0.42411000,0.36135000,0.40876000,428218074.73000000
2021-02-02,0.40882000,0.43208000,0.38868000,0.40843000,378471664.38000000
2021-02-02,0.40863000,0.43000000,0.39270000,0.42500000,192608690.90000000
2021-02-02,0.42501000,0.42798000,0.40845000,0.41836000,213900862.90000000
2021-02-02,0.41844000,0.45590000,0.41481000,0.44242000,377603885.81000000
2021-02-03,0.44247000,0.44654000,0.41852000,0.41947000,192008475.90000000
2021-02-03,0.41959000,0.43864000,0.41306000,0.42498000,147176282.60000000
2021-02-03,0.42500000,0.43934000,0.41789000,0.43451000,94934792.00000000
2021-02-03,0.43442000,0.43450000,0.42643000,0.42860000,62450218.30000000
2021-02-03,0.42863000,0.43000000,0.41561000,0.41767000,90048805.40000000
2021-02-03,0.41762000,0.43154000,0.41509000,0.42936000,83779218.50000000
2021-02-04,0.42923000,0.44961000,0.42654000,0.43866000,144071726.30000000
2021-02-04,0.43865000,0.44757000,0.43840000,0.44189000,65968168.90000000
2021-02-04,0.44213000,0.45000000,0.42868000,0.43123000,90624674.50000000
2021-02-04,0.43106000,0.43863000,0.42616000,0.42808000,55305767.70000000
2021-02-04,0.42807000,0.43569000,0.41003000,0.43029000,127160312.80000000
2021-02-04,0.43034000,0.43398000,0.41836000,0.42390000,102889408.70000000
2021-02-05,0.42390000,0.43635000,0.42096000,0.43401000,69003701.20000000
2021-02-05,0.43416000,0.44790000,0.42724000,0.43934000,91158547.40000000
2021-02-05,0.43903000,0.48700000,0.43638000,0.48300000,253155793.57000000
2021-02-05,0.48300000,0.50950000,0.47662000,0.50386000,181587513.83000000
2021-02-05,0.50376000,0.52924000,0.49393000,0.51090000,219007562.20000000
2021-02-05,0.51089000,0.51850000,0.49420000,0.50786000,178962402.20000000
2021-02-06,0.50783000,0.53626000,0.50088000,0.53475000,136171925.85000000
2021-02-06,0.53484000,0.56000000,0.52158000,0.53917000,308270539.61000000
2021-02-06,0.53874000,0.56761000,0.51901000,0.53176000,227978510.00000000
2021-02-06,0.53207000,0.54999000,0.52635000,0.54543000,85161612.20000000
2021-02-06,0.54544000,0.55871000,0.53264000,0.53577000,103271542.40000000
2021-02-06,0.53577000,0.54921000,0.53094000,0.54238000,89690064.70000000
2021-02-07,0.54268000,0.61900000,0.53800000,0.61610000,288802798.26000000
2021-02-07,0.61610000,0.66706000,0.60600000,0.63444000,460599525.18000000
2021-02-07,0.63444000,0.65500000,0.61482000,0.64252000,203732130.90000000
2021-02-07,0.64252000,0.69555000,0.62449000,0.66315000,288556719.80000000
2021-02-07,0.66302000,0.70888000,0.66250000,0.67709000,263130165.60000000
2021-02-07,0.67659000,0.68500000,0.58600000,0.61149000,339959915.40000000
2021-02-08,0.61142000,0.64952000,0.58000000,0.61413000,333417807.90000000
2021-02-08,0.61419000,0.66724000,0.60000000,0.66109000,167735527.90000000
2021-02-08,0.66109000,0.67877000,0.63191000,0.64341000,154691837.10000000
2021-02-08,0.64299000,0.66770000,0.64074000,0.66378000,91768718.50000000
2021-02-08,0.66375000,0.68800000,0.65661000,0.68800000,131756291.40000000
2021-02-08,0.68772000,0.70935000,0.64880000,0.68373000,233555856.00000000
2021-02-09,0.68341000,0.72380000,0.68340000,0.70989000,205334498.96000000
2021-02-09,0.70957000,0.71500000,0.66010000,0.67638000,191560477.70000000
2021-02-09,0.67674000,0.68899000,0.67157000,0.68395000,106917346.50000000
2021-02-09,0.68394000,0.68955000,0.67594000,0.68026000,75334689.20000000
2021-02-09,0.68026000,0.70810000,0.66240000,0.68140000,131007149.00000000
2021-02-09,0.68128000,0.69545000,0.66815000,0.68050000,86010592.20000000
2021-02-10,0.68050000,0.70214000,0.67239000,0.69587000,97286576.30000000
2021-02-10,0.69584000,0.71206000,0.68619000,0.70562000,93925974.50000000
2021-02-10,0.70562000,0.79461000,0.70555000,0.77363000,247631364.42000000
2021-02-10,0.77402000,0.82700000,0.75292000,0.80769000,151755965.29000000
2021-02-10,0.80797000,0.88500000,0.78490000,0.86974000,235200149.20000000
2021-02-10,0.86900000,0.88878000,0.75139000,0.81804000,463727575.20000000
2021-02-11,0.81937000,0.86800000,0.80500000,0.84588000,240316037.50000000
2021-02-11,0.84526000,0.95306000,0.83618000,0.93966000,354588847.72000000
2021-02-11,0.94041000,0.94873000,0.86513000,0.88301000,203040951.60000000
2021-02-11,0.88339000,0.92982000,0.88314000,0.91810000,117831358.70000000
2021-02-11,0.91800000,0.92653000,0.88500000,0.90484000,121941293.80000000
2021-02-11,0.90467000,0.94923000,0.89589000,0.93661000,162547043.70000000
2021-02-12,0.93618000,0.98000000,0.92800000,0.95548000,211528927.52000000
2021-02-12,0.95548000,0.96597000,0.90196000,0.92796000,158210792.90000000
2021-02-12,0.92810000,0.94137000,0.88474000,0.88859000,126224864.40000000
2021-02-12,0.88843000,0.91538000,0.86600000,0.90573000,124168433.40000000
2021-02-12,0.90573000,0.92673000,0.90005000,0.91068000,97076778.20000000
2021-02-12,0.91068000,0.94825000,0.89005000,0.92039000,136648801.10000000
2021-02-13,0.91994000,0.93380000,0.91140000,0.91647000,92528392.90000000
2021-02-13,0.91657000,0.93507000,0.90921000,0.92426000,72900533.80000000
2021-02-13,0.92418000,0.95053000,0.92409000,0.93479000,92546669.60000000
2021-02-13,0.93469000,0.93531000,0.90100000,0.90184000,77483624.10000000
2021-02-13,0.90159000,0.92362000,0.82000000,0.86736000,159503302.00000000
2021-02-13,0.86736000,0.90900000,0.85370000,0.89700000,110799221.80000000
2021-02-14,0.89673000,0.90817000,0.86636000,0.88820000,89769641.50000000
2021-02-14,0.88858000,0.91308000,0.87570000,0.91299000,56776102.30000000
2021-02-14,0.91303000,0.91900000,0.86830000,0.87239000,71664179.70000000
2021-02-14,0.87239000,0.88755000,0.85988000,0.87610000,62486083.10000000
2021-02-14,0.87610000,0.89000000,0.84908000,0.87266000,66511141.10000000
2021-02-14,0.87289000,0.87329000,0.80666000,0.83298000,157496878.60000000
2021-02-15,0.83249000,0.86494000,0.82557000,0.84526000,98609352.30000000
2021-02-15,0.84511000,0.88886000,0.84052000,0.84364000,82727380.60000000
2021-02-15,0.84288000,0.86574000,0.68560000,0.80493000,254710350.20000000
2021-02-15,0.80410000,0.83311000,0.75701000,0.81643000,161771844.60000000
2021-02-15,0.81620000,0.85444000,0.80546000,0.84408000,112746360.70000000
2021-02-15,0.84408000,0.88498000,0.83643000,0.87429000,118991720.70000000
2021-02-16,0.87428000,0.88450000,0.86704000,0.87807000,71638306.80000000
2021-02-16,0.87805000,0.91100000,0.82505000,0.86143000,212967953.90000000
2021-02-16,0.86128000,0.89403000,0.83334000,0.87982000,119539911.20000000
2021-02-16,0.87982000,0.88600000,0.86221000,0.87379000,75622134.00000000
2021-02-16,0.87369000,0.90591000,0.87049000,0.88626000,96610772.40000000
2021-02-16,0.88680000,0.89896000,0.86665000,0.87848000,88652340.90000000
2021-02-17,0.87872000,0.88183000,0.84500000,0.86264000,85680979.60000000
2021-02-17,0.86261000,0.87615000,0.84694000,0.87000000,59969252.50000000
2021-02-17,0.86990000,0.87365000,0.83989000,0.84459000,57429165.00000000
2021-02-17,0.84405000,0.86603000,0.82150000,0.86497000,93259091.20000000
2021-02-17,0.86528000,0.87856000,0.83918000,0.86563000,82221987.30000000
2021-02-17,0.86562000,0.88144000,0.85234000,0.86803000,73297816.10000000
2021-02-18,0.86806000,0.88912000,0.85797000,0.88912000,70745145.50000000
2021-02-18,0.88901000,0.89745000,0.87422000,0.89206000,83375431.00000000
2021-02-18,0.89206000,0.92283000,0.89202000,0.90837000,104539619.80000000
2021-02-18,0.90855000,0.95780000,0.90694000,0.94498000,133922976.50000000
2021-02-18,0.94492000,0.95200000,0.90232000,0.92141000,122617353.50000000
2021-02-18,0.92161000,0.94276000,0.90554000,0.92303000,91124898.90000000
2021-02-19,0.92289000,0.93290000,0.90673000,0.90714000,71024497.80000000
2021-02-19,0.90675000,0.92700000,0.90283000,0.91442000,56844662.90000000
2021-02-19,0.91433000,0.93450000,0.87851000,0.89730000,131390775.80000000
2021-02-19,0.89722000,0.91874000,0.88125000,0.91428000,77137012.70000000
2021-02-19,0.91443000,0.94469000,0.90778000,0.94244000,95269095.10000000
2021-02-19,0.94262000,0.94560000,0.90909000,0.91434000,107733276.40000000
2021-02-20,0.91436000,0.94390000,0.91402000,0.92628000,69439295.40000000
2021-02-20,0.92639000,0.94505000,0.92532000,0.92581000,66834260.40000000
2021-02-20,0.92597000,1.10000000,0.91329000,1.03422000,421203168.69000000
2021-02-20,1.03416000,1.07887000,1.02138000,1.02335000,147213590.10000000
2021-02-20,1.02331000,1.07295000,1.02152000,1.05897000,105769375.40000000
2021-02-20,1.05850000,1.15400000,1.05150000,1.08783000,280529188.54000000
2021-02-21,1.08717000,1.17890000,1.08717000,1.14935000,220935022.50000000
2021-02-21,1.14958000,1.20000000,1.02775000,1.11568000,304891571.30000000
2021-02-21,1.11560000,1.14000000,1.08417000,1.10501000,143719574.50000000
2021-02-21,1.10556000,1.13341000,1.08400000,1.10373000,87071974.90000000
2021-02-21,1.10362000,1.15172000,1.09717000,1.13573000,123694130.90000000
2021-02-21,1.13573000,1.14150000,1.08760000,1.10726000,119087596.20000000
2021-02-22,1.10740000,1.12295000,1.08921000,1.11435000,80508507.00000000
2021-02-22,1.11414000,1.11563000,1.06750000,1.09894000,82183981.70000000
2021-02-22,1.09955000,1.10205000,1.03702000,1.04575000,114502774.20000000
2021-02-22,1.04560000,1.07365000,1.01110000,1.07057000,120563091.60000000
2021-02-22,1.07044000,1.07208000,0.92969000,1.00381000,219387841.20000000
2021-02-22,1.00432000,1.06499000,0.83100000,0.99017000,452167187.10000000
2021-02-23,0.98957000,1.03899000,0.95556000,1.03434000,188223697.00000000
2021-02-23,1.03434000,1.14600000,1.02954000,1.09703000,239125618.00000000
2021-02-23,1.09728000,1.14200000,0.98807000,1.03373000,262491614.90000000
2021-02-23,1.03407000,1.06990000,0.96000000,0.98857000,221561335.40000000
2021-02-23,0.98857000,0.99903000,0.81000000,0.90715000,516727539.40000000
2021-02-23,0.90707000,1.00197000,0.87135000,0.97236000,319883926.10000000
2021-02-24,0.97236000,0.98397000,0.88000000,0.89361000,179560501.90000000
2021-02-24,0.89376000,0.96615000,0.88241000,0.96197000,124995531.00000000
2021-02-24,0.96136000,1.02000000,0.89780000,1.00462000,209440331.10000000
2021-02-24,1.00462000,1.02179000,0.96902000,1.00107000,123162335.30000000
2021-02-24,1.00167000,1.05880000,0.99125000,1.04231000,163354461.70000000
2021-02-24,1.04231000,1.07700000,0.97846000,1.02669000,201384689.90000000
2021-02-25,1.02668000,1.06545000,1.01850000,1.02698000,123771757.30000000
2021-02-25,1.02752000,1.06252000,0.99500000,1.04902000,124935488.00000000
2021-02-25,1.04883000,1.07000000,1.02016000,1.03456000,91640733.50000000
2021-02-25,1.03440000,1.05427000,1.01850000,1.04317000,68727030.50000000
2021-02-25,1.04279000,1.04993000,1.01200000,1.04652000,83313176.40000000
2021-02-25,1.04641000,1.12852000,1.03300000,1.12000000,222674132.30000000
2021-02-26,1.12000000,1.17700000,1.10067000,1.13238000,287342593.30000000
2021-02-26,1.13239000,1.14104000,1.06604000,1.07691000,208158170.20000000
2021-02-26,1.07688000,1.09628000,1.04000000,1.08109000,204032026.10000000
2021-02-26,1.08109000,1.09419000,0.99000000,1.01886000,223870187.30000000
2021-02-26,1.01886000,1.14249000,1.01873000,1.10820000,318466293.10000000
2021-02-26,1.10817000,1.16900000,1.08970000,1.16200000,219463447.50000000
2021-02-27,1.16200000,1.29800000,1.15144000,1.26464000,513074756.70000000
2021-02-27,1.26464000,1.28200000,1.16474000,1.24303000,326821010.80000000
2021-02-27,1.24353000,1.28495000,1.22710000,1.26544000,185758329.50000000
2021-02-27,1.26543000,1.38173000,1.25506000,1.35454000,369950001.70000000
2021-02-27,1.35543000,1.48800000,1.35492000,1.45959000,549214625.40000000
2021-02-27,1.45941000,1.45941000,1.30756000,1.36099000,402481409.90000000
2021-02-28,1.35983000,1.44000000,1.34500000,1.40280000,211629197.40000000
2021-02-28,1.40280000,1.40990000,1.25060000,1.31402000,275326074.60000000
2021-02-28,1.31400000,1.33488000,1.16000000,1.17107000,272065816.80000000
2021-02-28,1.17113000,1.25200000,1.15400000,1.19622000,285978096.10000000
2021-02-28,1.19674000,1.32549000,1.19523000,1.27450000,273201168.00000000
2021-02-28,1.27468000,1.29300000,1.18206000,1.20400000,260726720.70000000
2021-03-01,1.20400000,1.28847000,1.18333000,1.27503000,196592003.40000000
2021-03-01,1.27537000,1.35950000,1.25899000,1.31203000,310608535.30000000
2021-03-01,1.31279000,1.32288000,1.24692000,1.27322000,169057211.40000000
2021-03-01,1.27355000,1.28490000,1.23131000,1.27699000,113937771.40000000
2021-03-01,1.27708000,1.30800000,1.23616000,1.27078000,188979958.20000000
2021-03-01,1.27067000,1.29081000,1.25000000,1.27895000,145947032.90000000
2021-03-02,1.27894000,1.34800000,1.26000000,1.27881000,252987513.40000000
2021-03-02,1.27860000,1.31900000,1.27655000,1.29627000,113102432.90000000
2021-03-02,1.29678000,1.29998000,1.19473000,1.21651000,218207862.60000000
2021-03-02,1.21663000,1.23200000,1.19313000,1.21238000,101203470.60000000
2021-03-02,1.21239000,1.25299000,1.20882000,1.23323000,89822340.40000000
2021-03-02,1.23321000,1.27181000,1.22137000,1.24244000,112741107.40000000
2021-03-03,1.24250000,1.25280000,1.18000000,1.19572000,145541630.20000000
2021-03-03,1.19561000,1.22909000,1.18352000,1.22280000,86388091.70000000
2021-03-03,1.22281000,1.23850000,1.20865000,1.21828000,61704210.80000000
2021-03-03,1.21846000,1.24849000,1.21747000,1.24136000,71104946.10000000
2021-03-03,1.24137000,1.26376000,1.23556000,1.24347000,100192911.70000000
2021-03-03,1.24344000,1.26636000,1.21596000,1.23287000,95616660.50000000
2021-03-04,1.23300000,1.25800000,1.22103000,1.23925000,76733324.00000000
2021-03-04,1.23886000,1.24010000,1.21250000,1.21311000,49561392.20000000
2021-03-04,1.21315000,1.23052000,1.19217000,1.19549000,77679356.50000000
2021-03-04,1.19550000,1.21110000,1.18598000,1.20311000,73354112.00000000
2021-03-04,1.20310000,1.21679000,1.14250000,1.16460000,122449620.30000000
2021-03-04,1.16499000,1.18300000,1.12853000,1.15020000,153339070.30000000
2021-03-05,1.15000000,1.15600000,1.06695000,1.11500000,221740683.00000000
2021-03-05,1.11500000,1.12755000,1.08129000,1.11239000,99472192.20000000
2021-03-05,1.11261000,1.11267000,1.03374000,1.07561000,160898226.40000000
2021-03-05,1.07561000,1.17045000,1.05000000,1.13947000,173737518.30000000
2021-03-05,1.14000000,1.14071000,1.08231000,1.12387000,121906499.50000000
2021-03-05,1.12381000,1.19283000,1.11039000,1.16702000,168545901.20000000
2021-03-06,1.16702000,1.17943000,1.11800000,1.17734000,117616101.70000000
2021-03-06,1.17711000,1.19720000,1.15560000,1.15908000,87950438.00000000
2021-03-06,1.15907000,1.18300000,1.13555000,1.14157000,41178497.10000000
2021-03-06,1.14165000,1.15454000,1.12222000,1.14788000,48163710.30000000
2021-03-06,1.14800000,1.14899000,1.11565000,1.11999000,70003073.10000000
2021-03-06,1.11988000,1.12000000,1.08493000,1.10661000,91692208.30000000
2021-03-07,1.10668000,1.11940000,1.09449000,1.10479000,79252330.00000000
2021-03-07,1.10481000,1.14036000,1.09811000,1.12900000,64509710.00000000
2021-03-07,1.12901000,1.14400000,1.11700000,1.12775000,59262550.40000000
2021-03-07,1.12780000,1.13217000,1.11302000,1.13000000,39624677.30000000
2021-03-07,1.12998000,1.14500000,1.12198000,1.13816000,69568485.20000000
2021-03-07,1.13816000,1.14086000,1.11803000,1.12709000,50068526.60000000
2021-03-08,1.12709000,1.13800000,1.11351000,1.11980000,53412534.30000000
2021-03-08,1.11997000,1.13700000,1.10562000,1.13042000,52430765.10000000
2021-03-08,1.13073000,1.17835000,1.12872000,1.14326000,106475526.70000000
2021-03-08,1.14306000,1.16000000,1.11304000,1.12025000,59994301.60000000
2021-03-08,1.12045000,1.12740000,1.10848000,1.12243000,58317844.50000000
2021-03-08,1.12244000,1.13500000,1.11202000,1.12105000,60564452.00000000
2021-03-09,1.12113000,1.12300000,1.11302000,1.11682000,49878943.20000000
2021-03-09,1.11686000,1.12200000,1.10500000,1.11848000,63283575.50000000
2021-03-09,1.11836000,1.15300000,1.11083000,1.14111000,92214201.00000000
2021-03-09,1.14117000,1.14760000,1.12000000,1.12619000,67702918.60000000
2021-03-09,1.12619000,1.22000000,1.12426000,1.19116000,203169285.40000000
2021-03-09,1.19118000,1.19346000,1.15793000,1.17385000,94757448.90000000
2021-03-10,1.17385000,1.18390000,1.15320000,1.18226000,68100977.90000000
2021-03-10,1.18227000,1.21290000,1.16713000,1.19720000,90094237.50000000
2021-03-10,1.19734000,1.20800000,1.13533000,1.14496000,94670150.80000000
2021-03-10,1.14485000,1.16512000,1.13835000,1.16338000,41849669.10000000
2021-03-10,1.16337000,1.18878000,1.15662000,1.16375000,51319178.80000000
2021-03-10,1.16382000,1.18090000,1.16056000,1.16404000,59124122.10000000
2021-03-11,1.16403000,1.17500000,1.16058000,1.16581000,50826936.70000000
2021-03-11,1.16589000,1.16753000,1.11500000,1.13261000,86707243.40000000
2021-03-11,1.13226000,1.14000000,1.11700000,1.13210000,48903618.10000000
2021-03-11,1.13203000,1.13793000,1.12000000,1.12158000,32466480.10000000
2021-03-11,1.12149000,1.12947000,1.11100000,1.12501000,53318174.90000000
2021-03-11,1.12508000,1.13930000,1.11394000,1.11911000,58572400.20000000
2021-03-12,1.11910000,1.12562000,1.10898000,1.10993000,55554954.20000000
2021-03-12,1.10999000,1.12913000,1.10750000,1.12430000,52796086.60000000
2021-03-12,1.12417000,1.12800000,1.11250000,1.11499000,36209850.10000000
2021-03-12,1.11490000,1.11713000,1.06021000,1.08657000,76358986.90000000
2021-03-12,1.08629000,1.11509000,1.07204000,1.07700000,66922381.20000000
2021-03-12,1.07705000,1.08100000,1.02000000,1.07476000,119766125.60000000
2021-03-13,1.07454000,1.07696000,1.04202000,1.04296000,62051306.40000000
2021-03-13,1.04281000,1.05248000,1.02876000,1.03207000,61713264.20000000
2021-03-13,1.03207000,1.07581000,0.98500000,1.05009000,137475602.20000000
2021-03-13,1.05046000,1.07352000,1.04500000,1.05421000,50874660.20000000
2021-03-13,1.05416000,1.14204000,1.05416000,1.14158000,147919179.90000000
2021-03-13,1.14165000,1.19300000,1.10778000,1.11829000,185404005.10000000
2021-03-14,1.11829000,1.13056000,1.09822000,1.10571000,64156330.00000000
2021-03-14,1.10571000,1.12000000,1.09080000,1.10000000,57981248.00000000
2021-03-14,1.10016000,1.10265000,1.06500000,1.08749000,65178015.50000000
2021-03-14,1.08750000,1.09878000,1.06785000,1.07970000,49410941.90000000
2021-03-14,1.07952000,1.10200000,1.06001000,1.07971000,61063402.90000000
2021-03-14,1.08038000,1.08934000,1.06208000,1.07258000,41926737.00000000
2021-03-15,1.07220000,1.09200000,1.06595000,1.08275000,43866895.80000000
2021-03-15,1.08292000,1.08644000,1.05190000,1.05243000,42916472.60000000
2021-03-15,1.05241000,1.07078000,1.04300000,1.06141000,43372579.90000000
2021-03-15,1.06163000,1.06550000,1.00379000,1.03767000,83567155.10000000
2021-03-15,1.03804000,1.04500000,1.00001000,1.02588000,96591315.20000000
2021-03-15,1.02569000,1.06448000,1.00913000,1.02969000,77989465.60000000
2021-03-16,1.03008000,1.04590000,1.01359000,1.04301000,58038543.30000000
2021-03-16,1.04276000,1.05192000,1.03000000,1.03103000,41419294.00000000
2021-03-16,1.03071000,1.03911000,1.00000000,1.02222000,70385338.00000000
2021-03-16,1.02222000,1.05500000,1.01000000,1.04354000,54848227.50000000
2021-03-16,1.04362000,1.05154000,1.02815000,1.03592000,41610951.10000000
2021-03-16,1.03604000,1.10682000,1.02931000,1.09154000,101339512.40000000
2021-03-17,1.09177000,1.28000000,1.06450000,1.22607000,743856906.40000000
2021-03-17,1.22626000,1.25062000,1.19111000,1.24924000,236675423.70000000
2021-03-17,1.24974000,1.25559000,1.20353000,1.21050000,135137508.50000000
2021-03-17,1.21030000,1.29400000,1.20813000,1.26373000,156379503.00000000
2021-03-17,1.26373000,1.28522000,1.20969000,1.23465000,156056889.70000000
2021-03-17,1.23489000,1.25200000,1.21962000,1.22899000,109952324.40000000
2021-03-18,1.22865000,1.27500000,1.22751000,1.26348000,120324736.60000000
2021-03-18,1.26402000,1.43000000,1.26356000,1.37700000,417009595.50000000
2021-03-18,1.37750000,1.42995000,1.36350000,1.40562000,156020543.20000000
2021-03-18,1.40559000,1.44000000,1.38401000,1.40305000,130858139.30000000
2021-03-18,1.40326000,1.47299000,1.40222000,1.42882000,192039156.30000000
2021-03-18,1.42882000,1.47120000,1.39543000,1.44843000,238788239.30000000
2021-03-19,1.44842000,1.45366000,1.23939000,1.26003000,562281388.60000000
2021-03-19,1.25924000,1.29596000,1.22154000,1.22925000,166293002.40000000
2021-03-19,1.22966000,1.24819000,1.18003000,1.23594000,158192818.30000000
2021-03-19,1.23574000,1.26601000,1.21818000,1.26401000,95930500.10000000
2021-03-19,1.26400000,1.28767000,1.23826000,1.25983000,125898617.20000000
2021-03-19,1.25934000,1.31000000,1.25934000,1.28027000,109491233.20000000
2021-03-20,1.28024000,1.34286000,1.25111000,1.33832000,197986079.80000000
2021-03-20,1.33822000,1.33822000,1.28500000,1.29474000,124811931.10000000
2021-03-20,1.29499000,1.30974000,1.26810000,1.27208000,92859966.90000000
2021-03-20,1.27208000,1.27209000,1.25100000,1.26138000,62554307.10000000
2021-03-20,1.26138000,1.27974000,1.26007000,1.26494000,54454030.70000000
2021-03-20,1.26520000,1.26871000,1.25000000,1.25557000,54535957.40000000
2021-03-21,1.25558000,1.25671000,1.22909000,1.24933000,74282206.50000000
2021-03-21,1.24930000,1.25202000,1.19978000,1.20046000,62951659.50000000
2021-03-21,1.20048000,1.24139000,1.18759000,1.22350000,69834173.10000000
2021-03-21,1.22351000,1.22353000,1.19476000,1.21163000,33861167.40000000
2021-03-21,1.21198000,1.22200000,1.17741000,1.18371000,53600943.90000000
2021-03-21,1.18385000,1.21872000,1.16000000,1.20310000,72700752.00000000
2021-03-22,1.20304000,1.21555000,1.19300000,1.19926000,40413489.10000000
2021-03-22,1.19933000,1.20730000,1.18500000,1.18561000,35219884.30000000
2021-03-22,1.18561000,1.20000000,1.16250000,1.19226000,49214549.60000000
2021-03-22,1.19226000,1.20782000,1.19134000,1.19523000,31756934.80000000
2021-03-22,1.19522000,1.20128000,1.17263000,1.19057000,45885723.40000000
2021-03-22,1.19057000,1.19118000,1.17000000,1.17989000,48513983.90000000
2021-03-23,1.17986000,1.18450000,1.14633000,1.15033000,66217534.50000000
2021-03-23,1.15037000,1.15545000,1.06700000,1.10150000,142666843.90000000
2021-03-23,1.10150000,1.15335000,1.09300000,1.12932000,64871391.30000000
2021-03-23,1.12926000,1.13775000,1.08145000,1.12853000,67582184.70000000
2021-03-23,1.12800000,1.14738000,1.11567000,1.12749000,50616212.30000000
2021-03-23,1.12746000,1.17390000,1.12716000,1.15654000,70596687.00000000
2021-03-24,1.15668000,1.16657000,1.11492000,1.12631000,61973005.00000000
2021-03-24,1.12632000,1.13638000,1.09913000,1.11639000,56328233.50000000
2021-03-24,1.11563000,1.12315000,1.09392000,1.10801000,47367780.60000000
2021-03-24,1.10795000,1.14264000,1.10344000,1.14078000,47600372.00000000
2021-03-24,1.14077000,1.15940000,1.13907000,1.14908000,53374317.40000000
2021-03-24,1.14851000,1.16390000,1.12669000,1.14055000,53465482.80000000
2021-03-25,1.14058000,1.14526000,1.10450000,1.10566000,46543258.60000000
2021-03-25,1.10555000,1.12016000,1.03800000,1.06902000,106564579.80000000
2021-03-25,1.06879000,1.09288000,1.04584000,1.08951000,72989597.70000000
2021-03-25,1.08965000,1.13706000,1.07942000,1.08219000,72392312.10000000
2021-03-25,1.08250000,1.12761000,1.07630000,1.10472000,66583921.40000000
2021-03-25,1.10450000,1.12036000,1.06633000,1.09994000,104593592.70000000
2021-03-26,1.09946000,1.15350000,1.09047000,1.10731000,149119611.80000000
2021-03-26,1.10750000,1.13267000,1.09200000,1.09560000,61944503.10000000
2021-03-26,1.09596000,1.12882000,1.09426000,1.12249000,53557849.60000000
2021-03-26,1.12249000,1.14300000,1.11232000,1.14170000,42334292.50000000
2021-03-26,1.14199000,1.28755000,1.13000000,1.25966000,270731998.70000000
2021-03-26,1.26030000,1.26030000,1.19200000,1.22100000,168302752.60000000
2021-03-27,1.22100000,1.24500000,1.19500000,1.20767000,81739401.00000000
2021-03-27,1.20780000,1.22746000,1.19511000,1.21420000,55316606.60000000
2021-03-27,1.21419000,1.23890000,1.17196000,1.18076000,66980627.10000000
2021-03-27,1.18101000,1.21450000,1.18030000,1.19251000,36780521.60000000
2021-03-27,1.19246000,1.20408000,1.16907000,1.17666000,41665045.10000000
2021-03-27,1.17667000,1.18930000,1.15623000,1.17939000,45729700.90000000
2021-03-28,1.17908000,1.19888000,1.17536000,1.18546000,41501989.20000000
2021-03-28,1.18577000,1.20323000,1.17177000,1.17678000,38296453.80000000
2021-03-28,1.17646000,1.19457000,1.16650000,1.19403000,29365581.10000000
2021-03-28,1.19406000,1.21000000,1.17900000,1.20589000,30752190.20000000
2021-03-28,1.20589000,1.22000000,1.18553000,1.18866000,42232057.50000000
2021-03-28,1.18867000,1.19484000,1.17487000,1.18937000,36727066.20000000
2021-03-29,1.18952000,1.19320000,1.17000000,1.18016000,36504031.20000000
2021-03-29,1.18000000,1.19388000,1.17187000,1.18983000,24155878.40000000
2021-03-29,1.18983000,1.19285000,1.17800000,1.18529000,31201524.40000000
2021-03-29,1.18561000,1.21000000,1.17939000,1.20756000,45787569.10000000
2021-03-29,1.20764000,1.22979000,1.19923000,1.20735000,67529630.00000000
2021-03-29,1.20734000,1.21663000,1.19282000,1.20269000,52742692.10000000
2021-03-30,1.20229000,1.21333000,1.19450000,1.20598000,39854315.20000000
2021-03-30,1.20641000,1.20793000,1.19634000,1.20239000,25956034.40000000
2021-03-30,1.20240000,1.20827000,1.18909000,1.19343000,28035027.00000000
2021-03-30,1.19351000,1.21696000,1.19064000,1.21099000,34579104.60000000
2021-03-30,1.21100000,1.23555000,1.20500000,1.23045000,74668941.50000000
2021-03-30,1.23023000,1.23363000,1.20899000,1.21051000,48188315.70000000
2021-03-31,1.21082000,1.22989000,1.21000000,1.22940000,32185369.10000000
2021-03-31,1.22940000,1.22980000,1.20454000,1.21189000,39803920.70000000
2021-03-31,1.21200000,1.21273000,1.17942000,1.18661000,54036051.00000000
2021-03-31,1.18664000,1.21119000,1.17950000,1.18626000,48431370.60000000
2021-03-31,1.18634000,1.18975000,1.15100000,1.18126000,63333966.20000000
2021-03-31,1.18103000,1.19860000,1.17513000,1.19160000,48744138.50000000
2021-04-01,1.19151000,1.19669000,1.17083000,1.18375000,49425068.60000000
2021-04-01,1.18378000,1.20116000,1.18293000,1.19191000,38848279.70000000
2021-04-01,1.19172000,1.20300000,1.18590000,1.18779000,26585162.10000000
2021-04-01,1.18780000,1.19924000,1.18100000,1.19140000,31749166.40000000
2021-04-01,1.19139000,1.20772000,1.18150000,1.18999000,50751102.10000000
2021-04-01,1.19000000,1.19970000,1.18483000,1.19429000,37607277.50000000
2021-04-02,1.19456000,1.19872000,1.17171000,1.18489000,42094611.30000000
2021-04-02,1.18489000,1.19100000,1.18283000,1.18377000,24176063.20000000
2021-04-02,1.18330000,1.20000000,1.18026000,1.19151000,40326707.00000000
2021-04-02,1.19145000,1.24796000,1.19000000,1.22558000,76442764.30000000
2021-04-02,1.22589000,1.23873000,1.20646000,1.20787000,63225410.30000000
2021-04-02,1.20787000,1.22200000,1.19516000,1.21175000,49390004.40000000
2021-04-03,1.21181000,1.21931000,1.19206000,1.19573000,44959063.00000000
2021-04-03,1.19579000,1.19603000,1.18349000,1.18998000,39718305.40000000
2021-04-03,1.18998000,1.24078000,1.18953000,1.22176000,61117865.00000000
2021-04-03,1.22176000,1.23850000,1.21134000,1.22533000,44555509.30000000
2021-04-03,1.22531000,1.23108000,1.20432000,1.21642000,42668092.10000000
2021-04-03,1.21628000,1.23500000,1.20581000,1.20617000,54589998.90000000
2021-04-04,1.20618000,1.21787000,1.17171000,1.19620000,61933449.40000000
2021-04-04,1.19617000,1.19639000,1.15977000,1.16238000,48973064.20000000
2021-04-04,1.16245000,1.19000000,1.15200000,1.18100000,36228820.30000000
2021-04-04,1.18073000,1.18478000,1.16116000,1.17225000,36861464.00000000
2021-04-04,1.17229000,1.18831000,1.16900000,1.17274000,31061218.50000000
2021-04-04,1.17287000,1.18604000,1.16885000,1.17720000,35509574.40000000
2021-04-05,1.17755000,1.19300000,1.17621000,1.18060000,36715273.50000000
2021-04-05,1.18059000,1.18375000,1.17597000,1.18206000,28199141.50000000
2021-04-05,1.18205000,1.19200000,1.16901000,1.18363000,44007767.30000000
2021-04-05,1.18363000,1.18789000,1.16222000,1.17037000,41558794.80000000
2021-04-05,1.17038000,1.18137000,1.16382000,1.18093000,34063906.50000000
2021-04-05,1.18098000,1.21687000,1.17606000,1.20774000,74826873.10000000
2021-04-06,1.20811000,1.21524000,1.19000000,1.19316000,71922265.10000000
2021-04-06,1.19321000,1.22647000,1.19100000,1.21180000,52421957.70000000
2021-04-06,1.21172000,1.21616000,1.19584000,1.19950000,36822105.90000000
2021-04-06,1.19956000,1.21779000,1.19850000,1.20254000,36958851.60000000
2021-04-06,1.20267000,1.22000000,1.19010000,1.20234000,63761472.00000000
2021-04-06,1.20234000,1.34359000,1.19500000,1.27342000,421889235.00000000
2021-04-07,1.27369000,1.29890000,1.25303000,1.25775000,99289373.40000000
2021-04-07,1.25777000,1.26050000,1.22900000,1.25200000,68204970.60000000
2021-04-07,1.25217000,1.27764000,1.22250000,1.26827000,55215654.90000000
2021-04-07,1.26846000,1.29000000,1.23651000,1.24720000,80100516.40000000
2021-04-07,1.24742000,1.24990000,1.15880000,1.19183000,114098540.80000000
2021-04-07,1.19233000,1.20712000,1.16000000,1.18283000,74557583.10000000
2021-04-08,1.18283000,1.20531000,1.16817000,1.18046000,49233849.30000000
2021-04-08,1.18050000,1.19481000,1.17174000,1.17359000,32107845.50000000
2021-04-08,1.17356000,1.19900000,1.16999000,1.18975000,32968054.20000000
2021-04-08,1.18994000,1.20749000,1.18771000,1.20201000,37801980.60000000
2021-04-08,1.20199000,1.21801000,1.17950000,1.18992000,37175766.50000000
2021-04-08,1.18976000,1.21744000,1.18790000,1.21323000,48219340.30000000
2021-04-09,1.21323000,1.22502000,1.21015000,1.21414000,32613431.00000000
2021-04-09,1.21406000,1.22246000,1.20000000,1.21926000,26464270.30000000
2021-04-09,1.21896000,1.22907000,1.20349000,1.20534000,24915734.70000000
2021-04-09,1.20534000,1.21518000,1.20238000,1.21454000,23850538.00000000
2021-04-09,1.21443000,1.22184000,1.20294000,1.21394000,31343659.60000000
2021-04-09,1.21400000,1.21700000,1.20100000,1.20299000,30290344.10000000
2021-04-10,1.20303000,1.21243000,1.19134000,1.20876000,26466674.50000000
2021-04-10,1.20877000,1.21200000,1.19666000,1.20201000,19900241.30000000
2021-04-10,1.20201000,1.21416000,1.19157000,1.21174000,34442568.00000000
2021-04-10,1.21175000,1.25199000,1.20771000,1.23036000,80463497.40000000
2021-04-10,1.23023000,1.23941000,1.22009000,1.22395000,42051070.10000000
2021-04-10,1.22393000,1.23500000,1.20748000,1.22818000,54859977.40000000
2021-04-11,1.22821000,1.23255000,1.20223000,1.21150000,46454212.40000000
2021-04-11,1.21149000,1.21909000,1.19629000,1.21747000,32502752.70000000
2021-04-11,1.21753000,1.23258000,1.21333000,1.22330000,37943708.90000000
2021-04-11,1.22347000,1.22453000,1.19900000,1.21061000,48233272.30000000
2021-04-11,1.21061000,1.22199000,1.20550000,1.22151000,31617404.50000000
2021-04-11,1.22150000,1.28900000,1.22149000,1.24037000,189853516.90000000
2021-04-12,1.24067000,1.28100000,1.23000000,1.25910000,76401891.60000000
2021-04-12,1.25908000,1.28989000,1.25850000,1.26355000,67196247.60000000
2021-04-12,1.26376000,1.33052000,1.26330000,1.32612000,116272179.40000000
2021-04-12,1.32613000,1.34800000,1.28990000,1.29263000,122139398.20000000
2021-04-12,1.29283000,1.34333000,1.26350000,1.31762000,131257746.10000000
2021-04-12,1.31761000,1.31762000,1.26721000,1.27696000,69254678.60000000
2021-04-13,1.27706000,1.30817000,1.26500000,1.30529000,59830384.80000000
2021-04-13,1.30533000,1.33507000,1.29450000,1.31431000,60733510.80000000
2021-04-13,1.31452000,1.33600000,1.30273000,1.30995000,43383014.00000000
2021-04-13,1.30993000,1.32548000,1.28138000,1.31310000,67456800.20000000
2021-04-13,1.31310000,1.36180000,1.30000000,1.33941000,125930433.30000000
2021-04-13,1.33941000,1.42644000,1.33936000,1.38126000,173985018.90000000
2021-04-14,1.38133000,1.43780000,1.36933000,1.41615000,130012375.20000000
2021-04-14,1.41612000,1.43135000,1.38325000,1.41246000,64258643.40000000
2021-04-14,1.41246000,1.47824000,1.40230000,1.45890000,118005323.20000000
2021-04-14,1.45890000,1.54272000,1.45000000,1.50496000,235938729.20000000
2021-04-14,1.50473000,1.55845000,1.38000000,1.47108000,274302194.30000000
2021-04-14,1.47099000,1.47512000,1.34800000,1.43457000,200559677.10000000
2021-04-15,1.43449000,1.47129000,1.37500000,1.41262000,140803642.80000000
2021-04-15,1.41212000,1.47500000,1.39537000,1.45092000,83557211.00000000
2021-04-15,1.45140000,1.46813000,1.41023000,1.44316000,58963147.90000000
2021-04-15,1.44348000,1.45925000,1.42190000,1.43873000,49126509.80000000
2021-04-15,1.43873000,1.49539000,1.42809000,1.45088000,113076101.90000000
2021-04-15,1.45086000,1.48994000,1.45055000,1.47948000,63509331.90000000
2021-04-16,1.47947000,1.48667000,1.44441000,1.47244000,63780829.20000000
2021-04-16,1.47240000,1.49283000,1.45744000,1.47820000,64748079.90000000
2021-04-16,1.47845000,1.51915000,1.43656000,1.46415000,102815479.80000000
2021-04-16,1.46416000,1.46417000,1.39000000,1.41858000,94955767.20000000
2021-04-16,1.41783000,1.43756000,1.34963000,1.40429000,104454643.80000000
2021-04-16,1.40445000,1.41611000,1.33400000,1.40262000,119314111.00000000
2021-04-17,1.40249000,1.44000000,1.37500000,1.43046000,96896637.50000000
2021-04-17,1.43045000,1.43887000,1.40600000,1.40989000,43704624.90000000
2021-04-17,1.40989000,1.45471000,1.40300000,1.43600000,55524423.90000000
2021-04-17,1.43628000,1.45805000,1.42837000,1.43553000,58671221.60000000
2021-04-17,1.43545000,1.44814000,1.37406000,1.39001000,68509795.70000000
2021-04-17,1.39001000,1.41000000,1.35835000,1.37239000,69237371.30000000
2021-04-18,1.37218000,1.39322000,1.35501000,1.39062000,43322073.00000000
2021-04-18,1.39054000,1.40284000,1.36774000,1.36802000,28576089.60000000
2021-04-18,1.36861000,1.38654000,1.07204000,1.19781000,160123628.30000000
2021-04-18,1.19781000,1.25892000,1.16171000,1.24902000,230058218.40000000
2021-04-18,1.24946000,1.26300000,1.12500000,1.13480000,153332082.00000000
2021-04-18,1.13484000,1.24690000,1.12932000,1.24231000,116460840.60000000
2021-04-19,1.24231000,1.26399000,1.20673000,1.26061000,82139169.90000000
2021-04-19,1.26087000,1.29635000,1.24508000,1.27693000,62724562.90000000
2021-04-19,1.27655000,1.32443000,1.25394000,1.32083000,70309552.70000000
2021-04-19,1.32075000,1.32370000,1.29003000,1.30381000,50136779.40000000
2021-04-19,1.30355000,1.30646000,1.20590000,1.26943000,101666127.10000000
2021-04-19,1.26943000,1.26972000,1.17122000,1.18041000,124401360.00000000
2021-04-20,1.18046000,1.24044000,1.17150000,1.23000000,83011967.20000000
2021-04-20,1.23000000,1.24500000,1.19121000,1.19450000,47753818.50000000
2021-04-20,1.19451000,1.20076000,1.13000000,1.15774000,66299834.90000000
2021-04-20,1.15878000,1.20708000,1.12685000,1.15899000,84472618.70000000
2021-04-20,1.15911000,1.22258000,1.15444000,1.21463000,78354445.30000000
2021-04-20,1.21459000,1.23400000,1.17270000,1.19810000,73945252.90000000
2021-04-21,1.19818000,1.26720000,1.19027000,1.26166000,86230154.20000000
2021-04-21,1.26182000,1.28241000,1.24198000,1.26689000,80964093.20000000
2021-04-21,1.26665000,1.29000000,1.23354000,1.24115000,80834146.40000000
2021-04-21,1.24108000,1.27882000,1.22975000,1.26498000,60662473.40000000
2021-04-21,1.26498000,1.27988000,1.20156000,1.21457000,97884500.10000000
2021-04-21,1.21501000,1.26843000,1.20572000,1.26500000,64952538.50000000
2021-04-22,1.26499000,1.27000000,1.23798000,1.26162000,44956057.50000000
2021-04-22,1.26158000,1.26189000,1.19704000,1.20358000,55145268.10000000
2021-04-22,1.20312000,1.22500000,1.18000000,1.19195000,92567427.50000000
2021-04-22,1.19260000,1.23231000,1.19055000,1.21831000,51001716.20000000
2021-04-22,1.21916000,1.23262000,1.17851000,1.22790000,70530567.50000000
2021-04-22,1.22783000,1.24295000,1.21455000,1.23232000,51154597.20000000
2021-04-23,1.23277000,1.27984000,1.20005000,1.21604000,107179220.80000000
2021-04-23,1.21581000,1.21672000,1.11380000,1.14400000,150185340.20000000
2021-04-23,1.14443000,1.16607000,0.92000000,1.09456000,295057285.70000000
2021-04-23,1.09486000,1.09947000,0.99928000,1.00437000,220837555.60000000
2021-04-23,1.00496000,1.14100000,0.98889000,1.12739000,176434700.50000000
2021-04-23,1.12773000,1.14100000,1.04100000,1.09802000,146463034.00000000
2021-04-24,1.09813000,1.13794000,1.08456000,1.13250000,78206704.90000000
2021-04-24,1.13229000,1.16895000,1.10794000,1.15866000,72281561.20000000
2021-04-24,1.15872000,1.15940000,1.10554000,1.14479000,70454700.40000000
2021-04-24,1.14517000,1.19687000,1.13420000,1.17014000,82356218.00000000
2021-04-24,1.17050000,1.19800000,1.10000000,1.11792000,115975408.00000000
2021-04-24,1.11825000,1.14388000,1.09270000,1.13134000,81182672.90000000
2021-04-25,1.13130000,1.14241000,1.10539000,1.12711000,42759657.30000000
2021-04-25,1.12701000,1.13818000,1.09750000,1.10287000,41486953.80000000
2021-04-25,1.10300000,1.12327000,1.09049000,1.09212000,47435282.80000000
2021-04-25,1.09147000,1.09773000,1.09080000,1.09773000,238748.40000000
2021-04-25,1.09773000,1.12911000,1.09713000,1.11610000,34561722.78000000
2021-04-25,1.11620000,1.14678000,1.11540000,1.14180000,42381359.94000000
2021-04-26,1.14160000,1.14640000,1.10330000,1.10600000,39709819.97000000
2021-04-26,1.10600000,1.11590000,1.01830000,1.09130000,140748349.66000000
2021-04-26,1.09100000,1.18750000,1.07930000,1.18200000,107886086.93000000
2021-04-26,1.18200000,1.23300000,1.16680000,1.21420000,84443549.18000000
2021-04-26,1.21420000,1.24152000,1.17960000,1.23730000,81430511.54000000
2021-04-26,1.23730000,1.25090000,1.21100000,1.22680000,81295904.46000000
2021-04-27,1.22730000,1.24650000,1.20150000,1.23630000,57552053.82000000
2021-04-27,1.23660000,1.23790000,1.19300000,1.23750000,60761777.20000000
2021-04-27,1.23770000,1.26900000,1.22320000,1.24290000,58219916.63000000
2021-04-27,1.24270000,1.26960000,1.23310000,1.25710000,47918179.73000000
2021-04-27,1.25720000,1.33330000,1.25120000,1.32810000,94789742.74000000
2021-04-27,1.32770000,1.32860000,1.26350000,1.31610000,93831441.88000000
2021-04-28,1.31590000,1.32060000,1.28090000,1.29410000,58551095.55000000
2021-04-28,1.29470000,1.31310000,1.28820000,1.30630000,39668672.54000000
2021-04-28,1.30630000,1.34880000,1.30110000,1.30160000,62077532.47000000
2021-04-28,1.30160000,1.31590000,1.23260000,1.27540000,93383630.56000000
2021-04-28,1.27530000,1.30400000,1.24440000,1.29680000,58445866.56000000
2021-04-28,1.29670000,1.31080000,1.26990000,1.29700000,52492544.53000000
2021-04-29,1.29690000,1.33210000,1.28400000,1.33180000,55658068.63000000
2021-04-29,1.33180000,1.34760000,1.30660000,1.33790000,66541002.32000000
2021-04-29,1.33730000,1.34880000,1.30180000,1.32020000,50899391.98000000
2021-04-29,1.32020000,1.40920000,1.29180000,1.40460000,113447793.04000000
2021-04-29,1.40430000,1.41170000,1.36620000,1.39010000,120161938.25000000
2021-04-29,1.39000000,1.39590000,1.34620000,1.35770000,85928515.61000000
2021-04-30,1.35770000,1.35980000,1.28000000,1.29830000,132350983.92000000
2021-04-30,1.29860000,1.31780000,1.26610000,1.30630000,75741028.02000000
2021-04-30,1.30660000,1.32480000,1.28550000,1.31380000,51297167.55000000
2021-04-30,1.31380000,1.37090000,1.31300000,1.34740000,70743257.96000000
2021-04-30,1.34750000,1.36250000,1.32240000,1.32870000,47786624.01000000
2021-04-30,1.32900000,1.35920000,1.32610000,1.35350000,57487998.25000000
2021-05-01,1.35350000,1.36640000,1.34630000,1.35740000,44109497.62000000
2021-05-01,1.35730000,1.35730000,1.33330000,1.35320000,37271712.38000000
2021-05-01,1.35300000,1.36780000,1.32620000,1.36600000,47248763.35000000
2021-05-01,1.36610000,1.36780000,1.34300000,1.34720000,28585327.69000000
2021-05-01,1.34770000,1.35260000,1.31280000,1.34150000,39181313.29000000
2021-05-01,1.34160000,1.34490000,1.31760000,1.33310000,30491679.17000000
2021-05-02,1.33320000,1.34000000,1.32570000,1.33250000,26505347.04000000
2021-05-02,1.33250000,1.35900000,1.33000000,1.35160000,36643968.84000000
2021-05-02,1.35160000,1.35560000,1.30300000,1.30840000,39471480.16000000
2021-05-02,1.30840000,1.33030000,1.29420000,1.31500000,42929447.19000000
2021-05-02,1.31490000,1.32330000,1.29410000,1.32150000,41168240.01000000
2021-05-02,1.32140000,1.34230000,1.32060000,1.33270000,34743323.48000000
2021-05-03,1.33280000,1.34740000,1.32590000,1.34670000,31352322.45000000
2021-05-03,1.34680000,1.34990000,1.31770000,1.32670000,29325460.35000000
2021-05-03,1.32670000,1.35430000,1.32080000,1.34500000,30588991.96000000
2021-05-03,1.34500000,1.36280000,1.33880000,1.35940000,30320611.94000000
2021-05-03,1.35930000,1.38000000,1.34360000,1.37270000,51806779.25000000
2021-05-03,1.37280000,1.37810000,1.33000000,1.34290000,59516357.76000000
2021-05-04,1.34300000,1.36910000,1.33210000,1.36420000,54787465.64000000
2021-05-04,1.36420000,1.36630000,1.33850000,1.36220000,44167416.74000000
2021-05-04,1.36270000,1.36730000,1.25990000,1.29900000,102711465.36000000
2021-05-04,1.29910000,1.33050000,1.29150000,1.30730000,38345157.06000000
2021-05-04,1.30730000,1.34500000,1.29110000,1.34060000,56605064.97000000
2021-05-04,1.34080000,1.34800000,1.26020000,1.27210000,107478829.86000000
2021-05-05,1.27260000,1.31480000,1.25570000,1.30510000,72570067.04000000
2021-05-05,1.30520000,1.31570000,1.26660000,1.26980000,43790293.33000000
2021-05-05,1.26990000,1.32920000,1.25980000,1.32410000,54894408.96000000
2021-05-05,1.32410000,1.33230000,1.29610000,1.32980000,52073448.85000000
2021-05-05,1.32980000,1.37200000,1.32870000,1.35560000,76339869.57000000
2021-05-05,1.35560000,1.39900000,1.35180000,1.37670000,104438855.73000000
2021-05-06,1.37670000,1.46490000,1.37000000,1.46440000,133006448.83000000
2021-05-06,1.46400000,1.49700000,1.43420000,1.47980000,158311584.28000000
2021-05-06,1.47990000,1.49700000,1.42880000,1.48970000,125622155.91000000
2021-05-06,1.48970000,1.53480000,1.42950000,1.48250000,193912028.76000000
2021-05-06,1.48240000,1.69200000,1.47510000,1.66080000,363765340.58000000
2021-05-06,1.66110000,1.66950000,1.60010000,1.62260000,225444580.93000000
2021-05-07,1.62240000,1.64900000,1.50000000,1.59630000,242585807.86000000
2021-05-07,1.59600000,1.70000000,1.55890000,1.64910000,191643489.68000000
2021-05-07,1.64910000,1.69760000,1.55440000,1.57640000,161969443.94000000
2021-05-07,1.57640000,1.65410000,1.52600000,1.62240000,122718655.16000000
2021-05-07,1.62250000,1.69430000,1.61290000,1.68980000,110970254.74000000
2021-05-07,1.68970000,1.74780000,1.66300000,1.69730000,198468354.99000000
2021-05-08,1.69730000,1.71440000,1.63810000,1.64810000,95620249.05000000
2021-05-08,1.64830000,1.65480000,1.57830000,1.65300000,99312243.10000000
2021-05-08,1.65290000,1.65430000,1.60880000,1.62820000,64447478.55000000
2021-05-08,1.62810000,1.64260000,1.58940000,1.63970000,57115470.34000000
2021-05-08,1.63950000,1.65000000,1.58010000,1.58350000,57263521.14000000
2021-05-08,1.58360000,1.61850000,1.56270000,1.56830000,79280797.65000000
2021-05-09,1.56840000,1.61860000,1.56110000,1.61770000,68101497.00000000
2021-05-09,1.61770000,1.64960000,1.58500000,1.62110000,67290133.30000000
2021-05-09,1.62060000,1.65380000,1.59350000,1.59430000,53639659.25000000
2021-05-09,1.59420000,1.73900000,1.57260000,1.73530000,178730913.65000000
2021-05-09,1.73510000,1.78680000,1.69390000,1.73050000,169709529.62000000
2021-05-09,1.72980000,1.83000000,1.66800000,1.79190000,256240891.39000000
2021-05-10,1.79180000,1.83300000,1.74260000,1.75880000,127148169.17000000
2021-05-10,1.75870000,1.81910000,1.75070000,1.76630000,97622165.38000000
2021-05-10,1.76620000,1.79000000,1.71840000,1.75600000,110584750.09000000
2021-05-10,1.75580000,1.82430000,1.74420000,1.78180000,85194537.85000000
2021-05-10,1.78180000,1.80260000,1.72000000,1.75020000,101320457.53000000
2021-05-10,1.75020000,1.76200000,1.69540000,1.75940000,107268618.92000000
2021-05-11,1.75960000,1.76060000,1.60120000,1.64840000,94476640.12000000
2021-05-11,1.64960000,1.70680000,1.51700000,1.64230000,213459909.35000000
2021-05-11,1.64180000,1.68480000,1.59540000,1.62000000,95843275.45000000
2021-05-11,1.61980000,1.67900000,1.59770000,1.66070000,76874703.55000000
2021-05-11,1.66090000,1.77410000,1.63230000,1.71550000,110441687.51000000
2021-05-11,1.71550000,1.77880000,1.67350000,1.77840000,120644476.86000000
2021-05-12,1.77880000,1.77910000,1.72270000,1.75090000,62879378.71000000
2021-05-12,1.75100000,1.76680000,1.71680000,1.76320000,57643196.03000000
2021-05-12,1.76330000,1.82100000,1.74730000,1.81300000,99503465.02000000
2021-05-12,1.81260000,1.81980000,1.77070000,1.77540000,64448848.36000000
2021-05-12,1.77540000,1.78660000,1.71890000,1.75280000,73722548.77000000
2021-05-12,1.75270000,1.76270000,1.68460000,1.69640000,79084456.17000000
2021-05-13,1.69630000,1.72650000,1.65740000,1.71520000,114560539.80000000
2021-05-13,1.71480000,1.74990000,1.54620000,1.56940000,168390222.68000000
2021-05-13,1.56690000,1.66490000,1.50000000,1.63650000,187650923.68000000
2021-05-13,1.63780000,1.74280000,1.63430000,1.72800000,93554681.20000000
2021-05-13,1.72830000,1.85430000,1.59500000,1.80660000,357005698.12000000
2021-05-13,1.80690000,1.95990000,1.78370000,1.93240000,384634622.10000000
2021-05-14,1.93230000,1.95100000,1.81220000,1.86540000,341204396.15000000
2021-05-14,1.86490000,1.97190000,1.84840000,1.92960000,203604967.91000000
2021-05-14,1.92890000,1.95160000,1.85140000,1.86200000,131038210.86000000
2021-05-14,1.86190000,1.88200000,1.81120000,1.86980000,99037558.83000000
2021-05-14,1.86990000,1.90440000,1.86100000,1.86380000,86563582.40000000
2021-05-14,1.86360000,1.94690000,1.85200000,1.91540000,101947828.96000000
2021-05-15,1.91540000,1.92920000,1.88800000,1.91830000,78644247.96000000
2021-05-15,1.91880000,2.04300000,1.91850000,2.00690000,197801641.95000000
2021-05-15,2.00730000,2.19000000,1.96280000,2.14630000,213904409.60000000
2021-05-15,2.14620000,2.18000000,2.06370000,2.09450000,174693957.51000000
2021-05-15,2.09440000,2.20000000,2.07500000,2.16000000,199382385.94000000
2021-05-15,2.16000000,2.37890000,2.14820000,2.26250000,359026188.35000000
2021-05-16,2.26250000,2.32700000,2.15100000,2.27210000,267827947.06000000
2021-05-16,2.27210000,2.32400000,2.14570000,2.17440000,161980872.37000000
2021-05-16,2.17540000,2.35000000,2.15060000,2.28060000,148301757.18000000
2021-05-16,2.28080000,2.47000000,2.27000000,2.41340000,173771124.16000000
2021-05-16,2.41270000,2.43530000,2.37360000,2.38280000,128185795.01000000
2021-05-16,2.38290000,2.39980000,2.26320000,2.27730000,133265074.95000000
2021-05-17,2.27740000,2.30000000,2.02000000,2.09120000,302225863.23000000
2021-05-17,2.09170000,2.31000000,2.01040000,2.30020000,304996289.25000000
2021-05-17,2.30020000,2.32900000,2.03020000,2.07050000,221279687.81000000
2021-05-17,2.07110000,2.24430000,2.01710000,2.23230000,221431304.29000000
2021-05-17,2.23220000,2.24500000,2.12920000,2.19690000,124193495.31000000
2021-05-17,2.19700000,2.20030000,2.02180000,2.03880000,149892008.44000000
2021-05-18,2.03880000,2.09730000,1.91590000,2.08920000,265380476.01000000
2021-05-18,2.08940000,2.12980000,1.97150000,2.03070000,155794334.47000000
2021-05-18,2.03010000,2.08210000,2.00190000,2.06180000,99078432.91000000
2021-05-18,2.06130000,2.14920000,2.05870000,2.08850000,109474918.65000000
2021-05-18,2.08850000,2.14200000,2.06510000,2.10780000,94415736.03000000
2021-05-18,2.10820000,2.11160000,1.97120000,2.00200000,138324874.94000000
2021-05-19,2.00200000,2.08400000,1.97790000,2.03150000,103678188.93000000
2021-05-19,2.03120000,2.03740000,1.97720000,2.00360000,67287765.47000000
2021-05-19,2.00360000,2.03170000,1.80100000,1.82890000,192780103.96000000
2021-05-19,1.82890000,1.84500000,1.59000000,1.78230000,378232439.90000000
2021-05-19,1.78220000,1.81690000,1.41000000,1.59430000,307299020.57000000
2021-05-19,1.59430000,1.65290000,1.01000000,1.63270000,752480853.65000000
2021-05-20,1.63390000,1.83890000,1.55800000,1.63830000,383949094.01000000
2021-05-20,1.63840000,1.64680000,1.41400000,1.46630000,247100590.27000000
2021-05-20,1.46760000,1.57020000,1.32180000,1.56040000,313434895.10000000
2021-05-20,1.56000000,1.75500000,1.54430000,1.69560000,202120502.39000000
2021-05-20,1.69550000,1.81000000,1.60100000,1.79960000,200782383.36000000
2021-05-20,1.79960000,1.94870000,1.75370000,1.85240000,283936410.53000000
2021-05-21,1.85230000,1.85510000,1.66110000,1.80880000,221543750.20000000
2021-05-21,1.80910000,1.85110000,1.75990000,1.80060000,109898337.43000000
2021-05-21,1.80020000,1.87000000,1.72630000,1.75400000,105336652.12000000
2021-05-21,1.75390000,1.76200000,1.67790000,1.70930000,127665123.68000000
2021-05-21,1.70940000,1.75810000,1.66610000,1.71500000,105382596.24000000
2021-05-21,1.71500000,1.73580000,1.49380000,1.52430000,291655344.71000000
2021-05-22,1.52360000,1.62500000,1.44890000,1.47980000,238735245.97000000
2021-05-22,1.47970000,1.57690000,1.32000000,1.54930000,290051568.24000000
2021-05-22,1.54930000,1.58460000,1.47710000,1.50790000,125310570.24000000
2021-05-22,1.50780000,1.52440000,1.36610000,1.43840000,194332029.82000000
2021-05-22,1.43830000,1.55000000,1.42160000,1.53280000,133029545.16000000
2021-05-22,1.53280000,1.60200000,1.48620000,1.53590000,155630471.89000000
2021-05-23,1.53590000,1.55640000,1.43010000,1.44000000,117657156.09000000
2021-05-23,1.44000000,1.52750000,1.43940000,1.46290000,74753412.25000000
2021-05-23,1.46360000,1.53970000,1.43800000,1.48230000,86461895.92000000
2021-05-23,1.48230000,1.48840000,1.35720000,1.39320000,119047459.02000000
2021-05-23,1.39390000,1.39420000,1.24280000,1.26490000,302082484.72000000
2021-05-23,1.26490000,1.27910000,1.10750000,1.16900000,368309783.69000000
2021-05-24,1.16900000,1.20000000,1.05100000,1.16940000,295573164.25000000
2021-05-24,1.16940000,1.38780000,1.16840000,1.31390000,289795299.71000000
2021-05-24,1.31350000,1.40000000,1.24760000,1.36930000,165588404.46000000
2021-05-24,1.36910000,1.49200000,1.30700000,1.48280000,181068628.50000000
2021-05-24,1.48270000,1.50420000,1.40610000,1.48420000,189324555.01000000
2021-05-24,1.48440000,1.54940000,1.44740000,1.50440000,194629919.50000000
2021-05-25,1.50400000,1.58360000,1.43620000,1.57620000,167480510.28000000
2021-05-25,1.57630000,1.59740000,1.49660000,1.55000000,136163613.36000000
2021-05-25,1.54970000,1.64990000,1.50570000,1.53970000,161954336.74000000
2021-05-25,1.53970000,1.60290000,1.47190000,1.60170000,132779560.23000000
2021-05-25,1.60210000,1.62220000,1.43540000,1.44670000,186648521.99000000
2021-05-25,1.44650000,1.56800000,1.43960000,1.56040000,154666945.22000000
2021-05-26,1.56040000,1.56560000,1.48750000,1.50030000,91869624.21000000
2021-05-26,1.50070000,1.56000000,1.49510000,1.55320000,79798279.13000000
2021-05-26,1.55250000,1.68100000,1.55200000,1.67730000,145861496.45000000
2021-05-26,1.67730000,1.80960000,1.65630000,1.78160000,167871223.69000000
2021-05-26,1.78170000,1.80130000,1.71560000,1.77340000,142857500.14000000
2021-05-26,1.77360000,1.83200000,1.67250000,1.71370000,201745052.31000000
2021-05-27,1.71370000,1.75940000,1.67900000,1.71810000,117035879.04000000
2021-05-27,1.71810000,1.78210000,1.70690000,1.77910000,81709366.50000000
2021-05-27,1.77880000,1.78850000,1.60770000,1.65330000,158289138.18000000
2021-05-27,1.65300000,1.73210000,1.63320000,1.70200000,95473816.23000000
2021-05-27,1.70210000,1.75000000,1.67240000,1.73680000,75634642.75000000
2021-05-27,1.73670000,1.75630000,1.70330000,1.71870000,101531521.45000000
2021-05-28,1.71850000,1.72560000,1.65320000,1.67470000,79741843.67000000
2021-05-28,1.67480000,1.69420000,1.62440000,1.65520000,79448130.28000000
2021-05-28,1.65520000,1.67800000,1.60800000,1.67310000,84922011.74000000
2021-05-28,1.67310000,1.67310000,1.51210000,1.56920000,156841490.38000000
2021-05-28,1.56980000,1.57810000,1.45000000,1.46160000,192053011.52000000
2021-05-28,1.46160000,1.59000000,1.45080000,1.54530000,161689426.43000000
2021-05-29,1.54510000,1.57140000,1.50020000,1.54380000,114574387.50000000
2021-05-29,1.54400000,1.56900000,1.45010000,1.51330000,107159215.59000000
2021-05-29,1.51330000,1.56190000,1.50430000,1.55040000,73222541.86000000
2021-05-29,1.55020000,1.56240000,1.49400000,1.50110000,66480211.71000000
2021-05-29,1.50090000,1.51380000,1.44310000,1.48500000,91061160.56000000
2021-05-29,1.48470000,1.48630000,1.36790000,1.39750000,134974508.25000000
2021-05-30,1.39720000,1.42000000,1.33720000,1.35830000,103679371.61000000
2021-05-30,1.35840000,1.42980000,1.33500000,1.40290000,106686865.28000000
2021-05-30,1.40350000,1.49180000,1.34570000,1.48200000,128142243.15000000
2021-05-30,1.48230000,1.66490000,1.46860000,1.62010000,205600063.22000000
2021-05-30,1.62030000,1.69240000,1.59210000,1.69080000,142152181.90000000
2021-05-30,1.69100000,1.70000000,1.59030000,1.62530000,144905701.89000000
2021-05-31,1.62530000,1.65330000,1.60570000,1.62600000,71587015.95000000
2021-05-31,1.62590000,1.64670000,1.55870000,1.57510000,71691825.56000000
2021-05-31,1.57510000,1.62400000,1.52490000,1.55080000,114775758.22000000
2021-05-31,1.55080000,1.63140000,1.53530000,1.61640000,126057348.21000000
2021-05-31,1.61640000,1.69080000,1.59270000,1.66500000,113592791.17000000
2021-05-31,1.66510000,1.69080000,1.61520000,1.66580000,100937772.29000000
2021-06-01,1.66590000,1.69320000,1.63790000,1.66190000,67652836.70000000
2021-06-01,1.66200000,1.75000000,1.65710000,1.73730000,77099564.29000000
2021-06-01,1.73760000,1.77960000,1.69020000,1.71170000,106465407.83000000
2021-06-01,1.71160000,1.77470000,1.70000000,1.72500000,77235396.46000000
2021-06-01,1.72500000,1.74000000,1.65310000,1.72700000,107377400.84000000
2021-06-01,1.72690000,1.74420000,1.66540000,1.70150000,90901927.91000000
2021-06-02,1.70150000,1.76080000,1.68500000,1.71900000,97943876.70000000
2021-06-02,1.71860000,1.74980000,1.70950000,1.73630000,50328577.20000000
2021-06-02,1.73620000,1.78870000,1.71730000,1.75960000,94367650.89000000
2021-06-02,1.75950000,1.79500000,1.74810000,1.78410000,65354083.54000000
2021-06-02,1.78420000,1.80200000,1.74280000,1.75360000,73183072.13000000
2021-06-02,1.75370000,1.80000000,1.74390000,1.79500000,87094074.61000000
2021-06-03,1.79500000,1.80420000,1.76240000,1.78700000,58562946.64000000
2021-06-03,1.78710000,1.78990000,1.72530000,1.75340000,53082973.61000000
2021-06-03,1.75340000,1.76350000,1.71340000,1.76260000,50215495.12000000
2021-06-03,1.76260000,1.79600000,1.75810000,1.77550000,62511993.59000000
2021-06-03,1.77540000,1.88970000,1.77000000,1.84300000,129516737.57000000
2021-06-03,1.84310000,1.86860000,1.80180000,1.82000000,85380621.43000000
2021-06-04,1.82000000,1.85510000,1.81120000,1.82060000,48331820.30000000
2021-06-04,1.82050000,1.84800000,1.81550000,1.84530000,41444277.01000000
2021-06-04,1.84540000,1.84800000,1.65000000,1.76210000,151254675.39000000
2021-06-04,1.76210000,1.76360000,1.60800000,1.65950000,140866110.28000000
2021-06-04,1.65900000,1.72650000,1.62760000,1.67130000,111202437.44000000
2021-06-04,1.67120000,1.72330000,1.61850000,1.71720000,96308705.68000000
2021-06-05,1.71730000,1.75120000,1.70710000,1.71520000,52160601.97000000
2021-06-05,1.71530000,1.75120000,1.67910000,1.70770000,44640502.29000000
2021-06-05,1.70800000,1.77740000,1.69430000,1.74620000,45753306.77000000
2021-06-05,1.74620000,1.78230000,1.74560000,1.76160000,44255861.03000000
2021-06-05,1.76150000,1.77460000,1.66270000,1.67270000,92661066.09000000
2021-06-05,1.67270000,1.70440000,1.64390000,1.69670000,84250795.76000000
2021-06-06,1.69700000,1.69710000,1.66110000,1.66430000,32179002.76000000
2021-06-06,1.66430000,1.69000000,1.61000000,1.65510000,70228398.19000000
2021-06-06,1.65550000,1.68500000,1.64510000,1.67630000,33031635.79000000
2021-06-06,1.67640000,1.70770000,1.66910000,1.69610000,32736535.04000000
2021-06-06,1.69590000,1.69890000,1.67000000,1.67340000,28962251.53000000
2021-06-06,1.67330000,1.69080000,1.64710000,1.68170000,38287268.38000000
2021-06-07,1.68200000,1.69040000,1.65810000,1.65960000,25947834.80000000
2021-06-07,1.65950000,1.68340000,1.65050000,1.67710000,33033628.14000000
2021-06-07,1.67710000,1.74140000,1.65970000,1.72590000,49960384.19000000
2021-06-07,1.72590000,1.73900000,1.69000000,1.71010000,32737644.69000000
2021-06-07,1.71010000,1.73470000,1.69280000,1.72030000,35938369.62000000
2021-06-07,1.72040000,1.73760000,1.70350000,1.71200000,36051726.36000000
2021-06-08,1.71190000,1.71190000,1.65340000,1.67780000,58206091.62000000
2021-06-08,1.67780000,1.68300000,1.55000000,1.56590000,128372878.25000000
2021-06-08,1.56590000,1.59660000,1.47120000,1.52540000,123921892.27000000
2021-06-08,1.52550000,1.54770000,1.47600000,1.53380000,99219995.27000000
2021-06-08,1.53380000,1.57380000,1.50540000,1.53880000,85292932.64000000
2021-06-08,1.53860000,1.54370000,1.40000000,1.45570000,144753042.59000000
2021-06-09,1.45560000,1.55800000,1.44590000,1.55130000,96861500.95000000
2021-06-09,1.55210000,1.59500000,1.52920000,1.58190000,62174227.27000000
2021-06-09,1.58180000,1.59170000,1.48270000,1.50770000,90014737.47000000
2021-06-09,1.50800000,1.58500000,1.49150000,1.55210000,75362023.47000000
2021-06-09,1.55200000,1.58370000,1.52990000,1.57290000,63394684.58000000
2021-06-09,1.57290000,1.62830000,1.52880000,1.62020000,107767813.42000000
2021-06-10,1.62030000,1.63500000,1.56880000,1.58150000,84730434.83000000
2021-06-10,1.58170000,1.62900000,1.57460000,1.62790000,50394650.56000000
2021-06-10,1.62820000,1.63780000,1.59290000,1.59520000,41724708.54000000
2021-06-10,1.59510000,1.60250000,1.55760000,1.57550000,46979914.23000000
2021-06-10,1.57540000,1.60000000,1.53720000,1.57320000,71627347.28000000
2021-06-10,1.57310000,1.57890000,1.53200000,1.53940000,55581355.39000000
2021-06-11,1.53940000,1.54920000,1.51450000,1.53310000,48126554.87000000
2021-06-11,1.53290000,1.56120000,1.50640000,1.53280000,48366241.11000000
2021-06-11,1.53280000,1.54740000,1.49240000,1.53030000,56724459.90000000
2021-06-11,1.53030000,1.54500000,1.49070000,1.50800000,47217504.78000000
2021-06-11,1.50810000,1.53530000,1.50320000,1.51730000,41212448.26000000
2021-06-11,1.51760000,1.53240000,1.48600000,1.49140000,45237399.04000000
2021-06-12,1.49130000,1.49930000,1.45210000,1.46130000,69734392.64000000
2021-06-12,1.46130000,1.47050000,1.41920000,1.43710000,62975125.38000000
2021-06-12,1.43680000,1.43740000,1.37200000,1.39060000,78871904.50000000
2021-06-12,1.39050000,1.40830000,1.35620000,1.39760000,64878077.06000000
2021-06-12,1.39770000,1.44280000,1.37140000,1.43270000,71661277.97000000
2021-06-12,1.43270000,1.48140000,1.42700000,1.45910000,68861849.53000000
2021-06-13,1.45890000,1.49340000,1.45370000,1.47560000,44403923.41000000
2021-06-13,1.47570000,1.49270000,1.47090000,1.47890000,34288182.06000000
2021-06-13,1.47890000,1.50560000,1.44570000,1.45110000,45337533.16000000
2021-06-13,1.45110000,1.46320000,1.43300000,1.43640000,35360329.66000000
2021-06-13,1.43650000,1.45810000,1.43400000,1.44010000,31135837.85000000
2021-06-13,1.44020000,1.44790000,1.40010000,1.42010000,45544299.93000000
2021-06-14,1.42010000,1.50990000,1.41910000,1.50570000,73337186.99000000
2021-06-14,1.50570000,1.58000000,1.50570000,1.55660000,100007116.35000000
2021-06-14,1.55630000,1.57170000,1.52660000,1.53780000,46700240.09000000
2021-06-14,1.53780000,1.54900000,1.52860000,1.53950000,32667581.95000000
2021-06-14,1.53940000,1.53980000,1.50560000,1.51600000,41794535.35000000
2021-06-14,1.51600000,1.58800000,1.51200000,1.58040000,77194768.73000000
2021-06-15,1.58040000,1.59500000,1.54000000,1.54930000,55004538.66000000
2021-06-15,1.54940000,1.57690000,1.54160000,1.57690000,27429498.96000000
2021-06-15,1.57690000,1.58780000,1.54880000,1.57280000,32116533.41000000
2021-06-15,1.57280000,1.60940000,1.57100000,1.59670000,41470453.84000000
2021-06-15,1.59670000,1.61090000,1.56590000,1.57620000,43399419.26000000
2021-06-15,1.57610000,1.58950000,1.54720000,1.55580000,37110460.22000000
2021-06-16,1.55580000,1.59000000,1.55360000,1.55800000,39658802.49000000
2021-06-16,1.55800000,1.56730000,1.54410000,1.55520000,22403393.56000000
2021-06-16,1.55500000,1.55530000,1.52740000,1.54520000,22670680.83000000
2021-06-16,1.54530000,1.57540000,1.54350000,1.56200000,21530146.78000000
2021-06-16,1.56190000,1.57400000,1.51070000,1.52070000,32610561.45000000
2021-06-16,1.52070000,1.52770000,1.49000000,1.50420000,41370746.76000000
2021-06-17,1.50410000,1.53160000,1.48950000,1.51560000,48777521.37000000
2021-06-17,1.51560000,1.51690000,1.47400000,1.48510000,36620878.82000000
2021-06-17,1.48510000,1.53070000,1.48060000,1.52990000,24244581.35000000
2021-06-17,1.52990000,1.53880000,1.52150000,1.53080000,19732587.88000000
2021-06-17,1.53090000,1.53770000,1.51420000,1.51430000,18323358.72000000
2021-06-17,1.51430000,1.51620000,1.48940000,1.50650000,31646648.71000000
2021-06-18,1.50640000,1.50700000,1.45680000,1.46780000,46511906.12000000
2021-06-18,1.46770000,1.48780000,1.45810000,1.48260000,24619687.99000000
2021-06-18,1.48250000,1.48340000,1.44820000,1.47490000,21991206.14000000
2021-06-18,1.47490000,1.48830000,1.47070000,1.48100000,20926649.67000000
2021-06-18,1.48100000,1.49270000,1.45000000,1.47270000,29659566.33000000
2021-06-18,1.47260000,1.47700000,1.40050000,1.40250000,61691752.77000000
2021-06-19,1.40270000,1.42300000,1.37400000,1.38320000,54092393.43000000
2021-06-19,1.38310000,1.42080000,1.37980000,1.41630000,32572147.38000000
2021-06-19,1.41640000,1.44110000,1.39370000,1.40190000,29369389.83000000
2021-06-19,1.40180000,1.43750000,1.39750000,1.42940000,28928473.66000000
2021-06-19,1.42940000,1.43640000,1.41290000,1.42610000,19860441.11000000
2021-06-19,1.42610000,1.44000000,1.40790000,1.42460000,22689046.25000000
2021-06-20,1.42460000,1.42750000,1.38670000,1.41550000,27332106.78000000
2021-06-20,1.41570000,1.41580000,1.38340000,1.38390000,17313411.37000000
2021-06-20,1.38400000,1.40000000,1.36730000,1.39400000,25375576.74000000
2021-06-20,1.39400000,1.41530000,1.39040000,1.40170000,18561765.12000000
2021-06-20,1.40130000,1.40680000,1.32680000,1.33020000,63770234.44000000
2021-06-20,1.33010000,1.38280000,1.30600000,1.37120000,61890086.30000000
2021-06-21,1.37110000,1.45000000,1.36900000,1.44350000,53324203.89000000
2021-06-21,1.44360000,1.46000000,1.41840000,1.42630000,46450887.05000000
2021-06-21,1.42620000,1.43710000,1.36420000,1.36430000,30334289.52000000
2021-06-21,1.36430000,1.39060000,1.30110000,1.32830000,103471654.15000000
2021-06-21,1.32820000,1.34350000,1.24300000,1.30040000,119712116.15000000
2021-06-21,1.30030000,1.33760000,1.25420000,1.29600000,89619250.22000000
2021-06-22,1.29580000,1.30550000,1.25000000,1.26920000,66187961.13000000
2021-06-22,1.26940000,1.28050000,1.16720000,1.17400000,102739511.78000000
2021-06-22,1.17380000,1.26340000,1.12990000,1.25240000,111288620.81000000
2021-06-22,1.25240000,1.25570000,1.18690000,1.19630000,51464395.98000000
2021-06-22,1.19620000,1.19730000,1.08100000,1.08990000,161798790.74000000
2021-06-22,1.08990000,1.21000000,1.00010000,1.17030000,357947431.51000000
2021-06-23,1.17080000,1.24000000,1.16110000,1.16200000,150969025.36000000
2021-06-23,1.16150000,1.19880000,1.12410000,1.15670000,73893389.88000000
2021-06-23,1.15630000,1.26000000,1.10800000,1.24320000,130135892.08000000
2021-06-23,1.24300000,1.29000000,1.23110000,1.27540000,75613243.69000000
2021-06-23,1.27530000,1.28770000,1.24190000,1.25080000,64415851.34000000
2021-06-23,1.25080000,1.31000000,1.23120000,1.23520000,93308373.41000000
2021-06-24,1.23570000,1.27540000,1.19660000,1.19740000,74606651.48000000
2021-06-24,1.19690000,1.25180000,1.19550000,1.25120000,52399561.30000000
2021-06-24,1.25130000,1.30210000,1.20060000,1.29110000,79181745.22000000
2021-06-24,1.29050000,1.36000000,1.28500000,1.33750000,110057009.22000000
2021-06-24,1.33760000,1.37070000,1.32420000,1.36550000,57706722.49000000
2021-06-24,1.36550000,1.38430000,1.33690000,1.37550000,62963967.23000000
2021-06-25,1.37500000,1.39980000,1.35750000,1.38610000,69586610.82000000
2021-06-25,1.38610000,1.38810000,1.34130000,1.36040000,47532472.83000000
2021-06-25,1.36040000,1.39500000,1.34300000,1.37870000,64562408.74000000
2021-06-25,1.37880000,1.38050000,1.31780000,1.33070000,48629035.43000000
2021-06-25,1.33070000,1.39710000,1.30170000,1.32230000,175206940.91000000
2021-06-25,1.32230000,1.33340000,1.26620000,1.27100000,120669194.45000000
2021-06-26,1.27130000,1.30160000,1.24310000,1.28800000,94863977.02000000
2021-06-26,1.28840000,1.29520000,1.25000000,1.25210000,44449147.67000000
2021-06-26,1.25200000,1.27630000,1.23420000,1.26050000,44791933.13000000
2021-06-26,1.26060000,1.29230000,1.21800000,1.22010000,55435076.02000000
2021-06-26,1.22000000,1.25750000,1.19680000,1.25620000,89024435.01000000
2021-06-26,1.25620000,1.25990000,1.21050000,1.23750000,59519370.93000000
2021-06-27,1.23760000,1.25000000,1.21100000,1.22910000,35867374.49000000
2021-06-27,1.22910000,1.25270000,1.21240000,1.25210000,22766468.84000000
2021-06-27,1.25200000,1.30230000,1.24560000,1.29490000,53129856.61000000
2021-06-27,1.29520000,1.29740000,1.26640000,1.28690000,29446644.02000000
2021-06-27,1.28700000,1.29300000,1.24100000,1.25510000,40489189.84000000
2021-06-27,1.25510000,1.27090000,1.25050000,1.26820000,31408781.26000000
2021-06-28,1.26800000,1.27570000,1.24500000,1.26700000,26472311.17000000
2021-06-28,1.26700000,1.34990000,1.25620000,1.33800000,61151095.39000000
2021-06-28,1.33790000,1.34890000,1.31110000,1.31630000,38218220.25000000
2021-06-28,1.31640000,1.35050000,1.30610000,1.34910000,31876648.77000000
2021-06-28,1.34930000,1.35060000,1.30740000,1.31190000,39383845.41000000
2021-06-28,1.31190000,1.34690000,1.30420000,1.34510000,42387034.19000000
2021-06-29,1.34510000,1.34710000,1.31180000,1.32940000,40506931.72000000
2021-06-29,1.32950000,1.34330000,1.31050000,1.32600000,28175135.85000000
2021-06-29,1.32610000,1.34500000,1.31900000,1.33050000,34744775.78000000
2021-06-29,1.33050000,1.36140000,1.32200000,1.34100000,46239008.04000000
2021-06-29,1.34090000,1.40000000,1.33300000,1.38800000,67840094.05000000
2021-06-29,1.38800000,1.42000000,1.37700000,1.38960000,76009194.22000000
2021-06-30,1.38960000,1.40140000,1.37760000,1.38900000,29368280.56000000
2021-06-30,1.38900000,1.39990000,1.35930000,1.37300000,33370507.55000000
2021-06-30,1.37310000,1.38170000,1.33610000,1.33950000,35956165.71000000
2021-06-30,1.33950000,1.35490000,1.31810000,1.35470000,41184074.54000000
2021-06-30,1.35470000,1.35560000,1.32130000,1.34150000,35753501.88000000
2021-06-30,1.34140000,1.34460000,1.28250000,1.29470000,45038156.27000000
2021-07-01,1.29490000,1.39520000,1.28770000,1.38930000,62036854.87000000
2021-07-01,1.38920000,1.39930000,1.36170000,1.38530000,43800387.20000000
2021-07-01,1.38530000,1.38620000,1.33760000,1.33770000,26239475.74000000
2021-07-01,1.33760000,1.36060000,1.31260000,1.31590000,39733429.35000000
2021-07-01,1.31620000,1.32970000,1.30200000,1.32740000,38207282.01000000
2021-07-01,1.32730000,1.35000000,1.31460000,1.33510000,42869910.47000000
2021-07-02,1.33520000,1.34310000,1.31000000,1.32110000,29720963.01000000
2021-07-02,1.32150000,1.34560000,1.32130000,1.33130000,20053469.72000000
2021-07-02,1.33120000,1.35000000,1.29500000,1.30060000,30039989.25000000
2021-07-02,1.30060000,1.32000000,1.28500000,1.31300000,32212584.75000000
2021-07-02,1.31330000,1.31980000,1.28860000,1.29710000,28610648.15000000
2021-07-02,1.29690000,1.38000000,1.29100000,1.36670000,79047061.90000000
2021-07-03,1.36630000,1.37380000,1.34740000,1.37170000,28453156.98000000
2021-07-03,1.37210000,1.39590000,1.34990000,1.39460000,37257820.42000000
2021-07-03,1.39470000,1.39930000,1.36280000,1.36950000,24568297.55000000
2021-07-03,1.36950000,1.39990000,1.35790000,1.39550000,26115800.34000000
2021-07-03,1.39570000,1.44440000,1.38870000,1.41800000,64603804.34000000
2021-07-03,1.41800000,1.43290000,1.41350000,1.42140000,27783991.16000000
2021-07-04,1.42140000,1.42850000,1.41530000,1.42190000,18129537.50000000
2021-07-04,1.42190000,1.42930000,1.38410000,1.40450000,36242422.87000000
2021-07-04,1.40450000,1.41030000,1.38150000,1.40210000,19326508.99000000
2021-07-04,1.40200000,1.44980000,1.40170000,1.44340000,35462140.41000000
2021-07-04,1.44330000,1.45000000,1.42420000,1.43950000,27986764.28000000
2021-07-04,1.43940000,1.44280000,1.42620000,1.43980000,20018635.48000000
2021-07-05,1.43980000,1.46840000,1.43420000,1.46600000,34806170.40000000
2021-07-05,1.46600000,1.49550000,1.44120000,1.46150000,47725757.76000000
2021-07-05,1.46150000,1.46160000,1.41050000,1.42320000,41776016.55000000
2021-07-05,1.42330000,1.43230000,1.40510000,1.42060000,28495456.72000000
2021-07-05,1.42050000,1.43830000,1.37640000,1.38360000,45523103.83000000
2021-07-05,1.38360000,1.41500000,1.37860000,1.39640000,38558759.28000000
2021-07-06,1.39620000,1.42830000,1.37660000,1.42240000,32846668.84000000
2021-07-06,1.42240000,1.43470000,1.40200000,1.40390000,23056305.69000000
2021-07-06,1.40390000,1.43200000,1.40330000,1.42230000,15997490.77000000
2021-07-06,1.42230000,1.45780000,1.42230000,1.45090000,31362476.54000000
2021-07-06,1.45100000,1.45200000,1.40410000,1.41790000,43222356.65000000
2021-07-06,1.41770000,1.44370000,1.40570000,1.41090000,37556205.74000000
2021-07-07,1.41120000,1.41870000,1.39240000,1.40880000,26607891.39000000
2021-07-07,1.40880000,1.42120000,1.38880000,1.41570000,18656183.19000000
2021-07-07,1.41560000,1.42970000,1.40380000,1.42880000,17573785.71000000
2021-07-07,1.42870000,1.44160000,1.42230000,1.42850000,25768609.69000000
2021-07-07,1.42860000,1.43800000,1.41450000,1.43010000,19333481.55000000
2021-07-07,1.43010000,1.44000000,1.41500000,1.41940000,23416125.36000000
2021-07-08,1.41940000,1.42700000,1.41470000,1.41870000,18391997.35000000
2021-07-08,1.41870000,1.41890000,1.40000000,1.40400000,20683777.29000000
2021-07-08,1.40400000,1.40650000,1.37630000,1.38510000,32203886.27000000
2021-07-08,1.38510000,1.39180000,1.34780000,1.35940000,40014269.47000000
2021-07-08,1.35890000,1.37350000,1.34290000,1.37250000,32382903.18000000
2021-07-08,1.37240000,1.37650000,1.34110000,1.36770000,26286504.68000000
2021-07-09,1.36770000,1.37620000,1.34840000,1.36200000,20523337.11000000
2021-07-09,1.36230000,1.36470000,1.31940000,1.32700000,24269508.01000000
2021-07-09,1.32680000,1.32800000,1.28590000,1.31970000,41642048.01000000
2021-07-09,1.31980000,1.34590000,1.31750000,1.33320000,22453039.56000000
2021-07-09,1.33320000,1.34070000,1.31360000,1.32320000,23728138.08000000
2021-07-09,1.32310000,1.37460000,1.31300000,1.36600000,34756882.01000000
2021-07-10,1.36590000,1.36990000,1.33680000,1.34100000,19043338.41000000
2021-07-10,1.34120000,1.36500000,1.33630000,1.35040000,18670539.13000000
2021-07-10,1.35040000,1.36600000,1.33760000,1.34170000,12784226.17000000
2021-07-10,1.34180000,1.34880000,1.32780000,1.34200000,14808159.41000000
2021-07-10,1.34220000,1.34880000,1.32680000,1.33170000,11613352.84000000
2021-07-10,1.33150000,1.34010000,1.32000000,1.33430000,16564078.06000000
2021-07-11,1.33440000,1.35350000,1.32000000,1.33120000,22887738.90000000
2021-07-11,1.33120000,1.34360000,1.31580000,1.33560000,14819108.93000000
2021-07-11,1.33560000,1.34710000,1.32490000,1.32790000,11514380.14000000
2021-07-11,1.32800000,1.34110000,1.32310000,1.33700000,10459331.84000000
2021-07-11,1.33690000,1.34740000,1.33220000,1.33950000,11508832.31000000
2021-07-11,1.33950000,1.34740000,1.33500000,1.34630000,11441142.13000000
2021-07-12,1.34620000,1.35180000,1.33750000,1.33870000,9855717.84000000
2021-07-12,1.33870000,1.36690000,1.33300000,1.34850000,16924856.00000000
2021-07-12,1.34850000,1.36500000,1.34180000,1.36040000,10529113.15000000
2021-07-12,1.36040000,1.37360000,1.35060000,1.36150000,23569700.16000000
2021-07-12,1.36140000,1.36860000,1.33530000,1.33640000,17905065.35000000
2021-07-12,1.33630000,1.34150000,1.32230000,1.32240000,18716214.01000000
2021-07-13,1.32230000,1.32780000,1.29440000,1.29770000,23966491.01000000
2021-07-13,1.29750000,1.32200000,1.29160000,1.31260000,17381046.83000000
2021-07-13,1.31260000,1.31770000,1.30080000,1.30760000,11335666.01000000
2021-07-13,1.30750000,1.32160000,1.28780000,1.31440000,19235897.09000000
2021-07-13,1.31450000,1.31990000,1.29190000,1.29520000,20779820.32000000
2021-07-13,1.29520000,1.29740000,1.26500000,1.28910000,31517946.91000000
2021-07-14,1.28920000,1.29210000,1.25020000,1.25200000,22610626.70000000
2021-07-14,1.25240000,1.27140000,1.25000000,1.26500000,19535711.95000000
2021-07-14,1.26490000,1.27000000,1.20870000,1.21670000,37192165.20000000
2021-07-14,1.21680000,1.23060000,1.19800000,1.22200000,37529731.97000000
2021-07-14,1.22180000,1.25330000,1.20600000,1.25060000,28517842.80000000
2021-07-14,1.25090000,1.28940000,1.24240000,1.27230000,32110391.92000000
2021-07-15,1.27250000,1.28500000,1.25780000,1.26360000,19790928.10000000
2021-07-15,1.26360000,1.27370000,1.25860000,1.26350000,10325842.34000000
2021-07-15,1.26340000,1.29000000,1.24370000,1.24380000,19956680.94000000
2021-07-15,1.24390000,1.24790000,1.23090000,1.23510000,18363783.49000000
2021-07-15,1.23510000,1.25400000,1.20900000,1.21860000,30053154.51000000
2021-07-15,1.21870000,1.23970000,1.21340000,1.22650000,26454874.15000000
2021-07-16,1.22640000,1.23600000,1.20500000,1.22740000,25628491.03000000
2021-07-16,1.22750000,1.23870000,1.21720000,1.22580000,13228811.03000000
2021-07-16,1.22580000,1.24400000,1.21010000,1.23600000,15865856.48000000
2021-07-16,1.23600000,1.24500000,1.20700000,1.21170000,14769764.78000000
2021-07-16,1.21190000,1.21250000,1.16550000,1.16690000,43113346.09000000
2021-07-16,1.16680000,1.22230000,1.16600000,1.22210000,41748331.57000000
2021-07-17,1.22200000,1.22500000,1.19590000,1.19800000,21122352.07000000
2021-07-17,1.19800000,1.20560000,1.16960000,1.17080000,22553974.75000000
2021-07-17,1.17050000,1.18870000,1.15000000,1.15980000,30304742.95000000
2021-07-17,1.15980000,1.17760000,1.15550000,1.16880000,16159079.14000000
2021-07-17,1.16880000,1.19230000,1.14970000,1.16170000,30057191.38000000
2021-07-17,1.16160000,1.17350000,1.15540000,1.17280000,18794776.16000000
2021-07-18,1.17260000,1.19410000,1.16870000,1.19370000,15724545.54000000
2021-07-18,1.19380000,1.19480000,1.17010000,1.17210000,13445471.93000000
2021-07-18,1.17210000,1.21860000,1.17030000,1.21150000,25407235.70000000
2021-07-18,1.21150000,1.21340000,1.19010000,1.19200000,13905114.09000000
2021-07-18,1.19200000,1.20770000,1.19050000,1.20230000,14726236.27000000
2021-07-18,1.20240000,1.20430000,1.16660000,1.17470000,23401286.11000000
2021-07-19,1.17470000,1.19330000,1.17010000,1.18700000,13095746.60000000
2021-07-19,1.18690000,1.19500000,1.17020000,1.18130000,18048588.84000000
2021-07-19,1.18140000,1.18690000,1.16480000,1.17130000,12540122.20000000
2021-07-19,1.17100000,1.19210000,1.17080000,1.17650000,12297663.34000000
2021-07-19,1.17660000,1.18000000,1.15750000,1.15840000,15278879.77000000
2021-07-19,1.15850000,1.16250000,1.11560000,1.12230000,67971815.84000000
2021-07-20,1.12230000,1.13120000,1.11760000,1.12730000,17481173.10000000
2021-07-20,1.12740000,1.13400000,1.12010000,1.12250000,13077092.92000000
2021-07-20,1.12260000,1.13620000,1.05000000,1.05410000,63187703.07000000
2021-07-20,1.05390000,1.07220000,1.05100000,1.06580000,39152089.45000000
2021-07-20,1.06570000,1.06840000,1.02020000,1.04320000,63564092.74000000
2021-07-20,1.04330000,1.06860000,1.02820000,1.06270000,61383283.29000000
2021-07-21,1.06270000,1.07680000,1.05380000,1.07550000,27786643.82000000
2021-07-21,1.07550000,1.08780000,1.05070000,1.05390000,28544938.81000000
2021-07-21,1.05410000,1.07840000,1.03660000,1.07220000,27507104.37000000
2021-07-21,1.07170000,1.14730000,1.07110000,1.13470000,59995977.64000000
2021-07-21,1.13460000,1.16630000,1.12400000,1.16360000,47124714.90000000
2021-07-21,1.16370000,1.18430000,1.15210000,1.18190000,40024261.63000000
2021-07-22,1.18190000,1.22220000,1.14600000,1.15300000,87752031.47000000
2021-07-22,1.15270000,1.17110000,1.14040000,1.17110000,24892534.77000000
2021-07-22,1.17110000,1.19790000,1.15150000,1.16080000,29825438.12000000
2021-07-22,1.16080000,1.18770000,1.15400000,1.17880000,25043101.04000000
2021-07-22,1.17900000,1.19290000,1.15800000,1.16870000,28154186.35000000
2021-07-22,1.16870000,1.19970000,1.14920000,1.19750000,34824399.57000000
2021-07-23,1.19750000,1.20810000,1.18200000,1.19280000,26363306.96000000
2021-07-23,1.19280000,1.19330000,1.16800000,1.18560000,14701889.72000000
2021-07-23,1.18570000,1.20490000,1.17430000,1.19560000,21198099.60000000
2021-07-23,1.19550000,1.20890000,1.18140000,1.19090000,19731773.43000000
2021-07-23,1.19080000,1.19130000,1.16910000,1.17050000,19150046.37000000
2021-07-23,1.17050000,1.18490000,1.16310000,1.16440000,18184949.22000000
2021-07-24,1.16450000,1.16550000,1.14650000,1.15680000,24462232.99000000
2021-07-24,1.15710000,1.20780000,1.15410000,1.20770000,28608773.45000000
2021-07-24,1.20750000,1.21870000,1.20070000,1.21460000,28999712.35000000
2021-07-24,1.21470000,1.22530000,1.20640000,1.21450000,18436990.20000000
2021-07-24,1.21460000,1.22400000,1.19640000,1.21730000,24659451.23000000
2021-07-24,1.21730000,1.21730000,1.20360000,1.20720000,17909598.10000000
2021-07-25,1.20710000,1.24870000,1.20700000,1.21650000,36346382.28000000
2021-07-25,1.21660000,1.23390000,1.20850000,1.23270000,16364648.85000000
2021-07-25,1.23320000,1.23880000,1.20580000,1.21570000,19159197.90000000
2021-07-25,1.21550000,1.23790000,1.21320000,1.23140000,13845947.39000000
2021-07-25,1.23150000,1.23690000,1.21470000,1.21960000,19008846.34000000
2021-07-25,1.21960000,1.22210000,1.19340000,1.20220000,22420004.03000000
2021-07-26,1.20210000,1.21090000,1.19000000,1.20450000,16931823.75000000
2021-07-26,1.20440000,1.22920000,1.19910000,1.22840000,16568305.10000000
2021-07-26,1.22830000,1.33720000,1.22210000,1.32660000,105408982.84000000
2021-07-26,1.32650000,1.39910000,1.32380000,1.34650000,91691127.42000000
2021-07-26,1.34650000,1.35730000,1.32330000,1.34470000,46215797.47000000
2021-07-26,1.34460000,1.35220000,1.31180000,1.33130000,37411842.94000000
2021-07-27,1.33130000,1.36940000,1.32800000,1.32920000,44621655.08000000
2021-07-27,1.32920000,1.33390000,1.24200000,1.25510000,89723878.13000000
2021-07-27,1.25490000,1.26990000,1.21360000,1.22940000,46343998.03000000
2021-07-27,1.22930000,1.25850000,1.22080000,1.25000000,32350726.38000000
2021-07-27,1.25000000,1.30000000,1.24300000,1.30000000,29624332.68000000
2021-07-27,1.29990000,1.31580000,1.25000000,1.27470000,63789655.83000000
2021-07-28,1.27480000,1.27820000,1.23440000,1.24360000,34991761.41000000
2021-07-28,1.24370000,1.28160000,1.24330000,1.27990000,25993718.01000000
2021-07-28,1.27970000,1.29770000,1.25730000,1.27430000,32698670.49000000
2021-07-28,1.27430000,1.30870000,1.26030000,1.29990000,34968685.81000000
2021-07-28,1.29970000,1.32000000,1.27930000,1.31020000,36382964.06000000
2021-07-28,1.31030000,1.31420000,1.27500000,1.29180000,36183990.99000000
2021-07-29,1.29170000,1.30500000,1.26040000,1.28280000,42064760.71000000
2021-07-29,1.28290000,1.28880000,1.26790000,1.28750000,18937907.97000000
2021-07-29,1.28750000,1.28960000,1.25600000,1.26420000,25597063.43000000
2021-07-29,1.26420000,1.28500000,1.26090000,1.27270000,18652532.55000000
2021-07-29,1.27270000,1.29090000,1.26410000,1.26920000,26140188.92000000
2021-07-29,1.26920000,1.28850000,1.26280000,1.28620000,20681524.79000000
2021-07-30,1.28620000,1.29060000,1.27200000,1.28130000,14175561.34000000
2021-07-30,1.28130000,1.29870000,1.27590000,1.28560000,25594119.61000000
2021-07-30,1.28560000,1.31590000,1.27840000,1.31250000,29523885.49000000
2021-07-30,1.31240000,1.31790000,1.28850000,1.29500000,23225812.09000000
2021-07-30,1.29500000,1.29580000,1.24670000,1.25870000,43114110.01000000
2021-07-30,1.25860000,1.27920000,1.25020000,1.27260000,24761531.15000000
2021-07-31,1.27250000,1.28110000,1.26540000,1.28080000,12818323.15000000
2021-07-31,1.28080000,1.31210000,1.27980000,1.31080000,48206267.95000000
2021-07-31,1.31090000,1.32880000,1.29880000,1.31340000,29457878.63000000
2021-07-31,1.31350000,1.31630000,1.28700000,1.30680000,17446663.96000000
2021-07-31,1.30670000,1.32440000,1.30350000,1.30790000,22511229.23000000
2021-07-31,1.30780000,1.31500000,1.29500000,1.30870000,18933777.70000000
2021-08-01,1.30860000,1.31200000,1.29510000,1.30260000,10834824.41000000
2021-08-01,1.30250000,1.33290000,1.29830000,1.31930000,22885762.49000000
2021-08-01,1.31930000,1.38740000,1.31050000,1.37940000,41897378.40000000
2021-08-01,1.37950000,1.38790000,1.35610000,1.36250000,36818052.63000000
2021-08-01,1.36250000,1.37900000,1.34640000,1.36120000,21891809.87000000
2021-08-01,1.36120000,1.37150000,1.34730000,1.35680000,18900296.81000000
2021-08-02,1.35690000,1.35770000,1.32690000,1.34670000,35825361.92000000
2021-08-02,1.34680000,1.36250000,1.29840000,1.31420000,45645916.83000000
2021-08-02,1.31450000,1.32550000,1.29270000,1.32040000,28685981.49000000
2021-08-02,1.32040000,1.35000000,1.31500000,1.34110000,19461034.62000000
2021-08-02,1.34110000,1.34650000,1.31550000,1.32280000,22591125.20000000
2021-08-02,1.32280000,1.33280000,1.30410000,1.32690000,18742818.27000000
2021-08-03,1.32700000,1.33700000,1.31040000,1.31330000,16072679.65000000
2021-08-03,1.31340000,1.32150000,1.30000000,1.30830000,19183862.15000000
2021-08-03,1.30820000,1.32290000,1.28020000,1.28440000,23725584.92000000
2021-08-03,1.28440000,1.30580000,1.26130000,1.30120000,35181530.17000000
2021-08-03,1.30110000,1.30810000,1.28550000,1.29420000,19805470.20000000
2021-08-03,1.29420000,1.36750000,1.28000000,1.33850000,79335492.86000000
2021-08-04,1.33850000,1.37900000,1.33490000,1.36640000,56210089.39000000
2021-08-04,1.36640000,1.38270000,1.35870000,1.36960000,35967967.94000000
2021-08-04,1.36970000,1.37470000,1.33870000,1.34090000,28366995.38000000
2021-08-04,1.34080000,1.35150000,1.32610000,1.33450000,20671115.22000000
2021-08-04,1.33450000,1.35340000,1.32300000,1.34400000,26662483.38000000
2021-08-04,1.34400000,1.37200000,1.34350000,1.36610000,39559352.00000000
2021-08-05,1.36610000,1.39380000,1.36230000,1.37950000,41407824.10000000
2021-08-05,1.37950000,1.39300000,1.37170000,1.37650000,26197922.02000000
2021-08-05,1.37660000,1.38580000,1.36210000,1.37770000,18269863.54000000
2021-08-05,1.37770000,1.38770000,1.36100000,1.36740000,16989689.74000000
2021-08-05,1.36730000,1.37640000,1.34740000,1.35220000,30879352.80000000
2021-08-05,1.35220000,1.38250000,1.33800000,1.36950000,43020782.05000000
2021-08-06,1.36950000,1.39740000,1.36900000,1.38410000,31673592.14000000
2021-08-06,1.38400000,1.39470000,1.38320000,1.38590000,19919594.17000000
2021-08-06,1.38590000,1.39170000,1.36750000,1.36810000,21946674.74000000
2021-08-06,1.36810000,1.38760000,1.36130000,1.37790000,19227060.71000000
2021-08-06,1.37790000,1.38440000,1.36550000,1.36700000,17746693.02000000
2021-08-06,1.36710000,1.39890000,1.36160000,1.39490000,33579840.45000000
2021-08-07,1.39510000,1.42500000,1.39510000,1.40930000,55883854.23000000
2021-08-07,1.40940000,1.41330000,1.39100000,1.40250000,17000542.24000000
2021-08-07,1.40270000,1.44840000,1.39450000,1.44680000,38021435.96000000
2021-08-07,1.44680000,1.45310000,1.42390000,1.43650000,32377021.76000000
2021-08-07,1.43640000,1.47990000,1.42990000,1.47820000,44771420.50000000
2021-08-07,1.47820000,1.48500000,1.43520000,1.45560000,62780103.01000000
2021-08-08,1.45550000,1.45670000,1.41080000,1.44540000,39266771.43000000
2021-08-08,1.44530000,1.47870000,1.43840000,1.47270000,28361656.54000000
2021-08-08,1.47260000,1.48480000,1.43430000,1.46160000,33982072.92000000
2021-08-08,1.46160000,1.49410000,1.44770000,1.47600000,34960573.47000000
2021-08-08,1.47610000,1.48200000,1.45370000,1.45960000,28307935.69000000
2021-08-08,1.45960000,1.48000000,1.44000000,1.44910000,36811017.98000000
2021-08-09,1.44900000,1.46320000,1.40800000,1.41700000,44877835.96000000
2021-08-09,1.41700000,1.44760000,1.40700000,1.42550000,22195167.10000000
2021-08-09,1.42560000,1.43350000,1.39330000,1.41980000,30245145.33000000
2021-08-09,1.41980000,1.42940000,1.40030000,1.42880000,24608716.06000000
2021-08-09,1.42880000,1.47500000,1.42100000,1.47320000,49230997.83000000
2021-08-09,1.47300000,1.48730000,1.45150000,1.48500000,35277917.76000000
2021-08-10,1.48520000,1.49900000,1.47310000,1.48160000,32291612.87000000
2021-08-10,1.48170000,1.49300000,1.45000000,1.47450000,32738711.08000000
2021-08-10,1.47450000,1.48240000,1.45850000,1.46030000,22752334.83000000
2021-08-10,1.46030000,1.48000000,1.45700000,1.47870000,17443293.34000000
2021-08-10,1.47870000,1.59000000,1.47500000,1.57490000,97619158.05000000
2021-08-10,1.57470000,1.59400000,1.54330000,1.55760000,78351308.66000000
2021-08-11,1.55750000,1.58800000,1.52830000,1.58650000,43849939.07000000
2021-08-11,1.58650000,1.70100000,1.58530000,1.67800000,96489990.56000000
2021-08-11,1.67800000,1.72960000,1.67000000,1.71120000,59629867.12000000
2021-08-11,1.71110000,1.79800000,1.69690000,1.77330000,85716544.85000000
2021-08-11,1.77340000,1.80000000,1.73780000,1.76590000,70454072.58000000
2021-08-11,1.76580000,1.89500000,1.75760000,1.83910000,126235683.13000000
2021-08-12,1.83930000,1.88200000,1.82250000,1.86390000,53000906.11000000
2021-08-12,1.86390000,1.88220000,1.76800000,1.79340000,93826376.38000000
2021-08-12,1.79340000,1.86900000,1.78500000,1.83390000,65383837.86000000
2021-08-12,1.83390000,1.84320000,1.72350000,1.81740000,93523681.00000000
2021-08-12,1.81780000,1.83220000,1.75390000,1.75700000,70455664.58000000
2021-08-12,1.75710000,1.77820000,1.68300000,1.71580000,90945272.15000000
2021-08-13,1.71580000,1.78500000,1.67920000,1.75910000,59416805.42000000
2021-08-13,1.75930000,1.83310000,1.72260000,1.83240000,51912378.19000000
2021-08-13,1.83300000,1.89850000,1.82120000,1.87100000,76870541.19000000
2021-08-13,1.87150000,1.99300000,1.87150000,1.96860000,57461069.52000000
2021-08-13,1.96860000,2.08120000,1.96040000,2.01210000,152787649.14000000
2021-08-13,2.01170000,2.05870000,1.94120000,2.00810000,130489798.11000000
2021-08-14,2.00760000,2.03270000,1.97620000,1.99170000,65328745.82000000
2021-08-14,1.99160000,2.14950000,1.98230000,2.13860000,107056688.25000000
2021-08-14,2.13860000,2.15000000,2.08870000,2.12080000,101340021.97000000
2021-08-14,2.12070000,2.19380000,2.09890000,2.16650000,87319626.50000000
2021-08-14,2.16660000,2.25000000,2.08350000,2.17600000,198103169.71000000
2021-08-14,2.17600000,2.24000000,2.10600000,2.20070000,103261822.04000000
2021-08-15,2.20060000,2.21460000,2.14630000,2.20570000,57255272.76000000
2021-08-15,2.20580000,2.21040000,2.14120000,2.18780000,52045668.52000000
2021-08-15,2.18750000,2.24990000,2.14900000,2.15250000,71390376.09000000
2021-08-15,2.15260000,2.18130000,2.03000000,2.07430000,77220759.20000000
2021-08-15,2.07430000,2.14790000,2.05710000,2.12370000,66434965.77000000
2021-08-15,2.12370000,2.13800000,2.06490000,2.11490000,57126331.71000000
2021-08-16,2.11480000,2.13290000,2.08000000,2.13080000,40506983.18000000
2021-08-16,2.13080000,2.19990000,2.12950000,2.16670000,57569955.20000000
2021-08-16,2.16670000,2.18800000,2.11060000,2.11190000,52712675.98000000
2021-08-16,2.11200000,2.20000000,2.11120000,2.18900000,56069198.80000000
2021-08-16,2.18890000,2.19010000,2.14910000,2.16670000,45260810.84000000
2021-08-16,2.16660000,2.16740000,2.07950000,2.11880000,74164682.28000000
2021-08-17,2.11870000,2.14500000,2.10220000,2.10730000,29643428.69000000
2021-08-17,2.10690000,2.11500000,2.04630000,2.07140000,55792458.94000000
2021-08-17,2.07170000,2.14140000,2.03200000,2.12350000,67246438.90000000
2021-08-17,2.12360000,2.13190000,2.05000000,2.07510000,40938724.91000000
2021-08-17,2.07520000,2.11160000,2.06750000,2.09260000,48938190.42000000
2021-08-17,2.09260000,2.11240000,2.05050000,2.05460000,43677715.50000000
2021-08-18,2.05490000,2.07630000,1.99350000,2.00910000,54759830.77000000
2021-08-18,2.00900000,2.02500000,1.90590000,1.92390000,106139369.23000000
2021-08-18,1.92400000,1.98660000,1.87000000,1.97890000,93651570.73000000
2021-08-18,1.97950000,2.05290000,1.95850000,1.98800000,62212246.38000000
2021-08-18,1.98790000,2.03580000,1.94670000,1.95590000,49183583.42000000
2021-08-18,1.95610000,2.05900000,1.94550000,2.05810000,60875854.11000000
2021-08-19,2.05820000,2.16430000,2.04490000,2.07210000,130941917.46000000
2021-08-19,2.07170000,2.15150000,2.03340000,2.10430000,89749126.80000000
2021-08-19,2.10450000,2.18630000,2.07360000,2.08090000,98733581.52000000
2021-08-19,2.08090000,2.13870000,2.07000000,2.10890000,50976619.82000000
2021-08-19,2.10900000,2.13880000,2.05510000,2.05900000,48107931.42000000
2021-08-19,2.05920000,2.12950000,2.04620000,2.12660000,56993472.90000000
2021-08-20,2.12660000,2.40000000,2.11150000,2.39500000,244153592.23000000
2021-08-20,2.39460000,2.45500000,2.31900000,2.44110000,162402412.08000000
2021-08-20,2.44110000,2.46840000,2.36660000,2.39790000,101395606.62000000
2021-08-20,2.39790000,2.55000000,2.38850000,2.46360000,164980245.96000000
2021-08-20,2.46360000,2.53500000,2.44480000,2.48430000,89578259.53000000
2021-08-20,2.48420000,2.58170000,2.48140000,2.54920000,113472612.98000000
2021-08-21,2.54900000,2.55630000,2.40410000,2.49400000,94613821.75000000
2021-08-21,2.49410000,2.50810000,2.41880000,2.45570000,55059312.48000000
2021-08-21,2.45570000,2.50000000,2.40610000,2.49070000,66061777.90000000
2021-08-21,2.49060000,2.52880000,2.46080000,2.50420000,46053723.26000000
2021-08-21,2.50440000,2.50460000,2.40610000,2.43880000,59943366.24000000
2021-08-21,2.43880000,2.47590000,2.42000000,2.44710000,39188529.14000000
2021-08-22,2.44700000,2.46570000,2.38050000,2.39970000,43924895.31000000
2021-08-22,2.39970000,2.48250000,2.38370000,2.43410000,41963760.31000000
2021-08-22,2.43470000,2.54620000,2.43060000,2.49650000,73775177.41000000
2021-08-22,2.49660000,2.63280000,2.48840000,2.61910000,98982477.54000000
2021-08-22,2.61960000,2.65220000,2.59980000,2.62440000,81403472.15000000
2021-08-22,2.62450000,2.62890000,2.51800000,2.56880000,94424298.37000000
2021-08-23,2.56880000,2.61310000,2.53140000,2.58060000,55679580.66000000
2021-08-23,2.58030000,2.72120000,2.55010000,2.70490000,81232402.86000000
2021-08-23,2.70500000,2.84990000,2.68490000,2.80690000,178116167.74000000
2021-08-23,2.80690000,2.86570000,2.77000000,2.86040000,90455504.08000000
2021-08-23,2.86040000,2.87770000,2.80000000,2.82260000,71451280.10000000
2021-08-23,2.82260000,2.93900000,2.80800000,2.88910000,140696665.63000000
2021-08-24,2.88920000,2.96500000,2.85380000,2.88560000,111404459.41000000
2021-08-24,2.88570000,2.97190000,2.85580000,2.91520000,61582985.92000000
2021-08-24,2.91520000,2.94700000,2.82650000,2.84530000,75618651.10000000
2021-08-24,2.84540000,2.92750000,2.83580000,2.90900000,49851341.59000000
2021-08-24,2.90900000,2.92330000,2.84560000,2.88930000,49367400.58000000
2021-08-24,2.88930000,2.88940000,2.66170000,2.68800000,191294915.13000000
2021-08-25,2.68820000,2.80790000,2.58720000,2.79330000,178250223.38000000
2021-08-25,2.79330000,2.85000000,2.69720000,2.71870000,97269762.44000000
2021-08-25,2.71910000,2.79200000,2.70670000,2.72620000,62125379.61000000
2021-08-25,2.72590000,2.79220000,2.71210000,2.75040000,48352406.36000000
2021-08-25,2.75030000,2.75360000,2.60000000,2.66960000,124723494.80000000
2021-08-25,2.66950000,2.77700000,2.63000000,2.76760000,110327859.63000000
2021-08-26,2.76750000,2.79700000,2.72010000,2.72980000,77398644.69000000
2021-08-26,2.72970000,2.75970000,2.70000000,2.73900000,38000781.97000000
2021-08-26,2.73890000,2.78500000,2.61410000,2.63940000,74413220.89000000
2021-08-26,2.63950000,2.65880000,2.52400000,2.58600000,89257799.86000000
2021-08-26,2.58700000,2.61400000,2.54400000,2.56500000,48883278.40000000
2021-08-26,2.56500000,2.64200000,2.52800000,2.55500000,69458786.78000000
2021-08-27,2.55600000,2.57100000,2.47000000,2.51000000,70728623.93000000
2021-08-27,2.51000000,2.63300000,2.50200000,2.52800000,55013012.47000000
2021-08-27,2.52900000,2.62100000,2.49400000,2.53500000,65626698.80000000
2021-08-27,2.53400000,2.63300000,2.50200000,2.62500000,52580908.00000000
2021-08-27,2.62500000,2.74200000,2.58000000,2.71600000,77844890.57000000
2021-08-27,2.71600000,2.89600000,2.69000000,2.84500000,143721530.24000000
2021-08-28,2.84600000,2.87500000,2.80700000,2.85100000,60818013.40000000
2021-08-28,2.85000000,2.94730000,2.81300000,2.94600000,72070782.38000000
2021-08-28,2.94700000,2.95000000,2.82000000,2.84600000,59980623.19000000
2021-08-28,2.84600000,2.87700000,2.81000000,2.82600000,29467172.20000000
2021-08-28,2.82500000,2.87400000,2.79200000,2.80400000,36731909.50000000
2021-08-28,2.80500000,2.85500000,2.77200000,2.83200000,55227680.70000000
2021-08-29,2.83300000,2.86800000,2.80200000,2.82000000,33459388.60000000
2021-08-29,2.82000000,2.88000000,2.81400000,2.84700000,28196740.20000000
2021-08-29,2.84700000,2.86600000,2.74400000,2.74700000,48862104.00000000
2021-08-29,2.74700000,2.82800000,2.71900000,2.82400000,40934683.00000000
2021-08-29,2.82400000,2.93500000,2.79200000,2.86800000,73750746.10000000
2021-08-29,2.86800000,2.92000000,2.83400000,2.86400000,55161600.80000000
2021-08-30,2.86400000,2.89500000,2.84100000,2.89400000,26078453.50000000
2021-08-30,2.89300000,2.90200000,2.84800000,2.85100000,29578100.60000000
2021-08-30,2.85000000,2.88400000,2.78200000,2.80000000,47048327.20000000
2021-08-30,2.80000000,2.83700000,2.78500000,2.83000000,36591999.60000000
2021-08-30,2.82900000,2.84400000,2.79000000,2.80900000,24157699.70000000
2021-08-30,2.80800000,2.83200000,2.75200000,2.82200000,41347910.10000000
2021-08-31,2.82100000,2.84500000,2.77900000,2.83600000,44068615.90000000
2021-08-31,2.83700000,2.84100000,2.72000000,2.73400000,47477201.40000000
2021-08-31,2.73500000,2.81700000,2.70200000,2.79100000,40103487.60000000
2021-08-31,2.79100000,2.82800000,2.73800000,2.81600000,36588344.20000000
2021-08-31,2.81700000,2.88100000,2.77400000,2.85100000,56094114.00000000
2021-08-31,2.85100000,2.87000000,2.75000000,2.78100000,65819449.20000000
2021-09-01,2.78100000,2.79400000,2.73600000,2.77500000,33110329.90000000
2021-09-01,2.77500000,2.78800000,2.73000000,2.76700000,20192701.40000000
2021-09-01,2.76800000,2.77900000,2.72000000,2.76200000,22843505.40000000
2021-09-01,2.76100000,2.80300000,2.75300000,2.77800000,23386852.30000000
2021-09-01,2.77900000,2.85400000,2.77100000,2.81800000,43497334.30000000
2021-09-01,2.81800000,2.85000000,2.80900000,2.83100000,24144665.00000000
2021-09-02,2.83100000,2.90400000,2.82800000,2.83500000,57847335.80000000
2021-09-02,2.83500000,2.87100000,2.82200000,2.86900000,24843851.30000000
2021-09-02,2.87000000,3.04100000,2.83400000,3.03100000,112389165.11000000
2021-09-02,3.03000000,3.10100000,2.99700000,3.01500000,96287098.56000000
2021-09-02,3.01500000,3.06100000,3.00900000,3.04800000,38451782.30000000
2021-09-02,3.04800000,3.05800000,2.90000000,2.92700000,73718994.20000000
2021-09-03,2.92700000,2.98700000,2.92600000,2.97100000,39602796.70000000
2021-09-03,2.97200000,3.01900000,2.95000000,2.96000000,36982342.60000000
2021-09-03,2.96000000,2.97700000,2.90000000,2.97700000,39170787.00000000
2021-09-03,2.97600000,2.98000000,2.93400000,2.95100000,27107914.30000000
2021-09-03,2.95200000,3.02300000,2.93800000,2.98100000,44329083.20000000
2021-09-03,2.98100000,3.03000000,2.96100000,3.00500000,46499392.40000000
2021-09-04,3.00500000,3.01400000,2.96200000,2.98900000,22082670.20000000
2021-09-04,2.98900000,2.98900000,2.92600000,2.96600000,24638851.30000000
2021-09-04,2.96500000,2.96700000,2.91600000,2.96200000,19928035.10000000
2021-09-04,2.96300000,2.96300000,2.92600000,2.94000000,16607415.00000000
2021-09-04,2.94000000,2.94900000,2.90800000,2.91600000,29453982.50000000
2021-09-04,2.91500000,2.95000000,2.85000000,2.88000000,36972304.60000000
2021-09-05,2.88000000,2.89300000,2.80000000,2.83600000,63055039.30000000
2021-09-05,2.83700000,2.87700000,2.82100000,2.83000000,26254570.50000000
2021-09-05,2.83100000,2.91900000,2.82600000,2.85700000,29945482.50000000
2021-09-05,2.85700000,2.90500000,2.81300000,2.87600000,28314630.80000000
2021-09-05,2.87500000,2.90300000,2.85200000,2.86800000,24405117.60000000
2021-09-05,2.86900000,2.89000000,2.85500000,2.86000000,24434291.10000000
2021-09-06,2.86000000,2.94000000,2.85700000,2.93500000,30431061.20000000
2021-09-06,2.93500000,2.95600000,2.90600000,2.91000000,31567191.40000000
2021-09-06,2.91100000,2.92700000,2.86800000,2.87600000,23579615.50000000
2021-09-06,2.87700000,2.92000000,2.87100000,2.91300000,24211101.00000000
2021-09-06,2.91400000,2.91600000,2.83800000,2.84700000,38835460.00000000
2021-09-06,2.84700000,2.87900000,2.80000000,2.84400000,46396278.60000000
2021-09-07,2.84400000,2.85800000,2.82500000,2.82700000,27936589.00000000
2021-09-07,2.82700000,2.85500000,2.81300000,2.83300000,26011498.10000000
2021-09-07,2.83300000,2.87500000,2.80700000,2.82800000,26000393.40000000
2021-09-07,2.82800000,2.83200000,2.56800000,2.70400000,142042027.30000000
2021-09-07,2.70400000,2.70400000,2.53400000,2.64500000,173280018.50000000
2021-09-07,2.64500000,2.66800000,2.00000000,2.42400000,304468687.82000000
2021-09-08,2.42400000,2.56200000,2.24400000,2.37100000,229423269.38000000
2021-09-08,2.37000000,2.52700000,2.33600000,2.51400000,89676288.40000000
2021-09-08,2.51400000,2.56400000,2.45200000,2.45700000,73229782.60000000
2021-09-08,2.45800000,2.50300000,2.25000000,2.25600000,117140852.70000000
2021-09-08,2.25600000,2.40900000,2.20000000,2.39000000,125007002.80000000
2021-09-08,2.38900000,2.45000000,2.34800000,2.40900000,92418661.90000000
2021-09-09,2.40800000,2.46700000,2.37500000,2.42700000,53770172.50000000
2021-09-09,2.42700000,2.56000000,2.36500000,2.47000000,86015398.00000000
2021-09-09,2.47000000,2.51000000,2.39000000,2.42500000,62791402.90000000
2021-09-09,2.42500000,2.56700000,2.41500000,2.54600000,81175323.50000000
2021-09-09,2.54500000,2.62300000,2.53100000,2.58800000,99477333.30000000
2021-09-09,2.58800000,2.61400000,2.48000000,2.59000000,94704332.60000000
2021-09-10,2.59000000,2.59500000,2.50000000,2.51500000,45602238.60000000
2021-09-10,2.51500000,2.54700000,2.48600000,2.51800000,27881276.90000000
2021-09-10,2.51800000,2.58600000,2.49500000,2.55800000,31210551.90000000
2021-09-10,2.55900000,2.57600000,2.44000000,2.47300000,40647337.60000000
2021-09-10,2.47300000,2.52000000,2.42100000,2.48900000,52855804.90000000
2021-09-10,2.48900000,2.49200000,2.26900000,2.38900000,122430386.00000000
2021-09-11,2.38900000,2.44300000,2.35800000,2.39800000,34673232.60000000
2021-09-11,2.39900000,2.42700000,2.31600000,2.38300000,40284802.00000000
2021-09-11,2.38400000,2.44300000,2.36700000,2.39500000,25130615.50000000
2021-09-11,2.39500000,2.44100000,2.37700000,2.42100000,29972921.70000000
2021-09-11,2.42100000,2.75400000,2.39500000,2.71000000,182920905.57000000
2021-09-11,2.71100000,2.80000000,2.66800000,2.71700000,180225416.90000000
2021-09-12,2.71600000,2.75600000,2.68900000,2.70100000,66096873.20000000
2021-09-12,2.70100000,2.72900000,2.54100000,2.63800000,76772602.20000000
2021-09-12,2.63700000,2.64100000,2.50800000,2.59200000,66982767.80000000
2021-09-12,2.59100000,2.59700000,2.52700000,2.58800000,45605213.10000000
2021-09-12,2.58900000,2.64300000,2.56300000,2.60600000,61118804.50000000
2021-09-12,2.60600000,2.69600000,2.59200000,2.65900000,73464314.30000000
2021-09-13,2.65800000,2.78900000,2.65500000,2.71200000,79087635.40000000
2021-09-13,2.71200000,2.71400000,2.50100000,2.58100000,140563575.00000000
2021-09-13,2.58000000,2.59300000,2.40500000,2.41300000,75332695.50000000
2021-09-13,2.41200000,2.46800000,2.33100000,2.35800000,66267341.00000000
2021-09-13,2.35700000,2.44200000,2.30900000,2.43300000,64144572.40000000
2021-09-13,2.43300000,2.51400000,2.31500000,2.40600000,115271582.10000000
2021-09-14,2.40600000,2.46000000,2.38400000,2.44000000,31214817.90000000
2021-09-14,2.43900000,2.45500000,2.39200000,2.40200000,26610921.90000000
2021-09-14,2.40100000,2.42700000,2.37200000,2.39800000,27280202.60000000
2021-09-14,2.39700000,2.41500000,2.37100000,2.40400000,27075532.90000000
2021-09-14,2.40400000,2.43100000,2.37500000,2.38300000,31557904.80000000
2021-09-14,2.38200000,2.41200000,2.32000000,2.39400000,65924701.80000000
2021-09-15,2.39400000,2.43800000,2.35700000,2.36400000,34121489.00000000
2021-09-15,2.36400000,2.40900000,2.35300000,2.39600000,28349792.10000000
2021-09-15,2.39600000,2.40700000,2.37400000,2.38300000,23253564.60000000
2021-09-15,2.38300000,2.39900000,2.35900000,2.39500000,24665356.80000000
2021-09-15,2.39400000,2.42700000,2.35500000,2.39700000,43002876.70000000
2021-09-15,2.39700000,2.58200000,2.39200000,2.56300000,114306716.80000000
2021-09-16,2.56300000,2.58000000,2.50900000,2.52700000,45916449.30000000
2021-09-16,2.52700000,2.53200000,2.47200000,2.50500000,25708614.10000000
2021-09-16,2.50400000,2.50900000,2.41600000,2.44100000,28854735.10000000
2021-09-16,2.44200000,2.51500000,2.43900000,2.48200000,29898613.20000000
2021-09-16,2.48200000,2.56000000,2.45300000,2.46700000,36156071.80000000
2021-09-16,2.46700000,2.48400000,2.38600000,2.44200000,52502237.40000000
2021-09-17,2.44300000,2.46000000,2.39200000,2.41800000,30144858.30000000
2021-09-17,2.41800000,2.43000000,2.38100000,2.41700000,18834181.00000000
2021-09-17,2.41700000,2.43300000,2.40000000,2.42000000,13526218.00000000
2021-09-17,2.42000000,2.44200000,2.40000000,2.40300000,17141020.00000000
2021-09-17,2.40400000,2.42300000,2.35000000,2.36300000,30593932.10000000
2021-09-17,2.36300000,2.39000000,2.34200000,2.37000000,27045321.10000000
2021-09-18,2.37000000,2.38800000,2.33000000,2.36600000,24259411.40000000
2021-09-18,2.36600000,2.36900000,2.31300000,2.35000000,17532682.80000000
2021-09-18,2.35000000,2.37800000,2.31000000,2.37300000,17222293.50000000
2021-09-18,2.37300000,2.41400000,2.37200000,2.39600000,23581426.00000000
2021-09-18,2.39700000,2.43900000,2.39000000,2.39300000,23362890.00000000
2021-09-18,2.39300000,2.40700000,2.38500000,2.39100000,17777557.30000000
2021-09-19,2.39200000,2.39800000,2.36300000,2.38400000,21803972.50000000
2021-09-19,2.38400000,2.38500000,2.35400000,2.37100000,11483824.60000000
2021-09-19,2.37100000,2.37200000,2.33600000,2.35000000,10984735.80000000
2021-09-19,2.35000000,2.38900000,2.34400000,2.37400000,10770038.10000000
2021-09-19,2.37300000,2.39700000,2.32200000,2.32700000,18119174.90000000
2021-09-19,2.32600000,2.37600000,2.32000000,2.35800000,20653853.50000000
2021-09-20,2.35800000,2.36400000,2.31900000,2.32100000,19718995.10000000
2021-09-20,2.32000000,2.34400000,2.25900000,2.28300000,46959039.60000000
2021-09-20,2.28300000,2.29300000,2.12300000,2.16500000,73380360.10000000
2021-09-20,2.16500000,2.19900000,2.10100000,2.12100000,54537107.00000000
2021-09-20,2.12100000,2.15900000,2.02400000,2.05900000,80037604.50000000
2021-09-20,2.05800000,2.18400000,1.97000000,2.15200000,132277033.13000000
2021-09-21,2.15200000,2.17600000,2.02600000,2.11400000,68888344.70000000
2021-09-21,2.11500000,2.14900000,2.05200000,2.07900000,49479523.60000000
2021-09-21,2.08000000,2.15300000,1.97000000,2.09700000,99215761.40000000
2021-09-21,2.09800000,2.14200000,2.04900000,2.14200000,47605321.50000000
2021-09-21,2.14200000,2.17900000,2.10300000,2.17300000,46103255.00000000
2021-09-21,2.17400000,2.22900000,2.09300000,2.13600000,86178440.40000000
2021-09-22,2.13600000,2.14400000,2.02900000,2.04000000,63274775.20000000
2021-09-22,2.04100000,2.07000000,1.91010000,1.98600000,108611247.47000000
2021-09-22,1.98600000,2.08000000,1.96700000,2.04800000,41450485.60000000
2021-09-22,2.04800000,2.15500000,2.01500000,2.14500000,39358637.20000000
2021-09-22,2.14500000,2.15800000,2.07800000,2.09000000,41388049.20000000
2021-09-22,2.09100000,2.19100000,2.08500000,2.18900000,46543016.00000000
2021-09-23,2.18900000,2.25400000,2.16200000,2.21600000,62612094.40000000
2021-09-23,2.21600000,2.26800000,2.20300000,2.25700000,31542458.60000000
2021-09-23,2.25700000,2.29000000,2.19600000,2.28800000,37245061.30000000
2021-09-23,2.28900000,2.29000000,2.23900000,2.27000000,29957751.30000000
2021-09-23,2.27100000,2.27300000,2.18400000,2.20000000,32424148.20000000
2021-09-23,2.19900000,2.25500000,2.17900000,2.21100000,29186322.10000000
2021-09-24,2.21100000,2.27400000,2.20600000,2.26500000,28841853.20000000
2021-09-24,2.26500000,2.34600000,2.23500000,2.32700000,32401848.70000000
2021-09-24,2.32700000,2.34500000,2.27600000,2.28100000,33382397.50000000
2021-09-24,2.28200000,2.31900000,2.24200000,2.30400000,39839862.90000000
2021-09-24,2.30400000,2.32800000,2.06300000,2.26900000,153153050.70000000
2021-09-24,2.26900000,2.27000000,2.13700000,2.20000000,76973002.10000000
2021-09-25,2.20100000,2.27400000,2.19500000,2.25800000,38919913.30000000
2021-09-25,2.25800000,2.31600000,2.25200000,2.27700000,39736275.10000000
2021-09-25,2.27700000,2.37000000,2.23500000,2.36000000,47376762.63000000
2021-09-25,2.36000000,2.38200000,2.30700000,2.32200000,43741783.20000000
2021-09-25,2.32200000,2.37000000,2.26000000,2.33500000,57692509.40000000
2021-09-25,2.33500000,2.45900000,2.32800000,2.42000000,79217628.00000000
2021-09-26,2.42000000,2.44300000,2.36200000,2.37000000,55483144.00000000
2021-09-26,2.37000000,2.37600000,2.28200000,2.30000000,44878031.50000000
2021-09-26,2.29900000,2.30100000,2.20800000,2.25800000,43633691.20000000
2021-09-26,2.25800000,2.26300000,2.14700000,2.18200000,47884327.70000000
2021-09-26,2.18200000,2.29800000,2.16000000,2.26500000,63088917.40000000
2021-09-26,2.26500000,2.29100000,2.25000000,2.28400000,29615446.70000000
2021-09-27,2.28400000,2.29200000,2.24500000,2.25100000,20642339.20000000
2021-09-27,2.25100000,2.27600000,2.18900000,2.20700000,26225307.70000000
2021-09-27,2.20600000,2.27700000,2.18800000,2.23900000,27308083.10000000
2021-09-27,2.23900000,2.26100000,2.22500000,2.22900000,20426275.30000000
2021-09-27,2.22900000,2.24900000,2.21200000,2.22600000,22197340.00000000
2021-09-27,2.22600000,2.23900000,2.18000000,2.19500000,30486576.20000000
2021-09-28,2.19400000,2.20500000,2.15600000,2.18600000,24221922.40000000
2021-09-28,2.18700000,2.20000000,2.12800000,2.13000000,26275287.20000000
2021-09-28,2.12900000,2.17000000,2.12200000,2.15300000,18693815.90000000
2021-09-28,2.15400000,2.17300000,2.10300000,2.11900000,23749358.60000000
2021-09-28,2.12000000,2.13900000,2.10800000,2.13200000,20416281.90000000
2021-09-28,2.13300000,2.14300000,2.06600000,2.07500000,33016711.50000000
2021-09-29,2.07400000,2.09500000,2.02900000,2.06300000,34720604.60000000
2021-09-29,2.06400000,2.09000000,2.03000000,2.03700000,21314997.70000000
2021-09-29,2.03700000,2.08100000,2.02200000,2.07700000,27633021.70000000
2021-09-29,2.07700000,2.12300000,2.07400000,2.12200000,19906197.00000000
2021-09-29,2.12200000,2.15000000,2.09100000,2.12800000,21414469.40000000
2021-09-29,2.12800000,2.13800000,2.05200000,2.05700000,26576898.30000000
2021-09-30,2.05700000,2.06900000,2.03100000,2.03600000,23542177.70000000
2021-09-30,2.03600000,2.06700000,2.02000000,2.06600000,17065677.10000000
2021-09-30,2.06600000,2.12500000,2.05100000,2.11900000,26481814.40000000
2021-09-30,2.11900000,2.13000000,2.07800000,2.08500000,17426841.40000000
2021-09-30,2.08600000,2.09400000,2.06000000,2.08000000,20097660.80000000
2021-09-30,2.08000000,2.11500000,2.07400000,2.09500000,21064642.20000000
2021-10-01,2.09500000,2.13700000,2.07300000,2.10300000,24732241.60000000
2021-10-01,2.10300000,2.12700000,2.08800000,2.11500000,15113740.50000000
2021-10-01,2.11500000,2.13500000,2.09200000,2.10000000,17966621.90000000
2021-10-01,2.10000000,2.14900000,2.09800000,2.14600000,23203155.60000000
2021-10-01,2.14600000,2.24300000,2.14600000,2.23700000,58663581.80000000
2021-10-01,2.23600000,2.24900000,2.18400000,2.21100000,36080353.30000000
2021-10-02,2.21100000,2.26800000,2.20800000,2.25700000,30672186.00000000
2021-10-02,2.25600000,2.27500000,2.21600000,2.25600000,30571675.30000000
2021-10-02,2.25500000,2.25600000,2.20100000,2.20400000,19779637.80000000
2021-10-02,2.20300000,2.22100000,2.19200000,2.21400000,13507218.80000000
2021-10-02,2.21500000,2.22700000,2.19700000,2.21900000,13933049.50000000
2021-10-02,2.21800000,2.29300000,2.21300000,2.29000000,37661415.00000000
2021-10-03,2.29100000,2.32200000,2.28000000,2.31100000,35622981.80000000
2021-10-03,2.31200000,2.31500000,2.23200000,2.24700000,26903701.60000000
2021-10-03,2.24700000,2.27900000,2.22100000,2.26400000,22897230.90000000
2021-10-03,2.26400000,2.28500000,2.25500000,2.27200000,14057938.80000000
2021-10-03,2.27200000,2.29000000,2.24200000,2.27500000,19788347.30000000
2021-10-03,2.27500000,2.29700000,2.25800000,2.26600000,20862701.00000000
2021-10-04,2.26600000,2.30900000,2.25600000,2.28400000,33778010.10000000
2021-10-04,2.28300000,2.28700000,2.22700000,2.25100000,25596381.70000000
2021-10-04,2.25100000,2.25300000,2.17100000,2.17200000,25619581.80000000
2021-10-04,2.17300000,2.20000000,2.15200000,2.19600000,22639724.30000000
2021-10-04,2.19700000,2.19800000,2.15500000,2.17300000,18016367.10000000
2021-10-04,2.17300000,2.22900000,2.15000000,2.18600000,37031132.60000000
2021-10-05,2.18700000,2.22000000,2.17900000,2.20400000,28445755.50000000
2021-10-05,2.20400000,2.20700000,2.17300000,2.19100000,17743563.30000000
2021-10-05,2.19100000,2.23100000,2.18100000,2.21800000,18987114.80000000
2021-10-05,2.21800000,2.22700000,2.19900000,2.21300000,13739445.10000000
2021-10-05,2.21400000,2.25000000,2.20700000,2.22400000,25349799.30000000
2021-10-05,2.22400000,2.23200000,2.17500000,2.18800000,29662842.20000000
2021-10-06,2.18700000,2.22800000,2.18100000,2.22500000,21080921.50000000
2021-10-06,2.22400000,2.25800000,2.22300000,2.23300000,23014253.10000000
2021-10-06,2.23200000,2.23600000,2.20000000,2.21000000,17204305.10000000
2021-10-06,2.21000000,2.21600000,2.17000000,2.18500000,23504616.40000000
2021-10-06,2.18500000,2.19100000,2.11100000,2.13300000,38449790.40000000
2021-10-06,2.13400000,2.24800000,2.13000000,2.23300000,65216094.60000000
2021-10-07,2.23300000,2.25100000,2.21900000,2.23800000,26543473.80000000
2021-10-07,2.23700000,2.24200000,2.20400000,2.20900000,21728329.20000000
2021-10-07,2.20900000,2.21600000,2.15000000,2.16300000,31548058.50000000
2021-10-07,2.16200000,2.25000000,2.15900000,2.24800000,28295467.10000000
2021-10-07,2.24900000,2.37500000,2.24000000,2.32300000,93205029.70000000
2021-10-07,2.32300000,2.33900000,2.25900000,2.28500000,51021766.90000000
2021-10-08,2.28500000,2.31400000,2.26200000,2.29200000,31701332.90000000
2021-10-08,2.29100000,2.31100000,2.25900000,2.27800000,18936843.30000000
2021-10-08,2.27800000,2.29700000,2.25500000,2.26800000,17768725.80000000
2021-10-08,2.26900000,2.29500000,2.25300000,2.29300000,19887093.00000000
2021-10-08,2.29300000,2.31300000,2.26400000,2.26800000,34366615.10000000
2021-10-08,2.26700000,2.28700000,2.25200000,2.28200000,28947633.90000000
2021-10-09,2.28200000,2.28300000,2.26100000,2.26800000,18063871.80000000
2021-10-09,2.26700000,2.26900000,2.21300000,2.23700000,19283451.80000000
2021-10-09,2.23800000,2.25400000,2.22000000,2.24900000,14144979.60000000
2021-10-09,2.24900000,2.27300000,2.23700000,2.26500000,16190866.70000000
2021-10-09,2.26600000,2.28600000,2.24900000,2.27200000,21063858.60000000
2021-10-09,2.27200000,2.28900000,2.26500000,2.27100000,21955198.80000000
2021-10-10,2.27000000,2.30000000,2.25600000,2.26700000,22490945.20000000
2021-10-10,2.26800000,2.27600000,2.25600000,2.26800000,12821464.40000000
2021-10-10,2.26900000,2.27100000,2.22300000,2.25800000,17659933.30000000
2021-10-10,2.25800000,2.27300000,2.24100000,2.26500000,14967064.20000000
2021-10-10,2.26600000,2.27700000,2.24100000,2.25200000,13834881.20000000
2021-10-10,2.25100000,2.25700000,2.23300000,2.24300000,13249365.30000000
2021-10-11,2.24300000,2.24400000,2.21600000,2.23400000,14574721.30000000
2021-10-11,2.23400000,2.25200000,2.16000000,2.18900000,36087507.80000000
2021-10-11,2.18900000,2.22700000,2.16800000,2.22600000,20505989.30000000
2021-10-11,2.22600000,2.24700000,2.20900000,2.23500000,16541686.70000000
2021-10-11,2.23500000,2.25000000,2.19800000,2.20800000,20372704.50000000
2021-10-11,2.20800000,2.22000000,2.19800000,2.20200000,18412558.40000000
2021-10-12,2.20200000,2.20400000,2.15300000,2.15500000,19959605.60000000
2021-10-12,2.15500000,2.17400000,2.10700000,2.17100000,29116407.60000000
2021-10-12,2.17100000,2.17300000,2.07400000,2.10300000,26181486.80000000
2021-10-12,2.10400000,2.13500000,2.09100000,2.11600000,16551528.00000000
2021-10-12,2.11600000,2.14300000,2.07100000,2.10700000,22513566.30000000
2021-10-12,2.10800000,2.15900000,2.07200000,2.13500000,43097551.50000000
2021-10-13,2.13500000,2.15500000,2.11900000,2.12300000,22470671.60000000
2021-10-13,2.12400000,2.14400000,2.10600000,2.11800000,19714726.00000000
2021-10-13,2.11700000,2.15200000,2.10800000,2.13300000,16530821.40000000
2021-10-13,2.13200000,2.14400000,2.07800000,2.08700000,26025509.90000000
2021-10-13,2.08700000,2.12400000,2.08500000,2.12300000,19217808.60000000
2021-10-13,2.12300000,2.12900000,2.10000000,2.11400000,17678439.80000000
2021-10-14,2.11500000,2.17400000,2.11300000,2.15500000,29368771.00000000
2021-10-14,2.15600000,2.20000000,2.14400000,2.19000000,24213684.70000000
2021-10-14,2.18900000,2.19800000,2.16900000,2.17400000,18811269.10000000
2021-10-14,2.17500000,2.19000000,2.16500000,2.16800000,12432613.50000000
2021-10-14,2.16900000,2.19400000,2.15600000,2.19200000,17711699.30000000
2021-10-14,2.19200000,2.22500000,2.17700000,2.20200000,28604235.50000000
2021-10-15,2.20200000,2.20800000,2.16900000,2.18300000,15428188.90000000
2021-10-15,2.18200000,2.18300000,2.15500000,2.17200000,16144231.10000000
2021-10-15,2.17200000,2.18400000,2.13800000,2.17500000,27144532.70000000
2021-10-15,2.17500000,2.21300000,2.16200000,2.19500000,27833061.50000000
2021-10-15,2.19600000,2.19900000,2.13600000,2.16100000,30314639.80000000
2021-10-15,2.16100000,2.24300000,2.14600000,2.22000000,53235953.20000000
2021-10-16,2.22100000,2.24100000,2.20700000,2.21900000,39875709.30000000
2021-10-16,2.21800000,2.24200000,2.20400000,2.21800000,27407110.30000000
2021-10-16,2.21700000,2.23700000,2.21100000,2.21300000,13665600.50000000
2021-10-16,2.21300000,2.22100000,2.20000000,2.20700000,13975470.00000000
2021-10-16,2.20700000,2.24900000,2.20200000,2.24300000,21670262.20000000
2021-10-16,2.24200000,2.25000000,2.19200000,2.20700000,27102089.40000000
2021-10-17,2.20700000,2.21000000,2.18000000,2.18100000,15390517.50000000
2021-10-17,2.18000000,2.18900000,2.16900000,2.17900000,11196393.30000000
2021-10-17,2.17800000,2.18500000,2.15100000,2.17900000,14693230.40000000
2021-10-17,2.17800000,2.18900000,2.16300000,2.16600000,14668467.30000000
2021-10-17,2.16600000,2.18900000,2.16600000,2.16800000,11338399.00000000
2021-10-17,2.16800000,2.17700000,2.14400000,2.15100000,15642229.40000000
2021-10-18,2.15100000,2.16600000,2.14000000,2.14800000,13374023.70000000
2021-10-18,2.14700000,2.16200000,2.08900000,2.15800000,40198062.30000000
2021-10-18,2.15800000,2.16300000,2.13300000,2.14300000,18084924.50000000
2021-10-18,2.14300000,2.17600000,2.13700000,2.14600000,13622461.40000000
2021-10-18,2.14600000,2.16000000,2.11900000,2.12700000,20391390.60000000
2021-10-18,2.12700000,2.14800000,2.10500000,2.13200000,21732379.80000000
2021-10-19,2.13200000,2.13500000,2.11000000,2.12600000,14609659.20000000
2021-10-19,2.12700000,2.14000000,2.12100000,2.12800000,8547947.30000000
2021-10-19,2.12700000,2.15700000,2.11900000,2.15400000,13266806.80000000
2021-10-19,2.15400000,2.15500000,2.12100000,2.13500000,17413075.50000000
2021-10-19,2.13500000,2.13900000,2.11800000,2.12700000,10896480.30000000
2021-10-19,2.12700000,2.14300000,2.10300000,2.11100000,22109304.70000000
2021-10-20,2.11000000,2.12500000,2.09800000,2.10000000,16324591.60000000
2021-10-20,2.10000000,2.11500000,2.09300000,2.11000000,14381516.70000000
2021-10-20,2.11000000,2.11300000,2.09200000,2.09300000,13871529.50000000
2021-10-20,2.09300000,2.10800000,2.09200000,2.10500000,9209849.70000000
2021-10-20,2.10600000,2.14900000,2.10100000,2.14300000,20025017.60000000
2021-10-20,2.14300000,2.20800000,2.14200000,2.19600000,51768874.70000000
2021-10-21,2.19500000,2.20400000,2.18000000,2.19200000,24571073.60000000
2021-10-21,2.19200000,2.19500000,2.16900000,2.19000000,16523393.70000000
2021-10-21,2.19000000,2.27100000,2.18000000,2.22600000,58858208.10000000
2021-10-21,2.22700000,2.27700000,2.21100000,2.25900000,31301767.30000000
2021-10-21,2.26000000,2.29800000,2.21000000,2.23000000,62602495.20000000
2021-10-21,2.23000000,2.26600000,2.13300000,2.17100000,72159850.80000000
2021-10-22,2.17000000,2.18000000,2.14600000,2.15800000,26862343.80000000
2021-10-22,2.15700000,2.16900000,2.13100000,2.13700000,14003001.90000000
2021-10-22,2.13600000,2.19000000,2.13400000,2.18400000,19143638.70000000
2021-10-22,2.18300000,2.21000000,2.17100000,2.19900000,20462761.20000000
2021-10-22,2.19900000,2.20900000,2.17400000,2.18900000,17844301.10000000
2021-10-22,2.19000000,2.19400000,2.13400000,2.14500000,37114883.20000000
2021-10-23,2.14500000,2.16800000,2.12500000,2.16200000,25046740.00000000
2021-10-23,2.16200000,2.16900000,2.14100000,2.15600000,11126397.20000000
2021-10-23,2.15700000,2.16200000,2.13900000,2.15800000,8831413.30000000
2021-10-23,2.15900000,2.17200000,2.14700000,2.16500000,12447720.60000000
2021-10-23,2.16500000,2.17500000,2.13100000,2.16200000,17825086.30000000
2021-10-23,2.16200000,2.16600000,2.14800000,2.16500000,12233927.90000000
2021-10-24,2.16500000,2.17000000,2.14200000,2.14500000,14150577.90000000
2021-10-24,2.14400000,2.16800000,2.14100000,2.16600000,8617744.80000000
2021-10-24,2.16700000,2.16900000,2.15100000,2.15600000,7639784.80000000
2021-10-24,2.15700000,2.15900000,2.14000000,2.14200000,9052515.00000000
2021-10-24,2.14200000,2.15000000,2.12000000,2.12100000,18523927.50000000
2021-10-24,2.12100000,2.13700000,2.10300000,2.10400000,28778511.70000000
2021-10-25,2.10400000,2.12400000,2.09300000,2.11800000,20389956.20000000
2021-10-25,2.11700000,2.12900000,2.11200000,2.12000000,12845900.20000000
2021-10-25,2.11900000,2.14300000,2.11400000,2.13600000,16717527.00000000
2021-10-25,2.13500000,2.16200000,2.13100000,2.15000000,14679982.20000000
2021-10-25,2.14900000,2.15800000,2.13500000,2.14300000,17972186.30000000
2021-10-25,2.14300000,2.17400000,2.13500000,2.17300000,22160507.60000000
2021-10-26,2.17300000,2.17800000,2.14700000,2.15000000,20589717.00000000
2021-10-26,2.15000000,2.15300000,2.14100000,2.14400000,13754117.80000000
2021-10-26,2.14500000,2.19700000,2.14100000,2.17900000,23581770.30000000
2021-10-26,2.17800000,2.20200000,2.16600000,2.18000000,23747699.50000000
2021-10-26,2.18000000,2.19400000,2.17000000,2.17300000,18273573.30000000
2021-10-26,2.17400000,2.17900000,2.14800000,2.16200000,29927595.50000000
2021-10-27,2.16300000,2.17700000,2.15000000,2.16700000,15649382.50000000
2021-10-27,2.16700000,2.19600000,2.12200000,2.13700000,31717843.40000000
2021-10-27,2.13800000,2.15400000,2.13100000,2.14400000,13397324.90000000
2021-10-27,2.14500000,2.15600000,2.09600000,2.09900000,36193198.90000000
2021-10-27,2.09900000,2.09900000,1.80400000,1.98000000,218474668.60000000
2021-10-27,1.98000000,2.01000000,1.95400000,1.96700000,48478884.90000000
2021-10-28,1.96600000,1.98900000,1.90400000,1.94200000,48991703.60000000
2021-10-28,1.94300000,1.96600000,1.90900000,1.91200000,32353251.20000000
2021-10-28,1.91200000,1.95400000,1.90500000,1.93300000,34107381.70000000
2021-10-28,1.93200000,1.96000000,1.90900000,1.94100000,47388468.70000000
2021-10-28,1.94200000,2.05800000,1.93900000,1.99900000,61863398.70000000
2021-10-28,1.99900000,2.03400000,1.99400000,2.01600000,29028148.20000000
2021-10-29,2.01500000,2.02600000,1.95000000,2.00700000,50625358.20000000
2021-10-29,2.00700000,2.02600000,1.98200000,1.98700000,30866958.00000000
2021-10-29,1.98700000,2.04800000,1.97900000,2.02000000,34943375.40000000
2021-10-29,2.02000000,2.02200000,1.98400000,1.99200000,22520521.90000000
2021-10-29,1.99200000,2.01100000,1.98600000,2.00100000,25206476.30000000
2021-10-29,2.00000000,2.03500000,1.98700000,2.02600000,33873550.80000000
2021-10-30,2.02600000,2.03500000,2.00000000,2.01200000,24917431.40000000
2021-10-30,2.01200000,2.02000000,2.00600000,2.01500000,13300337.10000000
2021-10-30,2.01600000,2.01900000,1.98500000,1.99100000,13865116.40000000
2021-10-30,1.99000000,2.00700000,1.98200000,1.99900000,17968588.00000000
2021-10-30,2.00000000,2.00000000,1.98000000,1.99300000,12519835.40000000
2021-10-30,1.99300000,1.99400000,1.93500000,1.97000000,33191892.90000000
2021-10-31,1.97000000,1.98100000,1.95700000,1.97800000,18903734.30000000
2021-10-31,1.97800000,1.98300000,1.92400000,1.95500000,26546018.80000000
2021-10-31,1.95700000,2.02900000,1.94200000,1.99100000,38501181.30000000
2021-10-31,1.99000000,1.99500000,1.96600000,1.97800000,18963841.10000000
2021-10-31,1.97900000,1.98000000,1.93300000,1.93700000,21415521.40000000
2021-10-31,1.93800000,1.95400000,1.91800000,1.94600000,29683788.50000000
2021-11-01,1.94500000,1.96200000,1.93400000,1.94800000,17739695.50000000
2021-11-01,1.94800000,1.98900000,1.94200000,1.96400000,20109133.70000000
2021-11-01,1.96500000,1.97600000,1.92000000,1.92600000,25993180.00000000
2021-11-01,1.92600000,1.97800000,1.91100000,1.97800000,22619334.20000000
2021-11-01,1.97800000,2.01900000,1.97100000,1.97400000,36117725.90000000
2021-11-01,1.97500000,1.98500000,1.95500000,1.96800000,23211990.70000000
2021-11-02,1.96800000,1.97100000,1.93300000,1.95100000,20023740.50000000
2021-11-02,1.95200000,1.95400000,1.93100000,1.94900000,16095164.10000000
2021-11-02,1.94900000,1.95400000,1.93300000,1.94700000,14993686.20000000
2021-11-02,1.94600000,1.96700000,1.94300000,1.95200000,14078759.30000000
2021-11-02,1.95200000,1.98700000,1.94700000,1.96400000,25819404.90000000
2021-11-02,1.96500000,1.99600000,1.96100000,1.99100000,29970143.60000000
2021-11-03,1.99100000,1.99500000,1.97200000,1.98000000,22658371.90000000
2021-11-03,1.98000000,1.98000000,1.95400000,1.97100000,16742838.10000000
2021-11-03,1.97100000,1.97200000,1.95000000,1.95900000,17473516.20000000
2021-11-03,1.95900000,2.08800000,1.95500000,2.07800000,95119574.50000000
2021-11-03,2.07800000,2.14400000,2.07500000,2.11500000,92049573.40000000
2021-11-03,2.11600000,2.12800000,2.02200000,2.06800000,70314278.80000000
2021-11-04,2.06800000,2.10000000,2.03500000,2.06200000,36211790.60000000
2021-11-04,2.06300000,2.09900000,2.05300000,2.06300000,24393250.20000000
2021-11-04,2.06300000,2.10300000,2.02500000,2.04100000,34923025.50000000
2021-11-04,2.04100000,2.05700000,2.00200000,2.00700000,22244523.90000000
2021-11-04,2.00700000,2.03800000,2.00300000,2.01700000,26412115.00000000
2021-11-04,2.01600000,2.02700000,1.93300000,1.97400000,48672827.20000000
2021-11-05,1.97400000,1.99100000,1.95000000,1.98200000,28943408.30000000
2021-11-05,1.98300000,1.99200000,1.97400000,1.98300000,13353200.50000000
2021-11-05,1.98300000,2.00200000,1.96100000,2.00100000,15051322.70000000
2021-11-05,2.00000000,2.01700000,1.99400000,2.00800000,18123867.80000000
2021-11-05,2.00800000,2.01100000,1.97600000,1.97700000,23590023.10000000
2021-11-05,1.97700000,2.00900000,1.95900000,1.97000000,23165665.30000000
2021-11-06,1.97000000,1.99600000,1.96900000,1.97900000,16673716.90000000
2021-11-06,1.97900000,1.98300000,1.96100000,1.98200000,11576267.90000000
2021-11-06,1.98200000,2.03200000,1.97200000,2.02300000,18671571.90000000
2021-11-06,2.02400000,2.04000000,1.98300000,1.99700000,20201755.30000000
2021-11-06,1.99800000,2.00600000,1.94300000,1.96300000,23161504.30000000
2021-11-06,1.96200000,1.97500000,1.94200000,1.97100000,17668505.00000000
2021-11-07,1.97100000,1.99700000,1.96300000,1.99600000,13958718.50000000
2021-11-07,1.99600000,2.00500000,1.98500000,2.00500000,11818599.30000000
2021-11-07,2.00400000,2.00500000,1.98500000,1.99000000,11595162.10000000
2021-11-07,1.98900000,1.99300000,1.97900000,1.98300000,8349999.60000000
2021-11-07,1.98200000,2.00000000,1.97400000,1.99300000,13269509.70000000
2021-11-07,1.99300000,2.03500000,1.98700000,2.03300000,20032419.50000000
2021-11-08,2.03300000,2.03500000,2.00300000,2.00700000,18850211.00000000
2021-11-08,2.00800000,2.02400000,2.00100000,2.02100000,10539800.80000000
2021-11-08,2.02000000,2.06200000,2.00800000,2.03700000,25759520.10000000
2021-11-08,2.03800000,2.05500000,2.03300000,2.03800000,18311945.90000000
2021-11-08,2.03800000,2.04600000,2.02000000,2.04600000,22011490.80000000
2021-11-08,2.04600000,2.04600000,2.02000000,2.04200000,17305387.70000000
2021-11-09,2.04200000,2.14000000,2.03400000,2.09500000,77521849.10000000
2021-11-09,2.09400000,2.13800000,2.08400000,2.12500000,29064277.50000000
2021-11-09,2.12600000,2.16600000,2.10500000,2.14400000,56096712.20000000
2021-11-09,2.14500000,2.24900000,2.14400000,2.23400000,80441629.80000000
2021-11-09,2.23500000,2.34100000,2.23300000,2.29100000,138304793.60000000
2021-11-09,2.29200000,2.37800000,2.25600000,2.28400000,138759754.30000000
2021-11-10,2.28500000,2.32700000,2.21900000,2.30800000,120292482.70000000
2021-11-10,2.30700000,2.31600000,2.26600000,2.27000000,47179171.60000000
2021-11-10,2.26900000,2.33100000,2.19800000,2.20600000,77090037.00000000
2021-11-10,2.20500000,2.24800000,2.19100000,2.22700000,42786255.80000000
2021-11-10,2.22600000,2.24500000,2.20800000,2.23000000,33019128.30000000
2021-11-10,2.23100000,2.28800000,2.19400000,2.25000000,70089341.90000000
2021-11-11,2.25000000,2.28800000,2.16200000,2.17100000,45506467.20000000
2021-11-11,2.17100000,2.19200000,1.93200000,2.09700000,211349357.40000000
2021-11-11,2.09700000,2.11500000,2.05800000,2.10400000,34049463.80000000
2021-11-11,2.10300000,2.15000000,2.07700000,2.14100000,26105084.90000000
2021-11-11,2.14100000,2.15300000,2.10600000,2.12600000,30148725.30000000
2021-11-11,2.12700000,2.13200000,2.07300000,2.08000000,31518155.50000000
2021-11-12,2.08000000,2.10500000,2.07500000,2.09000000,13465943.10000000
2021-11-12,2.09100000,2.10600000,2.07600000,2.07900000,15881591.00000000
2021-11-12,2.07900000,2.09900000,2.03800000,2.08000000,27073074.30000000
2021-11-12,2.08000000,2.09400000,2.04400000,2.05400000,21231142.80000000
2021-11-12,2.05500000,2.07200000,2.00400000,2.01300000,39741687.50000000
2021-11-12,2.01300000,2.04800000,2.00000000,2.01300000,27672046.10000000
2021-11-13,2.01300000,2.05700000,1.99100000,2.04100000,27808946.00000000
2021-11-13,2.04000000,2.08000000,2.04000000,2.04500000,16725282.10000000
2021-11-13,2.04600000,2.06900000,2.03100000,2.04500000,11402972.10000000
2021-11-13,2.04500000,2.08000000,2.03700000,2.07800000,11256624.10000000
2021-11-13,2.07800000,2.07900000,2.03300000,2.03900000,18068205.10000000
2021-11-13,2.03800000,2.07100000,2.02100000,2.06000000,22333797.70000000
2021-11-14,2.06000000,2.07000000,2.04100000,2.04400000,11689297.70000000
2021-11-14,2.04300000,2.05700000,2.04200000,2.05000000,7760568.80000000
2021-11-14,2.05000000,2.07000000,2.04600000,2.05000000,8505283.70000000
2021-11-14,2.05000000,2.05400000,2.03200000,2.03600000,9745342.20000000
2021-11-14,2.03700000,2.04800000,2.02500000,2.04500000,10478564.20000000
2021-11-14,2.04500000,2.05100000,2.02600000,2.02900000,9982429.40000000
2021-11-15,2.02900000,2.03400000,2.00900000,2.02600000,11439772.40000000
2021-11-15,2.02700000,2.04300000,2.02400000,2.04000000,9708216.70000000
2021-11-15,2.04000000,2.06500000,2.03900000,2.05000000,15917916.20000000
2021-11-15,2.05000000,2.06000000,2.04900000,2.05500000,9170269.10000000
2021-11-15,2.05500000,2.09500000,2.04200000,2.07600000,20982876.10000000
2021-11-15,2.07500000,2.07700000,2.03100000,2.03500000,22508121.10000000
2021-11-16,2.03500000,2.04000000,2.01700000,2.03700000,14976468.40000000
2021-11-16,2.03600000,2.03700000,2.01100000,2.01700000,9523927.00000000
2021-11-16,2.01800000,2.01800000,1.91300000,1.92900000,60683831.20000000
2021-11-16,1.92900000,1.95600000,1.90600000,1.94600000,28959155.40000000
2021-11-16,1.94600000,1.97000000,1.75900000,1.90000000,95941543.82000000
2021-11-16,1.90000000,1.95300000,1.86500000,1.91500000,33076165.60000000
2021-11-17,1.91600000,1.93600000,1.88500000,1.90700000,22054060.90000000
2021-11-17,1.90800000,1.91000000,1.84600000,1.87400000,28226672.30000000
2021-11-17,1.87400000,1.89300000,1.81300000,1.82600000,39079520.30000000
2021-11-17,1.82700000,1.86500000,1.80800000,1.84900000,42530252.90000000
2021-11-17,1.84800000,1.88800000,1.79500000,1.88200000,60035770.70000000
2021-11-17,1.88300000,1.88900000,1.83600000,1.85900000,26622469.80000000
2021-11-18,1.85900000,1.88400000,1.84600000,1.86400000,23518325.50000000
2021-11-18,1.86500000,1.87800000,1.84800000,1.87600000,16198832.80000000
2021-11-18,1.87700000,1.90700000,1.86600000,1.88100000,21776684.20000000
2021-11-18,1.88200000,1.89000000,1.84000000,1.85000000,27988021.20000000
2021-11-18,1.84900000,1.85500000,1.81800000,1.82200000,26049797.90000000
2021-11-18,1.82200000,1.83900000,1.76800000,1.78900000,48168491.50000000
2021-11-19,1.78900000,1.82200000,1.70100000,1.81900000,69119791.07000000
2021-11-19,1.82000000,1.83300000,1.76900000,1.78600000,28657120.10000000
2021-11-19,1.78600000,1.81200000,1.75400000,1.77100000,32427849.40000000
2021-11-19,1.77100000,1.81400000,1.76700000,1.79000000,20662181.80000000
2021-11-19,1.78900000,1.83200000,1.78900000,1.81700000,23601392.00000000
2021-11-19,1.81600000,1.87600000,1.81400000,1.86700000,35733547.40000000
2021-11-20,1.86600000,1.89400000,1.85800000,1.87000000,19929149.10000000
2021-11-20,1.87100000,1.87600000,1.85200000,1.86300000,12495356.90000000
2021-11-20,1.86200000,1.89900000,1.86200000,1.86900000,14707218.40000000
2021-11-20,1.86900000,1.87900000,1.86000000,1.86100000,11288349.60000000
2021-11-20,1.86100000,1.93000000,1.86000000,1.92400000,19006310.40000000
2021-11-20,1.92400000,1.95600000,1.86200000,1.87000000,46400851.60000000
2021-11-21,1.87000000,1.92100000,1.86200000,1.90400000,24505251.00000000
2021-11-21,1.90400000,1.92800000,1.90100000,1.92200000,12275427.00000000
2021-11-21,1.92100000,1.92400000,1.87500000,1.87800000,13650729.60000000
2021-11-21,1.87800000,1.88900000,1.87400000,1.87600000,9622644.10000000
2021-11-21,1.87600000,1.88300000,1.86000000,1.86800000,16930252.50000000
2021-11-21,1.86700000,1.88100000,1.85400000,1.87700000,14753035.50000000
2021-11-22,1.87700000,1.88400000,1.86000000,1.86100000,15183191.10000000
2021-11-22,1.86100000,1.87800000,1.83200000,1.83500000,17315632.50000000
2021-11-22,1.83500000,1.83900000,1.77700000,1.79400000,32466093.50000000
2021-11-22,1.79400000,1.80600000,1.77300000,1.79800000,17116277.10000000
2021-11-22,1.79700000,1.82300000,1.79700000,1.80400000,14009399.00000000
2021-11-22,1.80400000,1.83600000,1.77900000,1.80300000,32843939.10000000
2021-11-23,1.80400000,1.80700000,1.75700000,1.76200000,27212228.50000000
2021-11-23,1.76300000,1.78500000,1.75700000,1.77600000,20637776.80000000
2021-11-23,1.77600000,1.80400000,1.76600000,1.80400000,13882890.40000000
2021-11-23,1.80400000,1.81600000,1.77400000,1.77600000,18370334.10000000
2021-11-23,1.77700000,1.80600000,1.75400000,1.76900000,33394468.50000000
2021-11-23,1.76900000,1.80200000,1.76300000,1.78200000,22483762.60000000
2021-11-24,1.78100000,1.79500000,1.77000000,1.78400000,22657766.40000000
2021-11-24,1.78400000,1.78400000,1.73800000,1.75100000,33985085.80000000
2021-11-24,1.75100000,1.75400000,1.67100000,1.67400000,44240873.89000000
2021-11-24,1.67500000,1.69800000,1.66900000,1.68600000,37650049.57000000
2021-11-24,1.68700000,1.70800000,1.67100000,1.68000000,35481475.60000000
2021-11-24,1.68000000,1.68200000,1.58600000,1.67000000,95211217.50000000
2021-11-25,1.67000000,1.67600000,1.60100000,1.62300000,47388551.70000000
2021-11-25,1.62200000,1.67500000,1.61300000,1.66600000,30174390.80000000
2021-11-25,1.66500000,1.69800000,1.65100000,1.69400000,28900181.60000000
2021-11-25,1.69300000,1.70000000,1.64100000,1.64100000,26439054.30000000
2021-11-25,1.64200000,1.68500000,1.61900000,1.66300000,56526498.80000000
2021-11-25,1.66300000,1.74600000,1.66000000,1.72600000,55043555.00000000
2021-11-26,1.72600000,1.74900000,1.68900000,1.70100000,29639436.70000000
2021-11-26,1.70100000,1.71200000,1.66700000,1.67500000,19488436.70000000
2021-11-26,1.67600000,1.68500000,1.64100000,1.64400000,29061178.60000000
2021-11-26,1.64400000,1.65100000,1.60100000,1.62100000,33356682.00000000
2021-11-26,1.62100000,1.62100000,1.49500000,1.50700000,171377303.97000000
2021-11-26,1.50700000,1.59000000,1.49800000,1.55400000,51328384.20000000
2021-11-27,1.55400000,1.57900000,1.53400000,1.57200000,28588377.80000000
2021-11-27,1.57100000,1.58200000,1.52500000,1.53300000,23717470.50000000
2021-11-27,1.53200000,1.57400000,1.53100000,1.55700000,20307964.60000000
2021-11-27,1.55700000,1.56600000,1.53500000,1.54300000,13511601.30000000
2021-11-27,1.54300000,1.57200000,1.54300000,1.55300000,20181594.20000000
2021-11-27,1.55400000,1.58000000,1.54800000,1.56900000,16667732.40000000
2021-11-28,1.57000000,1.58500000,1.56100000,1.56400000,18290799.20000000
2021-11-28,1.56500000,1.57100000,1.53200000,1.54300000,18796826.30000000
2021-11-28,1.54300000,1.54400000,1.48400000,1.49500000,35456605.70000000
2021-11-28,1.49500000,1.51700000,1.47600000,1.51500000,21435635.59000000
2021-11-28,1.51400000,1.53300000,1.48500000,1.51300000,25233162.40000000
2021-11-28,1.51300000,1.51900000,1.48800000,1.50000000,22202974.60000000
2021-11-29,1.50000000,1.50300000,1.41600000,1.48200000,65529464.93000000
2021-11-29,1.48200000,1.60000000,1.48200000,1.59400000,58152976.00000000
2021-11-29,1.59500000,1.61300000,1.58400000,1.59000000,29997541.40000000
2021-11-29,1.59100000,1.60000000,1.58100000,1.58900000,16552902.20000000
2021-11-29,1.58800000,1.59400000,1.55700000,1.56300000,22674352.10000000
2021-11-29,1.56300000,1.59600000,1.55700000,1.56700000,24398054.20000000
2021-11-30,1.56600000,1.63600000,1.56600000,1.59100000,43113678.50000000
2021-11-30,1.59200000,1.61900000,1.58800000,1.60100000,17111956.30000000
2021-11-30,1.60200000,1.62900000,1.56700000,1.58000000,27374245.10000000
2021-11-30,1.58000000,1.59000000,1.54400000,1.56100000,27425367.90000000
2021-11-30,1.56100000,1.59000000,1.55000000,1.58800000,30009458.20000000
2021-11-30,1.58900000,1.62400000,1.58500000,1.58600000,43149930.70000000
2021-12-01,1.58600000,1.59500000,1.55200000,1.57200000,38787968.00000000
2021-12-01,1.57200000,1.57700000,1.55000000,1.55400000,18924991.70000000
2021-12-01,1.55300000,1.58800000,1.53900000,1.58500000,31078771.30000000
2021-12-01,1.58500000,1.60700000,1.56300000,1.60100000,21314994.80000000
2021-12-01,1.60100000,1.60900000,1.57900000,1.59200000,24233040.40000000
2021-12-01,1.59200000,1.61400000,1.58000000,1.60100000,24579134.90000000
2021-12-02,1.60100000,1.62200000,1.56700000,1.57800000,28210959.60000000
2021-12-02,1.57800000,1.57800000,1.53100000,1.54800000,28041592.80000000
2021-12-02,1.54700000,1.55600000,1.51700000,1.53500000,29246610.20000000
2021-12-02,1.53500000,1.54800000,1.52900000,1.54500000,14003719.40000000
2021-12-02,1.54600000,1.67100000,1.54300000,1.66300000,55702340.00000000
2021-12-02,1.66300000,1.74500000,1.66300000,1.70000000,205380486.60000000
2021-12-03,1.70000000,1.76000000,1.68700000,1.72700000,102188647.40000000
2021-12-03,1.72800000,1.73700000,1.70200000,1.71900000,34860233.40000000
2021-12-03,1.72000000,1.72900000,1.65900000,1.67800000,36600296.30000000
2021-12-03,1.67800000,1.69700000,1.64300000,1.65400000,32994834.00000000
2021-12-03,1.65500000,1.67800000,1.64900000,1.66200000,25377124.20000000
2021-12-03,1.66200000,1.67100000,1.60700000,1.61500000,44315288.70000000
2021-12-04,1.61500000,1.61500000,1.56000000,1.56200000,56607186.40000000
2021-12-04,1.56300000,1.59300000,1.50900000,1.55600000,80361245.00000000
2021-12-04,1.55700000,1.55800000,1.47700000,1.47800000,51611268.80000000
2021-12-04,1.47800000,1.51700000,1.18800000,1.34800000,344856254.54000000
2021-12-04,1.34700000,1.39200000,1.31200000,1.32800000,99544526.20000000
2021-12-04,1.32800000,1.41400000,1.32800000,1.39700000,54780510.50000000
2021-12-05,1.39700000,1.44200000,1.38400000,1.43400000,32184191.00000000
2021-12-05,1.43500000,1.44600000,1.40100000,1.42000000,29981167.50000000
2021-12-05,1.41900000,1.43500000,1.37100000,1.40100000,45189513.50000000
2021-12-05,1.40100000,1.41200000,1.37700000,1.38300000,22704847.40000000
2021-12-05,1.38300000,1.39600000,1.36100000,1.38100000,30656163.50000000
2021-12-05,1.38200000,1.40200000,1.28400000,1.31700000,78887066.90000000
2021-12-06,1.31600000,1.35400000,1.30600000,1.33200000,50114501.10000000
2021-12-06,1.33200000,1.39700000,1.31900000,1.37800000,43066702.30000000
2021-12-06,1.37800000,1.38200000,1.32400000,1.36100000,55802592.40000000
2021-12-06,1.36000000,1.37500000,1.28800000,1.31100000,35240051.80000000
2021-12-06,1.31200000,1.34800000,1.25500000,1.30300000,102090524.70000000
2021-12-06,1.30400000,1.33500000,1.28500000,1.33300000,57392360.20000000
2021-12-07,1.33400000,1.35400000,1.32200000,1.35000000,33248860.90000000
2021-12-07,1.35000000,1.44200000,1.35000000,1.42000000,54536238.70000000
2021-12-07,1.42000000,1.47600000,1.41800000,1.44400000,47938434.50000000
2021-12-07,1.44400000,1.46600000,1.43300000,1.44000000,25922350.20000000
2021-12-07,1.43900000,1.47900000,1.43500000,1.44900000,39740156.30000000
2021-12-07,1.44900000,1.45500000,1.40700000,1.43200000,49183893.10000000
2021-12-08,1.43300000,1.43500000,1.39000000,1.40500000,36270924.90000000
2021-12-08,1.40500000,1.40900000,1.36500000,1.37800000,30458606.20000000
2021-12-08,1.37800000,1.38800000,1.34800000,1.35200000,31812138.50000000
2021-12-08,1.35100000,1.39300000,1.35000000,1.38800000,30388452.50000000
2021-12-08,1.38700000,1.40300000,1.33700000,1.36300000,38822964.20000000
2021-12-08,1.36300000,1.42300000,1.34900000,1.40200000,40059385.30000000
2021-12-09,1.40300000,1.41800000,1.37800000,1.39900000,25805360.80000000
2021-12-09,1.39800000,1.40900000,1.37600000,1.39600000,20706176.90000000
2021-12-09,1.39600000,1.40900000,1.36200000,1.36800000,24852211.70000000
2021-12-09,1.36700000,1.38900000,1.35800000,1.38300000,16574854.60000000
2021-12-09,1.38300000,1.38300000,1.34200000,1.35400000,35132774.40000000
2021-12-09,1.35500000,1.37300000,1.31500000,1.33200000,39046663.40000000
2021-12-10,1.33100000,1.34600000,1.29600000,1.30300000,35129468.10000000
2021-12-10,1.30300000,1.32300000,1.28700000,1.28900000,23832086.60000000
2021-12-10,1.28800000,1.32200000,1.28700000,1.30200000,22978176.00000000
2021-12-10,1.30300000,1.31200000,1.27100000,1.27800000,25538510.80000000
2021-12-10,1.27800000,1.31300000,1.27200000,1.31100000,22516632.70000000
2021-12-10,1.31200000,1.33400000,1.27200000,1.27800000,51281460.60000000
2021-12-11,1.27900000,1.27900000,1.25100000,1.26500000,33749999.30000000
2021-12-11,1.26500000,1.27500000,1.20700000,1.21100000,36904053.70000000
2021-12-11,1.21100000,1.24600000,1.19200000,1.23700000,49627189.40000000
2021-12-11,1.23700000,1.25700000,1.23400000,1.23900000,21697123.10000000
2021-12-11,1.23800000,1.29800000,1.23500000,1.27800000,24585298.70000000
2021-12-11,1.27900000,1.30800000,1.27000000,1.30600000,18184812.00000000
2021-12-12,1.30600000,1.31600000,1.28200000,1.28700000,21345557.80000000
2021-12-12,1.28800000,1.36200000,1.27900000,1.35400000,43678133.10000000
2021-12-12,1.35400000,1.41500000,1.35300000,1.39100000,35896078.90000000
2021-12-12,1.39000000,1.39200000,1.33600000,1.34900000,33082396.10000000
2021-12-12,1.34900000,1.35100000,1.31900000,1.34000000,23686965.20000000
2021-12-12,1.34000000,1.35900000,1.32600000,1.33000000,19536182.10000000
2021-12-13,1.33000000,1.38700000,1.32500000,1.36400000,24260261.10000000
2021-12-13,1.36400000,1.37100000,1.34400000,1.34600000,13001793.70000000
2021-12-13,1.34500000,1.35700000,1.29600000,1.30800000,24504988.90000000
2021-12-13,1.30900000,1.32600000,1.29600000,1.30200000,15498303.00000000
2021-12-13,1.30300000,1.32300000,1.28900000,1.31200000,21050812.00000000
2021-12-13,1.31100000,1.32000000,1.23100000,1.24200000,39651817.90000000
2021-12-14,1.24200000,1.26300000,1.20000000,1.22100000,51481579.80000000
2021-12-14,1.22100000,1.24600000,1.20400000,1.22300000,32200816.80000000
2021-12-14,1.22300000,1.24400000,1.21000000,1.21800000,29969235.00000000
2021-12-14,1.21800000,1.23600000,1.19800000,1.23200000,26618971.00000000
2021-12-14,1.23300000,1.26200000,1.22100000,1.25700000,30433812.90000000
2021-12-14,1.25700000,1.26500000,1.21800000,1.23100000,36421804.20000000
2021-12-15,1.23000000,1.24900000,1.21200000,1.24200000,24981119.90000000
2021-12-15,1.24200000,1.28400000,1.23900000,1.26600000,27051375.00000000
2021-12-15,1.26700000,1.27400000,1.24200000,1.25400000,17129577.30000000
2021-12-15,1.25300000,1.26500000,1.24000000,1.26200000,19720007.90000000
2021-12-15,1.26100000,1.27400000,1.25000000,1.25000000,16136981.20000000
2021-12-15,1.25000000,1.25500000,1.20500000,1.20700000,27266555.80000000
2021-12-16,1.20700000,1.29800000,1.20400000,1.29200000,49244832.20000000
2021-12-16,1.29300000,1.33100000,1.29100000,1.31100000,40749541.90000000
2021-12-16,1.31100000,1.31800000,1.29400000,1.29700000,16554785.90000000
2021-12-16,1.29700000,1.31400000,1.28300000,1.29700000,19880460.60000000
2021-12-16,1.29800000,1.33100000,1.29600000,1.32200000,16022832.30000000
2021-12-16,1.32300000,1.32700000,1.29400000,1.30400000,21331918.10000000
2021-12-17,1.30400000,1.30600000,1.25500000,1.26100000,21815583.60000000
2021-12-17,1.26000000,1.27600000,1.23600000,1.24000000,22057304.80000000
2021-12-17,1.24000000,1.25600000,1.23400000,1.25100000,15430657.30000000
2021-12-17,1.25100000,1.25900000,1.23300000,1.24900000,13775930.10000000
2021-12-17,1.24800000,1.25500000,1.22800000,1.23400000,17307114.60000000
2021-12-17,1.23400000,1.24200000,1.18200000,1.22600000,49663142.30000000
2021-12-18,1.22700000,1.25900000,1.22100000,1.22400000,23349704.40000000
2021-12-18,1.22400000,1.23900000,1.20500000,1.21800000,18565677.40000000
2021-12-18,1.21800000,1.23100000,1.20000000,1.22300000,20327808.90000000
2021-12-18,1.22400000,1.24700000,1.21800000,1.23500000,12814149.20000000
2021-12-18,1.23400000,1.26700000,1.23300000,1.25300000,17013697.50000000
2021-12-18,1.25200000,1.26000000,1.23900000,1.24700000,12768182.20000000
2021-12-19,1.24800000,1.24900000,1.23000000,1.24300000,9522268.80000000
2021-12-19,1.24300000,1.25300000,1.23800000,1.24200000,8764987.50000000
2021-12-19,1.24200000,1.30800000,1.24100000,1.29800000,35721111.40000000
2021-12-19,1.29800000,1.31200000,1.28000000,1.28200000,18124255.70000000
2021-12-19,1.28200000,1.28500000,1.26000000,1.27700000,17480597.00000000
2021-12-19,1.27700000,1.30100000,1.26800000,1.27700000,22069429.90000000
2021-12-20,1.27700000,1.28700000,1.24400000,1.24600000,17113345.10000000
2021-12-20,1.24600000,1.26400000,1.24000000,1.24300000,13565944.40000000
2021-12-20,1.24400000,1.25700000,1.22600000,1.23500000,20555734.20000000
2021-12-20,1.23500000,1.24900000,1.22000000,1.22900000,18302504.90000000
2021-12-20,1.23000000,1.23300000,1.20700000,1.22100000,20376016.00000000
2021-12-20,1.22100000,1.22800000,1.20100000,1.21000000,24159400.60000000
2021-12-21,1.21000000,1.24300000,1.20800000,1.24000000,18410958.40000000
2021-12-21,1.24100000,1.26100000,1.23000000,1.23700000,21302353.60000000
2021-12-21,1.23800000,1.26400000,1.22700000,1.25500000,13677126.40000000
2021-12-21,1.25600000,1.27000000,1.25200000,1.25800000,18798441.30000000
2021-12-21,1.25900000,1.27400000,1.25300000,1.25900000,21177232.20000000
2021-12-21,1.26000000,1.27700000,1.24500000,1.25700000,34570691.70000000
2021-12-22,1.25700000,1.26700000,1.24700000,1.25600000,14551968.10000000
2021-12-22,1.25600000,1.28900000,1.25400000,1.28000000,20173588.50000000
2021-12-22,1.27900000,1.30100000,1.27600000,1.29900000,16438858.00000000
2021-12-22,1.29900000,1.30900000,1.28900000,1.29700000,15482752.00000000
2021-12-22,1.29700000,1.36900000,1.29400000,1.35500000,40807334.80000000
2021-12-22,1.35500000,1.36700000,1.32200000,1.34500000,44803916.00000000
2021-12-23,1.34400000,1.35300000,1.31800000,1.34400000,28399403.60000000
2021-12-23,1.34300000,1.35100000,1.32300000,1.32700000,15242433.70000000
2021-12-23,1.32700000,1.35100000,1.30700000,1.34000000,26857250.80000000
2021-12-23,1.34100000,1.35600000,1.32100000,1.32600000,21765018.00000000
2021-12-23,1.32700000,1.37400000,1.32500000,1.34900000,22960924.80000000
2021-12-23,1.34900000,1.38700000,1.33400000,1.37700000,42100548.10000000
2021-12-24,1.37600000,1.47000000,1.37200000,1.46500000,63587999.60000000
2021-12-24,1.46400000,1.49000000,1.44000000,1.47500000,39523918.50000000
2021-12-24,1.47500000,1.49100000,1.45200000,1.45900000,19457171.00000000
2021-12-24,1.45800000,1.46200000,1.42600000,1.44300000,14904741.40000000
2021-12-24,1.44400000,1.47400000,1.44000000,1.45300000,20320642.10000000
2021-12-24,1.45200000,1.47200000,1.40100000,1.44400000,32780265.20000000
2021-12-25,1.44300000,1.45500000,1.40700000,1.40800000,21078493.40000000
2021-12-25,1.40900000,1.42400000,1.38100000,1.39200000,17819275.20000000
2021-12-25,1.39300000,1.41800000,1.38100000,1.40100000,13985836.10000000
2021-12-25,1.40100000,1.43500000,1.39600000,1.42100000,14569425.70000000
2021-12-25,1.42000000,1.43900000,1.41300000,1.42900000,13276819.70000000
2021-12-25,1.42900000,1.45100000,1.42900000,1.44600000,15141931.80000000
2021-12-26,1.44600000,1.45400000,1.42100000,1.43800000,17608468.00000000
2021-12-26,1.43900000,1.46000000,1.43400000,1.45200000,13005392.60000000
2021-12-26,1.45300000,1.46700000,1.40700000,1.41100000,19788133.30000000
2021-12-26,1.41000000,1.42800000,1.40800000,1.42500000,13081126.70000000
2021-12-26,1.42400000,1.45400000,1.41900000,1.43500000,18936394.60000000
2021-12-26,1.43400000,1.44400000,1.42100000,1.44000000,15713345.00000000
2021-12-27,1.44100000,1.46600000,1.43000000,1.46100000,20372720.20000000
2021-12-27,1.46000000,1.46500000,1.43700000,1.45500000,15877530.10000000
2021-12-27,1.45500000,1.46600000,1.45000000,1.46100000,11815684.00000000
2021-12-27,1.46100000,1.50000000,1.45600000,1.49900000,20492711.40000000
2021-12-27,1.49900000,1.59400000,1.49800000,1.58100000,71570284.40000000
2021-12-27,1.58000000,1.58100000,1.55200000,1.56100000,37062267.60000000
2021-12-28,1.56100000,1.56600000,1.54700000,1.54700000,20926681.10000000
2021-12-28,1.54700000,1.55400000,1.51000000,1.51600000,19297637.30000000
2021-12-28,1.51600000,1.51600000,1.46500000,1.48600000,38948883.70000000
2021-12-28,1.48500000,1.48600000,1.43200000,1.46400000,34689788.50000000
2021-12-28,1.46400000,1.51500000,1.45200000,1.51000000,30247710.10000000
2021-12-28,1.51000000,1.54000000,1.46500000,1.48500000,45690083.40000000
2021-12-29,1.48500000,1.48900000,1.37600000,1.40600000,58031112.40000000
2021-12-29,1.40600000,1.42900000,1.38700000,1.40000000,25851189.30000000
2021-12-29,1.40000000,1.43000000,1.38900000,1.42000000,17007127.10000000
2021-12-29,1.41900000,1.43800000,1.39700000,1.40600000,17251534.20000000
2021-12-29,1.40600000,1.42000000,1.39100000,1.41200000,16494466.80000000
2021-12-29,1.41200000,1.41400000,1.33300000,1.39800000,47126140.90000000
2021-12-30,1.39900000,1.40100000,1.35300000,1.36200000,24503486.10000000
2021-12-30,1.36200000,1.37800000,1.32300000,1.33200000,29022053.20000000
2021-12-30,1.33300000,1.33500000,1.29700000,1.30600000,31838026.60000000
2021-12-30,1.30600000,1.34800000,1.30300000,1.34500000,20222155.50000000
2021-12-30,1.34400000,1.36300000,1.32400000,1.36100000,19850931.80000000
2021-12-30,1.36200000,1.37800000,1.34000000,1.35100000,24383402.30000000
2021-12-31,1.35100000,1.37200000,1.34600000,1.35800000,20345243.50000000
2021-12-31,1.35800000,1.36400000,1.33100000,1.35900000,17531808.10000000
2021-12-31,1.35900000,1.36800000,1.33500000,1.34400000,15970920.70000000
2021-12-31,1.34300000,1.35200000,1.31600000,1.32900000,16161547.50000000
2021-12-31,1.32900000,1.38300000,1.32500000,1.36100000,28425041.10000000
2021-12-31,1.36100000,1.36900000,1.34900000,1.35500000,17788342.90000000
2022-01-01,1.35500000,1.35500000,1.28100000,1.28600000,26044177.40000000
2022-01-01,1.28600000,1.31900000,1.28300000,1.30800000,16222307.70000000
2022-01-01,1.30800000,1.33800000,1.30700000,1.32500000,10338558.60000000
2022-01-01,1.32500000,1.33800000,1.30600000,1.32500000,11961572.60000000
2022-01-01,1.32500000,1.33300000,1.31000000,1.31900000,8416837.20000000
2022-01-01,1.31900000,1.34000000,1.31800000,1.33300000,10159937.30000000
2022-01-02,1.33400000,1.35000000,1.33000000,1.34600000,12702370.50000000
2022-01-02,1.34700000,1.38000000,1.34400000,1.38000000,15428331.30000000
2022-01-02,1.37900000,1.38200000,1.35000000,1.35600000,10271794.60000000
2022-01-02,1.35600000,1.37000000,1.34200000,1.35500000,12683764.40000000
2022-01-02,1.35500000,1.37000000,1.34800000,1.36300000,9971547.70000000
2022-01-02,1.36300000,1.37500000,1.35500000,1.37000000,12260484.90000000
2022-01-03,1.36900000,1.39100000,1.35400000,1.36200000,24371159.30000000
2022-01-03,1.36100000,1.38000000,1.35800000,1.37700000,11453109.50000000
2022-01-03,1.37800000,1.37800000,1.34500000,1.35000000,11766056.60000000
2022-01-03,1.35100000,1.36100000,1.34400000,1.35200000,9283977.40000000
2022-01-03,1.35200000,1.37400000,1.34800000,1.37000000,10242536.20000000
2022-01-03,1.37100000,1.37400000,1.35000000,1.35300000,14887151.00000000
2022-01-04,1.35300000,1.35700000,1.32500000,1.33000000,20329990.50000000
2022-01-04,1.33000000,1.33200000,1.31000000,1.31900000,20646114.20000000
2022-01-04,1.31900000,1.32400000,1.29500000,1.31400000,18536467.70000000
2022-01-04,1.31400000,1.32500000,1.30500000,1.32500000,9740389.40000000
2022-01-04,1.32500000,1.34200000,1.31800000,1.34100000,14260231.80000000
2022-01-04,1.34100000,1.35200000,1.32700000,1.33600000,15263845.10000000
2022-01-05,1.33600000,1.35000000,1.30100000,1.31600000,24363762.20000000
2022-01-05,1.31500000,1.32800000,1.30700000,1.30900000,12314609.70000000
2022-01-05,1.31000000,1.33500000,1.30300000,1.33200000,12665886.50000000
2022-01-05,1.33200000,1.35200000,1.32800000,1.33900000,8684952.10000000
2022-01-05,1.34000000,1.35300000,1.32300000,1.32800000,16252761.40000000
2022-01-05,1.32900000,1.33700000,1.31600000,1.32600000,18687752.00000000
2022-01-06,1.32700000,1.32900000,1.24400000,1.25600000,41121974.30000000
2022-01-06,1.25600000,1.26700000,1.19300000,1.23000000,61326761.90000000
2022-01-06,1.23000000,1.24400000,1.20300000,1.20400000,24293061.20000000
2022-01-06,1.20400000,1.23300000,1.19700000,1.22300000,27297815.00000000
2022-01-06,1.22300000,1.22500000,1.19200000,1.20400000,33452409.40000000
2022-01-06,1.20400000,1.24800000,1.18600000,1.23300000,34703960.20000000
2022-01-07,1.23300000,1.25500000,1.22500000,1.24800000,23082257.40000000
2022-01-07,1.24700000,1.29700000,1.24600000,1.28000000,32924904.40000000
2022-01-07,1.27900000,1.28500000,1.20300000,1.20700000,43108730.00000000
2022-01-07,1.20800000,1.24000000,1.18900000,1.20800000,53968626.90000000
2022-01-07,1.20800000,1.24600000,1.20300000,1.23200000,27027976.40000000
2022-01-07,1.23200000,1.25000000,1.19000000,1.20900000,46257115.60000000
2022-01-08,1.20900000,1.24000000,1.19500000,1.22500000,27475427.50000000
2022-01-08,1.22500000,1.23100000,1.20100000,1.21000000,11968136.80000000
2022-01-08,1.20900000,1.23400000,1.20700000,1.22400000,11732904.80000000
2022-01-08,1.22400000,1.24200000,1.21700000,1.23800000,13574224.40000000
2022-01-08,1.23800000,1.25400000,1.23300000,1.23800000,15965877.40000000
2022-01-08,1.23800000,1.24500000,1.21000000,1.21500000,15709034.60000000
2022-01-09,1.21500000,1.22400000,1.12400000,1.14500000,76240573.68000000
2022-01-09,1.14400000,1.23000000,1.13400000,1.18100000,36507858.80000000
2022-01-09,1.18200000,1.19900000,1.17200000,1.17600000,19660979.10000000
2022-01-09,1.17600000,1.18900000,1.17300000,1.17700000,13183444.80000000
2022-01-09,1.17700000,1.18300000,1.15200000,1.16300000,19934202.60000000
2022-01-09,1.16200000,1.17000000,1.14700000,1.16300000,19078604.10000000
2022-01-10,1.16300000,1.20600000,1.15700000,1.20200000,25444910.60000000
2022-01-10,1.20200000,1.20600000,1.16700000,1.17000000,16791558.20000000
2022-01-10,1.17000000,1.18100000,1.15500000,1.16100000,16493661.50000000
2022-01-10,1.16200000,1.18100000,1.16000000,1.17600000,12159923.40000000
2022-01-10,1.17600000,1.17900000,1.14700000,1.15200000,13155454.30000000
2022-01-10,1.15200000,1.15400000,1.06900000,1.11300000,88980946.14000000
2022-01-11,1.11400000,1.13900000,1.09100000,1.11500000,39967397.50000000
2022-01-11,1.11600000,1.14400000,1.10800000,1.12300000,18493261.30000000
2022-01-11,1.12300000,1.17000000,1.12200000,1.16200000,23711958.40000000
2022-01-11,1.16100000,1.16500000,1.14600000,1.15500000,10786615.20000000
2022-01-11,1.15400000,1.16800000,1.13300000,1.14200000,19399010.90000000
2022-01-11,1.14300000,1.16200000,1.13500000,1.15900000,20940326.30000000
2022-01-12,1.16000000,1.19600000,1.15700000,1.18700000,29405501.00000000
2022-01-12,1.18700000,1.19500000,1.17500000,1.18700000,11023686.90000000
2022-01-12,1.18800000,1.22100000,1.18600000,1.21900000,21318948.70000000
2022-01-12,1.21900000,1.22200000,1.19800000,1.20300000,13389958.80000000
2022-01-12,1.20200000,1.25800000,1.20200000,1.24500000,28393985.90000000
2022-01-12,1.24400000,1.28200000,1.24300000,1.27700000,36594247.40000000
2022-01-13,1.27600000,1.29600000,1.26900000,1.28800000,26701739.10000000
2022-01-13,1.28900000,1.31400000,1.28600000,1.31200000,19209712.80000000
2022-01-13,1.31200000,1.35400000,1.29100000,1.29500000,45135298.60000000
2022-01-13,1.29500000,1.31500000,1.27800000,1.28800000,22751332.70000000
2022-01-13,1.28900000,1.30900000,1.27300000,1.27500000,18986866.00000000
2022-01-13,1.27400000,1.32300000,1.24800000,1.26800000,41164396.20000000
2022-01-14,1.26700000,1.27900000,1.23300000,1.24400000,35347105.80000000
2022-01-14,1.24400000,1.25400000,1.22700000,1.23300000,15644544.30000000
2022-01-14,1.23200000,1.25100000,1.22300000,1.24600000,16141264.70000000
2022-01-14,1.24600000,1.30900000,1.24400000,1.28500000,34945778.70000000
2022-01-14,1.28600000,1.28800000,1.22600000,1.23400000,32696906.70000000
2022-01-14,1.23500000,1.27500000,1.22000000,1.26900000,23358818.60000000
2022-01-15,1.26900000,1.27400000,1.24900000,1.26300000,15102836.60000000
2022-01-15,1.26300000,1.30700000,1.26200000,1.29200000,21035991.20000000
2022-01-15,1.29300000,1.29400000,1.26700000,1.26900000,11523884.80000000
2022-01-15,1.26900000,1.27400000,1.25800000,1.27200000,8134475.60000000
2022-01-15,1.27200000,1.28400000,1.25900000,1.26600000,10993508.20000000
2022-01-15,1.26700000,1.28700000,1.25100000,1.28600000,17069588.70000000
2022-01-16,1.28500000,1.29900000,1.27400000,1.29900000,11920101.30000000
2022-01-16,1.29900000,1.31900000,1.29100000,1.29100000,20780277.80000000
2022-01-16,1.29200000,1.35200000,1.28600000,1.33500000,38337551.40000000
2022-01-16,1.33600000,1.38000000,1.33100000,1.36900000,44655067.70000000
2022-01-16,1.36800000,1.40000000,1.35600000,1.39000000,43711654.30000000
2022-01-16,1.39100000,1.42200000,1.38200000,1.41000000,58722223.50000000
2022-01-17,1.40900000,1.41900000,1.38400000,1.38900000,36717237.80000000
2022-01-17,1.38900000,1.42200000,1.38300000,1.41000000,25833302.70000000
2022-01-17,1.41100000,1.49500000,1.38600000,1.45500000,78888345.30000000
2022-01-17,1.45400000,1.54200000,1.43500000,1.53100000,88872494.80000000
2022-01-17,1.53100000,1.56100000,1.51100000,1.51600000,74548253.30000000
2022-01-17,1.51700000,1.54900000,1.47500000,1.48300000,84936624.10000000
2022-01-18,1.48300000,1.57300000,1.45300000,1.55800000,113365088.90000000
2022-01-18,1.55800000,1.60700000,1.50200000,1.60300000,105064602.70000000
2022-01-18,1.60200000,1.63800000,1.56200000,1.57700000,109615914.00000000
2022-01-18,1.57700000,1.58700000,1.53700000,1.54300000,46545820.10000000
2022-01-18,1.54300000,1.54300000,1.47300000,1.49200000,77281296.20000000
2022-01-18,1.49200000,1.50900000,1.42900000,1.45300000,107582476.50000000
2022-01-19,1.45400000,1.46300000,1.41100000,1.43500000,49346582.40000000
2022-01-19,1.43600000,1.50800000,1.41300000,1.45800000,65577019.10000000
2022-01-19,1.45800000,1.53400000,1.44100000,1.45200000,71470738.20000000
2022-01-19,1.45100000,1.45800000,1.35300000,1.37900000,66828529.30000000
2022-01-19,1.38000000,1.43000000,1.36300000,1.42800000,56807605.30000000
2022-01-19,1.42800000,1.44300000,1.39500000,1.40400000,44630205.00000000
2022-01-20,1.40500000,1.41000000,1.36600000,1.36600000,38918241.40000000
2022-01-20,1.36600000,1.36700000,1.32600000,1.33700000,51293397.20000000
2022-01-20,1.33600000,1.35800000,1.31600000,1.35100000,39653745.40000000
2022-01-20,1.35100000,1.37300000,1.33900000,1.36400000,33689497.00000000
2022-01-20,1.36400000,1.36700000,1.33300000,1.34900000,22928750.10000000
2022-01-20,1.34900000,1.42700000,1.33600000,1.40700000,53457468.10000000
2022-01-21,1.40600000,1.41500000,1.37700000,1.38700000,33873035.90000000
2022-01-21,1.38700000,1.39200000,1.25100000,1.25900000,77460810.80000000
2022-01-21,1.25900000,1.28200000,1.20000000,1.20700000,90896901.60000000
2022-01-21,1.20700000,1.24500000,1.20600000,1.24200000,42002066.80000000
2022-01-21,1.24200000,1.24400000,1.20700000,1.21700000,35127658.70000000
2022-01-21,1.21700000,1.22100000,1.16400000,1.21300000,84792611.00000000
2022-01-22,1.21300000,1.22300000,1.17900000,1.18400000,48439261.80000000
2022-01-22,1.18400000,1.21100000,1.10100000,1.12000000,107261022.50000000
2022-01-22,1.12000000,1.15500000,1.11400000,1.13600000,39723489.00000000
2022-01-22,1.13500000,1.14200000,1.02500000,1.03300000,88721698.89000000
2022-01-22,1.03200000,1.05500000,0.91700000,1.02800000,166153917.33000000
2022-01-22,1.02800000,1.14500000,1.02100000,1.05400000,131833694.10000000
2022-01-23,1.05500000,1.11000000,1.02100000,1.02900000,71983120.00000000
2022-01-23,1.03000000,1.10500000,1.02400000,1.07100000,55871789.80000000
2022-01-23,1.07100000,1.10000000,1.05100000,1.06700000,31343837.10000000
2022-01-23,1.06800000,1.13300000,1.06300000,1.11900000,48574107.80000000
2022-01-23,1.11900000,1.17000000,1.11300000,1.12000000,57381453.80000000
2022-01-23,1.12100000,1.13600000,1.07700000,1.09400000,39431156.50000000
2022-01-24,1.09400000,1.11500000,1.05100000,1.05800000,42958053.10000000
2022-01-24,1.05800000,1.14000000,1.05300000,1.12400000,37459323.20000000
2022-01-24,1.12400000,1.12500000,1.06500000,1.07300000,26321094.10000000
2022-01-24,1.07300000,1.08100000,1.02600000,1.02900000,26345811.00000000
2022-01-24,1.03000000,1.05900000,0.96200000,0.98300000,109459282.60000000
2022-01-24,0.98200000,1.02900000,0.95100000,1.02000000,122884642.60000000
2022-01-25,1.02100000,1.07900000,0.98800000,1.06100000,106020296.20000000
2022-01-25,1.06100000,1.11000000,1.05300000,1.06500000,46379193.50000000
2022-01-25,1.06600000,1.06900000,1.03000000,1.04800000,25774493.20000000
2022-01-25,1.04800000,1.05100000,0.99100000,1.01500000,31767068.90000000
2022-01-25,1.01600000,1.05500000,1.01200000,1.03000000,41883562.40000000
2022-01-25,1.03100000,1.05300000,1.00300000,1.02800000,51932908.20000000
2022-01-26,1.02900000,1.07400000,1.02600000,1.05700000,41969195.20000000
2022-01-26,1.05600000,1.05800000,1.02100000,1.04300000,25501105.40000000
2022-01-26,1.04300000,1.05100000,1.02200000,1.04800000,21288037.70000000
2022-01-26,1.04900000,1.06400000,1.02800000,1.04200000,23124056.30000000
2022-01-26,1.04100000,1.07200000,1.04100000,1.07100000,26505402.90000000
2022-01-26,1.07000000,1.12900000,1.06300000,1.10600000,81026027.60000000
2022-01-27,1.10700000,1.15700000,1.06900000,1.12100000,105483425.50000000
2022-01-27,1.12100000,1.12200000,1.03000000,1.07700000,79077004.90000000
2022-01-27,1.07800000,1.08000000,1.00400000,1.01500000,39282251.20000000
2022-01-27,1.01500000,1.05600000,1.01100000,1.04300000,23358655.70000000
2022-01-27,1.04400000,1.06000000,1.03000000,1.05000000,24036168.80000000
2022-01-27,1.05100000,1.07800000,1.04200000,1.05000000,31998036.20000000
2022-01-28,1.04900000,1.06200000,1.02100000,1.02500000,32140728.90000000
2022-01-28,1.02600000,1.05100000,1.00500000,1.04200000,33946621.00000000
2022-01-28,1.04200000,1.05900000,1.02100000,1.04800000,24083128.90000000
2022-01-28,1.04900000,1.05400000,1.03000000,1.03300000,15599213.80000000
2022-01-28,1.03400000,1.03800000,1.00800000,1.02000000,27591075.30000000
2022-01-28,1.01900000,1.04000000,1.01100000,1.03900000,30394107.10000000
2022-01-29,1.03900000,1.04700000,1.02600000,1.03700000,20176147.10000000
2022-01-29,1.03800000,1.05900000,1.03300000,1.04800000,19846400.90000000
2022-01-29,1.04900000,1.05900000,1.03700000,1.04900000,10544869.80000000
2022-01-29,1.05000000,1.07600000,1.04500000,1.07300000,11117799.40000000
2022-01-29,1.07400000,1.07600000,1.05700000,1.06300000,12585885.40000000
2022-01-29,1.06400000,1.08400000,1.04600000,1.05500000,20816381.20000000
2022-01-30,1.05400000,1.06500000,1.04100000,1.05400000,17746509.50000000
2022-01-30,1.05400000,1.07500000,1.05300000,1.05900000,16719833.10000000
2022-01-30,1.05900000,1.06500000,1.05000000,1.06000000,7834057.90000000
2022-01-30,1.05900000,1.07700000,1.05900000,1.07300000,9110838.70000000
2022-01-30,1.07300000,1.07700000,1.05800000,1.06700000,8170579.00000000
2022-01-30,1.06700000,1.06900000,1.04700000,1.05400000,13789251.10000000
2022-01-31,1.05500000,1.05800000,1.02400000,1.03100000,15713480.90000000
2022-01-31,1.03100000,1.04900000,1.02700000,1.03500000,17733952.50000000
2022-01-31,1.03500000,1.03800000,1.00600000,1.02200000,19673622.00000000
2022-01-31,1.02100000,1.02600000,1.01000000,1.02300000,10738499.00000000
2022-01-31,1.02300000,1.02700000,1.01300000,1.02400000,9452037.10000000
2022-01-31,1.02300000,1.03900000,1.01200000,1.03600000,21373197.90000000
2022-02-01,1.03600000,1.06000000,1.03100000,1.04300000,28283831.10000000
2022-02-01,1.04300000,1.05500000,1.03800000,1.05100000,11697763.00000000
2022-02-01,1.05200000,1.05700000,1.03400000,1.05600000,16517576.50000000
2022-02-01,1.05700000,1.06300000,1.04400000,1.05600000,12726750.80000000
2022-02-01,1.05600000,1.07200000,1.04400000,1.05500000,27792264.00000000
2022-02-01,1.05500000,1.07400000,1.05200000,1.06500000,28036681.20000000
2022-02-02,1.06600000,1.07900000,1.06200000,1.06500000,21406134.20000000
2022-02-02,1.06600000,1.09600000,1.06500000,1.09600000,18046923.60000000
2022-02-02,1.09600000,1.10300000,1.08100000,1.09000000,18102780.10000000
2022-02-02,1.09100000,1.09100000,1.05700000,1.05900000,17610076.30000000
2022-02-02,1.05900000,1.07300000,1.05600000,1.06800000,15713451.40000000
2022-02-02,1.06800000,1.08300000,1.03800000,1.04600000,32244927.10000000
2022-02-03,1.04600000,1.05900000,1.03100000,1.05600000,21436054.90000000
2022-02-03,1.05600000,1.05800000,1.02200000,1.02700000,21750498.90000000
2022-02-03,1.02700000,1.03700000,1.01900000,1.02900000,15185932.00000000
2022-02-03,1.02800000,1.04300000,1.02600000,1.04100000,8218982.20000000
2022-02-03,1.04100000,1.04300000,1.01600000,1.03100000,17993111.20000000
2022-02-03,1.03100000,1.05000000,1.01800000,1.04600000,22039189.80000000
2022-02-04,1.04600000,1.05600000,1.04000000,1.04600000,17088942.30000000
2022-02-04,1.04500000,1.06200000,1.03700000,1.06100000,18016051.00000000
2022-02-04,1.06100000,1.06200000,1.04500000,1.05300000,10428998.50000000
2022-02-04,1.05300000,1.07400000,1.05000000,1.06400000,14602351.40000000
2022-02-04,1.06400000,1.07100000,1.05700000,1.05700000,14800616.10000000
2022-02-04,1.05800000,1.08400000,1.04600000,1.07800000,36515501.70000000
2022-02-05,1.07800000,1.11700000,1.07700000,1.10200000,39826618.50000000
2022-02-05,1.10200000,1.13900000,1.10200000,1.13800000,19030965.40000000
2022-02-05,1.13800000,1.14700000,1.12200000,1.14300000,24255517.50000000
2022-02-05,1.14200000,1.17800000,1.13700000,1.15100000,35016242.50000000
2022-02-05,1.15200000,1.16800000,1.15100000,1.15800000,16113087.30000000
2022-02-05,1.15700000,1.15800000,1.13300000,1.15100000,23311781.80000000
2022-02-06,1.15000000,1.15200000,1.09700000,1.11500000,37443368.90000000
2022-02-06,1.11400000,1.13400000,1.10900000,1.12500000,16570786.30000000
2022-02-06,1.12500000,1.14400000,1.12000000,1.12800000,14628945.70000000
2022-02-06,1.12700000,1.13100000,1.11100000,1.12800000,15030495.10000000
2022-02-06,1.12700000,1.13400000,1.11600000,1.11700000,13805180.60000000
2022-02-06,1.11700000,1.13800000,1.09700000,1.11200000,26258729.00000000
2022-02-07,1.11200000,1.12500000,1.11000000,1.12200000,13885565.40000000
2022-02-07,1.12100000,1.15000000,1.11700000,1.14300000,23490401.20000000
2022-02-07,1.14200000,1.17500000,1.12500000,1.16000000,35311089.70000000
2022-02-07,1.16100000,1.16700000,1.15000000,1.16400000,25996376.60000000
2022-02-07,1.16500000,1.19600000,1.15900000,1.18000000,49319550.30000000
2022-02-07,1.18000000,1.20800000,1.17400000,1.20400000,56054476.50000000
2022-02-08,1.20400000,1.20900000,1.17300000,1.18600000,71749976.90000000
2022-02-08,1.18600000,1.20800000,1.18000000,1.19900000,29370371.60000000
2022-02-08,1.19800000,1.25400000,1.18400000,1.24100000,60518603.60000000
2022-02-08,1.24100000,1.26300000,1.21300000,1.23100000,46742943.90000000
2022-02-08,1.23200000,1.23700000,1.16700000,1.19900000,55443683.30000000
2022-02-08,1.19900000,1.19900000,1.15100000,1.16700000,42611274.70000000
2022-02-09,1.16600000,1.17200000,1.13300000,1.14100000,35922370.00000000
2022-02-09,1.14100000,1.18300000,1.13900000,1.17600000,30418215.30000000
2022-02-09,1.17600000,1.18500000,1.15200000,1.15300000,21934454.90000000
2022-02-09,1.15400000,1.19100000,1.15300000,1.18600000,24948207.50000000
2022-02-09,1.18700000,1.19700000,1.17100000,1.19300000,16079604.60000000
2022-02-09,1.19400000,1.21500000,1.19000000,1.19500000,33509586.60000000
2022-02-10,1.19500000,1.21300000,1.18600000,1.20700000,25215555.40000000
2022-02-10,1.20700000,1.21200000,1.19100000,1.19500000,15422375.20000000
2022-02-10,1.19400000,1.19500000,1.16700000,1.17600000,16511762.60000000
2022-02-10,1.17600000,1.18900000,1.17000000,1.18600000,12037058.10000000
2022-02-10,1.18500000,1.22500000,1.18100000,1.20800000,29194894.30000000
2022-02-10,1.20900000,1.21500000,1.14600000,1.19200000,73613699.30000000
2022-02-11,1.19100000,1.20600000,1.16700000,1.16800000,29287956.90000000
2022-02-11,1.16800000,1.17400000,1.14300000,1.15000000,22959148.90000000
2022-02-11,1.15000000,1.15100000,1.12100000,1.14200000,29976637.60000000
2022-02-11,1.14100000,1.16000000,1.13400000,1.15700000,14008508.20000000
2022-02-11,1.15700000,1.16400000,1.14000000,1.15100000,15801205.10000000
2022-02-11,1.15200000,1.16300000,1.14900000,1.15700000,18227911.60000000
2022-02-12,1.15700000,1.16000000,1.10500000,1.11300000,25633389.50000000
2022-02-12,1.11300000,1.11600000,1.06800000,1.07900000,28171073.20000000
2022-02-12,1.07900000,1.09200000,1.06500000,1.08300000,14061330.90000000
2022-02-12,1.08300000,1.08800000,1.04600000,1.06100000,19134620.10000000
2022-02-12,1.06200000,1.07900000,1.04800000,1.07200000,19283615.10000000
2022-02-12,1.07300000,1.08100000,1.02900000,1.05100000,51901308.40000000
2022-02-13,1.05100000,1.08000000,1.04600000,1.06700000,26881449.30000000
2022-02-13,1.06600000,1.07800000,1.04300000,1.05900000,17911113.40000000
2022-02-13,1.05800000,1.07200000,1.05100000,1.05600000,9483692.10000000
2022-02-13,1.05600000,1.06300000,1.04200000,1.05600000,15474623.70000000
2022-02-13,1.05600000,1.07300000,1.05100000,1.06400000,13003584.20000000
2022-02-13,1.06300000,1.07600000,1.05600000,1.05800000,23834857.40000000
2022-02-14,1.05800000,1.05900000,1.03200000,1.03800000,21866573.50000000
2022-02-14,1.03900000,1.05400000,1.03400000,1.04200000,15584663.10000000
2022-02-14,1.04300000,1.04600000,1.01800000,1.03300000,37755549.70000000
2022-02-14,1.03300000,1.03900000,1.02300000,1.03800000,13347694.50000000
2022-02-14,1.03900000,1.04200000,1.02100000,1.03100000,16798154.90000000
2022-02-14,1.03100000,1.05500000,1.02500000,1.04300000,27005342.60000000
2022-02-15,1.04300000,1.05400000,1.02400000,1.03100000,20722491.40000000
2022-02-15,1.03100000,1.05400000,1.02600000,1.04900000,23353509.20000000
2022-02-15,1.05000000,1.08400000,1.04900000,1.07800000,26123210.40000000
2022-02-15,1.07900000,1.08200000,1.06400000,1.07100000,16665807.30000000
2022-02-15,1.07100000,1.09700000,1.06800000,1.08800000,32638973.00000000
2022-02-15,1.08900000,1.11400000,1.07900000,1.10200000,42372227.60000000
2022-02-16,1.10100000,1.10500000,1.08500000,1.08800000,21159439.00000000
2022-02-16,1.08800000,1.11500000,1.08600000,1.10700000,14974959.00000000
2022-02-16,1.10800000,1.10800000,1.09300000,1.09800000,11381880.90000000
2022-02-16,1.09800000,1.10400000,1.07900000,1.10300000,16914698.90000000
2022-02-16,1.10300000,1.11200000,1.08600000,1.09300000,17964144.50000000
2022-02-16,1.09300000,1.09700000,1.06600000,1.07400000,25641626.00000000
2022-02-17,1.07400000,1.09600000,1.06600000,1.09200000,17647237.40000000
2022-02-17,1.09300000,1.09800000,1.07800000,1.08200000,11376342.00000000
2022-02-17,1.08300000,1.09400000,1.07700000,1.07900000,11319493.70000000
2022-02-17,1.07900000,1.08300000,1.06100000,1.08200000,14755436.10000000
2022-02-17,1.08100000,1.08500000,1.05500000,1.06900000,17580503.70000000
2022-02-17,1.06900000,1.07500000,1.04200000,1.05100000,23593613.50000000
2022-02-18,1.05100000,1.05700000,1.02000000,1.03700000,25126579.40000000
2022-02-18,1.03800000,1.03800000,1.00800000,1.02000000,22160135.50000000
2022-02-18,1.01900000,1.03800000,1.01000000,1.03000000,17369451.10000000
2022-02-18,1.03000000,1.03900000,1.02200000,1.03400000,10277095.20000000
2022-02-18,1.03400000,1.04300000,1.01700000,1.01900000,14124598.50000000
2022-02-18,1.01900000,1.02800000,0.99200000,1.00500000,39832388.40000000
2022-02-19,1.00400000,1.01700000,0.99200000,1.00800000,28847167.10000000
2022-02-19,1.00900000,1.01300000,0.98300000,0.99500000,23163548.10000000
2022-02-19,0.99600000,1.01000000,0.99200000,1.00200000,11076013.80000000
2022-02-19,1.00300000,1.01900000,1.00100000,1.01200000,12817119.40000000
2022-02-19,1.01200000,1.01400000,0.97800000,0.98400000,18507465.50000000
2022-02-19,0.98300000,1.00100000,0.97300000,0.99700000,22267456.80000000
2022-02-20,0.99600000,1.01100000,0.98200000,0.98500000,19757886.90000000
2022-02-20,0.98500000,0.99900000,0.98300000,0.99600000,7676998.30000000
2022-02-20,0.99700000,0.99800000,0.96700000,0.97200000,17035148.20000000
2022-02-20,0.97100000,0.97400000,0.93200000,0.94900000,40699657.00000000
2022-02-20,0.94800000,0.94900000,0.92500000,0.94200000,28010691.50000000
2022-02-20,0.94300000,0.95100000,0.91900000,0.94100000,31487639.20000000
2022-02-21,0.94200000,0.95000000,0.93400000,0.94200000,14138547.90000000
2022-02-21,0.94200000,0.95900000,0.92700000,0.93100000,25402935.30000000
2022-02-21,0.93100000,0.97400000,0.92400000,0.95700000,27380930.80000000
2022-02-21,0.95700000,0.99300000,0.95600000,0.97900000,31056225.60000000
2022-02-21,0.97900000,0.98200000,0.91700000,0.92800000,34463231.00000000
2022-02-21,0.92800000,0.96300000,0.89600000,0.94700000,75472438.05000000
2022-02-22,0.94700000,0.95400000,0.91000000,0.92300000,37609198.70000000
2022-02-22,0.92400000,0.92900000,0.85100000,0.85600000,77506480.16000000
2022-02-22,0.85600000,0.86900000,0.81300000,0.83300000,85645366.97000000
2022-02-22,0.83400000,0.84600000,0.81900000,0.82900000,38306441.60000000
2022-02-22,0.82900000,0.87400000,0.82800000,0.86300000,44910660.00000000
2022-02-22,0.86300000,0.89700000,0.85300000,0.87700000,38359768.80000000
2022-02-23,0.87800000,0.89100000,0.86100000,0.88900000,36182151.80000000
2022-02-23,0.88900000,0.89600000,0.86800000,0.88800000,21437651.40000000
2022-02-23,0.88800000,0.91000000,0.87700000,0.89500000,30030293.60000000
2022-02-23,0.89500000,0.91900000,0.89300000,0.91400000,29528370.80000000
2022-02-23,0.91300000,0.94300000,0.90900000,0.93000000,38731737.00000000
2022-02-23,0.92900000,0.95000000,0.91700000,0.91700000,36526812.90000000
2022-02-24,0.91700000,0.96000000,0.89400000,0.89800000,60653162.20000000
2022-02-24,0.89800000,0.91200000,0.86300000,0.86600000,42249299.40000000
2022-02-24,0.86600000,0.87400000,0.78400000,0.80000000,87170798.36000000
2022-02-24,0.80000000,0.81500000,0.74600000,0.78100000,138224317.02000000
2022-02-24,0.78100000,0.79700000,0.74800000,0.76400000,92099794.60000000
2022-02-24,0.76400000,0.81400000,0.75400000,0.81200000,79585902.30000000
2022-02-25,0.81100000,0.84900000,0.79100000,0.84800000,84190076.40000000
2022-02-25,0.84900000,0.89900000,0.82900000,0.85300000,78860089.90000000
2022-02-25,0.85200000,0.86800000,0.83900000,0.85800000,40147731.90000000
2022-02-25,0.85700000,0.85800000,0.83100000,0.84700000,28667131.10000000
2022-02-25,0.84700000,0.85400000,0.82300000,0.85100000,33723142.00000000
2022-02-25,0.85100000,0.89500000,0.85100000,0.88300000,53823845.10000000
2022-02-26,0.88300000,0.89100000,0.86400000,0.86700000,24521449.80000000
2022-02-26,0.86700000,0.91000000,0.86500000,0.89800000,29957457.50000000
2022-02-26,0.89800000,0.93000000,0.89500000,0.91600000,45543666.90000000
2022-02-26,0.91600000,0.93000000,0.89400000,0.90900000,21072463.40000000
2022-02-26,0.90900000,0.91800000,0.88200000,0.89400000,26404711.90000000
2022-02-26,0.89300000,0.90800000,0.88200000,0.89800000,20671904.30000000
2022-02-27,0.89700000,0.90400000,0.88500000,0.89600000,13932935.90000000
2022-02-27,0.89600000,0.90600000,0.88100000,0.88700000,14426437.30000000
2022-02-27,0.88600000,0.88800000,0.85100000,0.86300000,24140211.20000000
2022-02-27,0.86200000,0.88500000,0.85900000,0.87800000,12578212.40000000
2022-02-27,0.87800000,0.90800000,0.87200000,0.90200000,18895817.40000000
2022-02-27,0.90200000,0.91500000,0.87600000,0.90000000,34334376.50000000
2022-02-28,0.89900000,0.90200000,0.84100000,0.84500000,28755457.50000000
2022-02-28,0.84500000,0.86200000,0.83200000,0.85600000,43300559.90000000
2022-02-28,0.85700000,0.88500000,0.84200000,0.87800000,33475669.90000000
2022-02-28,0.87900000,0.88900000,0.85400000,0.88500000,29160973.70000000
2022-02-28,0.88500000,0.89800000,0.87000000,0.87800000,18993895.30000000
2022-02-28,0.87700000,0.94000000,0.87300000,0.94000000,58279163.60000000
2022-03-01,0.94000000,0.95100000,0.92100000,0.92400000,47994985.20000000
