,date,open,high,low,close,volume
0,"2021-06-08, 08:00:00",1.6365,1.6709,1.4033,1.5686,18738186
1,"2021-06-09, 08:00:00",1.5689,1.78,1.476,1.7241,33018198
2,"2021-06-10, 08:00:00",1.7243,1.7455,1.5807,1.6336,18107326
3,"2021-06-11, 08:00:00",1.6345,1.816,1.5828,1.6068,23790537
4,"2021-06-12, 08:00:00",1.6055,1.7901,1.4721,1.7292,37324789
5,"2021-06-13, 08:00:00",1.7295,1.7638,1.6315,1.7354,30149255
6,"2021-06-14, 08:00:00",1.7357,1.8803,1.7033,1.7906,27281273
7,"2021-06-15, 08:00:00",1.7903,1.8567,1.7418,1.7832,18358369
8,"2021-06-16, 08:00:00",1.7831,1.7831,1.595,1.6243,15790548
9,"2021-06-17, 08:00:00",1.6238,1.7754,1.614,1.6959,23256371
10,"2021-06-18, 08:00:00",1.6964,1.7043,1.4399,1.5098,24318520
11,"2021-06-19, 08:00:00",1.5102,1.524,1.4249,1.4269,14689397
12,"2021-06-20, 08:00:00",1.4277,1.4551,1.3019,1.4378,15971138
13,"2021-06-21, 08:00:00",1.4378,1.4463,1.025,1.0296,34090035
14,"2021-06-22, 08:00:00",1.0296,1.1402,0.8611,1.0201,32894530
15,"2021-06-23, 08:00:00",1.0201,1.167,0.9678,1.0766,30657294
16,"2021-06-24, 08:00:00",1.0766,1.1739,1.0107,1.1278,28942986
17,"2021-06-25, 08:00:00",1.1279,1.1472,0.9871,0.9992,25309110
18,"2021-06-26, 08:00:00",0.9991,1.0453,0.9309,1.0172,19392515
19,"2021-06-27, 08:00:00",1.017,1.0638,0.9784,1.0618,17043651
20,"2021-06-28, 08:00:00",1.0616,1.1858,1.0373,1.1298,24356503
21,"2021-06-29, 08:00:00",1.1297,1.2339,1.1226,1.1618,25934388
22,"2021-06-30, 08:00:00",1.1618,1.2075,1.1,1.1778,37492026
23,"2021-07-01, 08:00:00",1.1784,1.1814,1.0669,1.09,18929831
24,"2021-07-02, 08:00:00",1.0895,1.1496,1.0427,1.1405,30253956
25,"2021-07-03, 08:00:00",1.1405,1.2056,1.1117,1.1722,25149229
26,"2021-07-04, 08:00:00",1.1723,1.2407,1.1294,1.1862,18521140
27,"2021-07-05, 08:00:00",1.1865,1.1998,1.0813,1.1822,24838202
28,"2021-07-06, 08:00:00",1.1823,1.2868,1.1596,1.2699,25391941
29,"2021-07-07, 08:00:00",1.2694,1.3709,1.241,1.2629,31593538
30,"2021-07-08, 08:00:00",1.2629,1.2686,1.1315,1.1614,18251174
31,"2021-07-09, 08:00:00",1.1618,1.1906,1.1009,1.1709,15584419
32,"2021-07-10, 08:00:00",1.1713,1.2519,1.1429,1.2449,17167989
33,"2021-07-11, 08:00:00",1.2454,1.332,1.1856,1.2461,28748379
34,"2021-07-12, 08:00:00",1.2464,1.3376,1.1817,1.2217,21534101
35,"2021-07-13, 08:00:00",1.2216,1.2587,1.1655,1.2449,16733187
36,"2021-07-14, 08:00:00",1.2449,1.38,1.1419,1.3205,43319038
37,"2021-07-15, 08:00:00",1.3205,1.437,1.2652,1.3136,40631554
38,"2021-07-16, 08:00:00",1.3137,1.543,1.2834,1.3539,64721114
39,"2021-07-17, 08:00:00",1.354,1.75,1.3305,1.6923,123879555
40,"2021-07-18, 08:00:00",1.6925,1.694,1.4748,1.4904,43968400
41,"2021-07-19, 08:00:00",1.4906,1.4944,1.2923,1.3075,34112364
42,"2021-07-20, 08:00:00",1.3083,1.3388,1.1585,1.1898,34367791
43,"2021-07-21, 08:00:00",1.1899,1.3467,1.1586,1.3233,37983717
44,"2021-07-22, 08:00:00",1.3236,1.4858,1.2785,1.4689,27906807
45,"2021-07-23, 08:00:00",1.4688,1.526,1.3624,1.4539,24422305
46,"2021-07-24, 08:00:00",1.4533,1.6994,1.4388,1.5728,34345447
47,"2021-07-25, 08:00:00",1.5732,1.7561,1.5262,1.6418,45583656
48,"2021-07-26, 08:00:00",1.6419,2.0078,1.631,1.6864,56593418
49,"2021-07-27, 08:00:00",1.6864,1.9015,1.6122,1.8166,46194698
50,"2021-07-28, 08:00:00",1.8169,1.8484,1.6642,1.7079,22108222
51,"2021-07-29, 08:00:00",1.7088,1.81,1.6138,1.7347,33926881
52,"2021-07-30, 08:00:00",1.7349,1.7891,1.5874,1.6735,22489374
53,"2021-07-31, 08:00:00",1.6721,1.8269,1.632,1.7492,39719235
54,"2021-08-01, 08:00:00",1.7498,1.8437,1.65,1.6824,34478302
55,"2021-08-02, 08:00:00",1.6819,1.769,1.6533,1.7237,21400840
56,"2021-08-03, 08:00:00",1.7237,1.815,1.65,1.8085,38481888
57,"2021-08-04, 08:00:00",1.8091,1.8799,1.7732,1.8103,29997797
58,"2021-08-05, 08:00:00",1.8102,1.8332,1.7122,1.8156,24637754
59,"2021-08-06, 08:00:00",1.8155,2.0192,1.7778,1.9813,37158505
60,"2021-08-07, 08:00:00",1.9821,2.0374,1.8715,1.9457,26101637
61,"2021-08-08, 08:00:00",1.9454,1.955,1.727,1.831,26990918
62,"2021-08-09, 08:00:00",1.8302,1.9519,1.7547,1.8756,33052549
63,"2021-08-10, 08:00:00",1.875,1.9682,1.8072,1.9194,29520833
64,"2021-08-11, 08:00:00",1.9195,2.0903,1.9106,1.963,28611657
65,"2021-08-12, 08:00:00",1.9629,2.0999,1.8139,1.8945,28695131
66,"2021-08-13, 08:00:00",1.8941,2.0826,1.8644,2.0757,21213276
67,"2021-08-14, 08:00:00",2.0768,2.168,1.968,2.0813,27124962
68,"2021-08-15, 08:00:00",2.0812,2.2,2.0513,2.1712,20210433
69,"2021-08-16, 08:00:00",2.1712,2.3074,2.0959,2.1242,25749819
70,"2021-08-17, 08:00:00",2.124,2.4024,2.0203,2.1231,38155581
71,"2021-08-18, 08:00:00",2.1255,2.24,1.926,2.0285,39156721
72,"2021-08-19, 08:00:00",2.0278,2.2259,1.9804,2.2,32995641
73,"2021-08-20, 08:00:00",2.1999,2.4172,2.1482,2.3877,24625721
74,"2021-08-21, 08:00:00",2.3878,2.5659,2.3213,2.333,23552286
75,"2021-08-22, 08:00:00",2.3321,2.661,2.3236,2.6201,23362209
76,"2021-08-23, 08:00:00",2.62,2.6503,2.471,2.5656,19713069
77,"2021-08-24, 08:00:00",2.5656,2.7888,2.4804,2.5973,40805727
78,"2021-08-25, 08:00:00",2.5964,2.7471,2.4206,2.6746,30274913
79,"2021-08-26, 08:00:00",2.6749,2.7199,2.4343,2.4839,24655851
80,"2021-08-27, 08:00:00",2.4845,2.7124,2.3736,2.6374,26147660
81,"2021-08-28, 08:00:00",2.6376,2.6588,2.52,2.5497,16199881
82,"2021-08-29, 08:00:00",2.5497,2.5694,2.4156,2.4763,14221318
83,"2021-08-30, 08:00:00",2.4769,2.5092,2.299,2.321,15138095
84,"2021-08-31, 08:00:00",2.3219,2.4672,2.2759,2.3468,15672853
85,"2021-09-01, 08:00:00",2.3468,2.54,2.2904,2.5101,16236274
86,"2021-09-02, 08:00:00",2.5102,2.6596,2.4867,2.5256,25624388
87,"2021-09-03, 08:00:00",2.5251,2.6626,2.4512,2.6254,15320309
88,"2021-09-04, 08:00:00",2.6254,2.9116,2.6057,2.7265,24153434
89,"2021-09-05, 08:00:00",2.7267,2.838,2.6817,2.8038,12790996
90,"2021-09-06, 08:00:00",2.8046,2.8416,2.4077,2.6566,14250149
91,"2021-09-07, 08:00:00",2.6572,2.7194,1.6427,1.9843,40508255
92,"2021-09-08, 08:00:00",1.9844,2.0265,1.7429,1.91,28593344
93,"2021-09-09, 08:00:00",1.9102,2.11,1.8635,1.994,27610814
94,"2021-09-10, 08:00:00",1.9945,2.0637,1.7734,1.8454,17027448
95,"2021-09-11, 08:00:00",1.8454,1.9632,1.7948,1.8778,15416345
96,"2021-09-12, 08:00:00",1.8782,2.0159,1.8201,1.9905,16644148
97,"2021-09-13, 08:00:00",1.992,2.1768,1.77,2.0208,37676676
98,"2021-09-14, 08:00:00",2.0208,2.1935,1.9811,2.1015,33860869
99,"2021-09-15, 08:00:00",2.1021,2.2284,2.0709,2.1604,23334210
100,"2021-09-16, 08:00:00",2.1606,2.25,2.0323,2.1838,17719909
101,"2021-09-17, 08:00:00",2.1838,2.2071,1.9427,1.9782,14387830
102,"2021-09-18, 08:00:00",1.9801,2.0622,1.9298,1.9831,11221053
103,"2021-09-19, 08:00:00",1.9831,1.9959,1.8748,1.9191,11057055
104,"2021-09-20, 08:00:00",1.9189,1.9222,1.5509,1.6132,20603994
105,"2021-09-21, 08:00:00",1.6134,1.7307,1.4157,1.4723,23201071
106,"2021-09-22, 08:00:00",1.4731,1.6785,1.4359,1.6366,22497817
107,"2021-09-23, 08:00:00",1.6361,1.7917,1.6036,1.735,25528985
108,"2021-09-24, 08:00:00",1.7347,1.743,1.471,1.5696,40067243
109,"2021-09-25, 08:00:00",1.5699,1.753,1.4879,1.6014,33435318
110,"2021-09-26, 08:00:00",1.6015,1.6102,1.46,1.5617,19428571
111,"2021-09-27, 08:00:00",1.5614,1.691,1.5367,1.5428,19932617
112,"2021-09-28, 08:00:00",1.5434,1.6,1.4914,1.5062,18453979
113,"2021-09-29, 08:00:00",1.5056,1.71,1.496,1.5779,25379580
114,"2021-09-30, 08:00:00",1.5785,1.6617,1.568,1.6598,15331263
115,"2021-10-01, 08:00:00",1.66,1.7979,1.6314,1.7938,15691015
116,"2021-10-02, 08:00:00",1.7941,1.9001,1.7524,1.7952,12908765
117,"2021-10-03, 08:00:00",1.7955,1.9186,1.757,1.9148,10424296
118,"2021-10-04, 08:00:00",1.9146,1.92,1.7603,1.8245,25944134
119,"2021-10-05, 08:00:00",1.8242,1.9327,1.8015,1.8958,13500727
120,"2021-10-06, 08:00:00",1.8975,1.9567,1.7547,1.9086,16803301
121,"2021-10-07, 08:00:00",1.9088,2.0861,1.84,1.9692,25222068
122,"2021-10-08, 08:00:00",1.9702,2.0286,1.9106,1.9232,16070235
123,"2021-10-09, 08:00:00",1.9237,1.9425,1.8749,1.9084,8133802
124,"2021-10-10, 08:00:00",1.9088,1.9557,1.7585,1.785,16810605
125,"2021-10-11, 08:00:00",1.7846,1.8582,1.73,1.7779,9790132
126,"2021-10-12, 08:00:00",1.7773,1.95,1.6402,1.9052,37113131
127,"2021-10-13, 08:00:00",1.9049,2.1943,1.8466,2.1916,66467355
128,"2021-10-14, 08:00:00",2.1916,3.575,2.1751,2.8559,388850078
129,"2021-10-15, 08:00:00",2.8551,2.8696,2.5894,2.6018,91780616
130,"2021-10-16, 08:00:00",2.6018,2.7439,2.51,2.7219,36147029
131,"2021-10-17, 08:00:00",2.7225,2.8753,2.3606,2.4484,31871897
132,"2021-10-18, 08:00:00",2.4477,2.4997,2.3333,2.4242,28395771
133,"2021-10-19, 08:00:00",2.4235,2.6688,2.3244,2.3483,41804617
134,"2021-10-20, 08:00:00",2.3484,2.44,2.304,2.3779,19163388
135,"2021-10-21, 08:00:00",2.3778,2.42,2.1993,2.2245,28456196
136,"2021-10-22, 08:00:00",2.2252,2.3474,2.21,2.2724,22959768
137,"2021-10-23, 08:00:00",2.2725,2.4687,2.2424,2.3742,40301822
138,"2021-10-24, 08:00:00",2.3735,2.427,2.175,2.2522,20931867
139,"2021-10-25, 08:00:00",2.2522,2.3939,2.2355,2.3912,15693557
140,"2021-10-26, 08:00:00",2.3919,2.5995,2.3562,2.487,29121115
141,"2021-10-27, 08:00:00",2.4896,2.59,1.965,2.0481,32747622
142,"2021-10-28, 08:00:00",2.0498,2.24,2.0275,2.1485,27615514
143,"2021-10-29, 08:00:00",2.1473,2.2854,2.1255,2.2854,16615905
144,"2021-10-30, 08:00:00",2.2855,2.4196,2.1618,2.3153,19334711
145,"2021-10-31, 08:00:00",2.3149,2.634,2.25,2.557,40603465
146,"2021-11-01, 08:00:00",2.5577,2.6547,2.37,2.5498,29720467
147,"2021-11-02, 08:00:00",2.5497,2.84,2.4962,2.6975,25801544
148,"2021-11-03, 08:00:00",2.6979,2.963,2.6152,2.7648,35121080
149,"2021-11-04, 08:00:00",2.7654,2.8467,2.6077,2.7146,20886964
150,"2021-11-05, 08:00:00",2.7134,2.8467,2.6207,2.6461,11174543
151,"2021-11-06, 08:00:00",2.6444,2.6679,2.4526,2.533,10340095
152,"2021-11-07, 08:00:00",2.5341,2.68,2.5045,2.6207,13993912
153,"2021-11-08, 08:00:00",2.6206,2.7144,2.5063,2.709,13887706
154,"2021-11-09, 08:00:00",2.7092,2.77,2.5603,2.5777,9480681
155,"2021-11-10, 08:00:00",2.5784,2.6313,2.1077,2.325,16823444
156,"2021-11-11, 08:00:00",2.3241,2.4951,2.2734,2.4506,13300265
157,"2021-11-12, 08:00:00",2.4506,2.4924,2.2931,2.3836,9873978
158,"2021-11-13, 08:00:00",2.384,2.477,2.3429,2.4439,7016275
159,"2021-11-14, 08:00:00",2.4437,2.5418,2.3704,2.4514,11563775
160,"2021-11-15, 08:00:00",2.4512,2.535,2.383,2.406,11045255
161,"2021-11-16, 08:00:00",2.4055,2.4055,1.9448,2.1088,20982048
162,"2021-11-17, 08:00:00",2.1083,2.2004,2.0335,2.1532,12353162
163,"2021-11-18, 08:00:00",2.1533,2.183,1.8384,1.9174,13337679
164,"2021-11-19, 08:00:00",1.9175,2.09,1.8821,2.0446,13762691
165,"2021-11-20, 08:00:00",2.0449,2.2051,2.0083,2.1587,15949621
166,"2021-11-21, 08:00:00",2.1588,2.2462,2.0965,2.1317,11149701
167,"2021-11-22, 08:00:00",2.1326,2.213,2.0472,2.1229,17528127
168,"2021-11-23, 08:00:00",2.1235,2.4523,2.1087,2.3228,34039701
169,"2021-11-24, 08:00:00",2.3228,2.3971,2.1904,2.3508,17064129
170,"2021-11-25, 08:00:00",2.3508,2.5029,2.3358,2.4727,13048580
171,"2021-11-26, 08:00:00",2.4737,2.5576,2.1044,2.1461,18299012
172,"2021-11-27, 08:00:00",2.1461,2.368,2.1293,2.2442,14638998
173,"2021-11-28, 08:00:00",2.245,2.2522,2.0324,2.2002,12062717
174,"2021-11-29, 08:00:00",2.1998,2.3899,2.1431,2.2476,16138481
175,"2021-11-30, 08:00:00",2.2475,2.2944,2.15,2.177,20193989
176,"2021-12-01, 08:00:00",2.1777,2.3846,2.1318,2.1616,18792326
177,"2021-12-02, 08:00:00",2.1624,2.3,2.0503,2.2268,18059086
178,"2021-12-03, 08:00:00",2.227,2.9515,2.2163,2.5002,248074859
179,"2021-12-04, 08:00:00",2.5016,2.566,1.4673,1.9127,96000198
180,"2021-12-05, 08:00:00",1.9127,1.9293,1.6119,1.6735,36016928
181,"2021-12-06, 08:00:00",1.6741,1.6882,1.4322,1.6595,30609762
182,"2021-12-07, 08:00:00",1.6589,1.7363,1.612,1.6594,21532548
183,"2021-12-08, 08:00:00",1.6592,1.8122,1.585,1.7203,31181884
184,"2021-12-09, 08:00:00",1.7204,1.7573,1.539,1.5497,26359062
185,"2021-12-10, 08:00:00",1.5489,1.7633,1.5486,1.6782,57421798
186,"2021-12-11, 08:00:00",1.6782,1.7253,1.5922,1.6434,29398907
187,"2021-12-12, 08:00:00",1.6436,1.6556,1.5671,1.6345,17676655
188,"2021-12-13, 08:00:00",1.6345,1.6482,1.4,1.4283,18748344
189,"2021-12-14, 08:00:00",1.4275,1.4725,1.3808,1.4539,17549285
190,"2021-12-15, 08:00:00",1.4532,1.5305,1.3553,1.5148,20515597
191,"2021-12-16, 08:00:00",1.515,1.5538,1.4601,1.4649,18120954
192,"2021-12-17, 08:00:00",1.465,1.5026,1.36,1.4269,17880484
193,"2021-12-18, 08:00:00",1.4271,1.5491,1.3856,1.4493,21367022
194,"2021-12-19, 08:00:00",1.4493,1.5779,1.4452,1.452,37353245
195,"2021-12-20, 08:00:00",1.452,1.4551,1.3341,1.4072,23730830
196,"2021-12-21, 08:00:00",1.4078,1.4898,1.3823,1.481,17392307
197,"2021-12-22, 08:00:00",1.4808,1.6092,1.4803,1.5695,20483713
198,"2021-12-23, 08:00:00",1.5699,1.7415,1.5428,1.6467,22060361
199,"2021-12-24, 08:00:00",1.6466,1.6792,1.569,1.5933,13971793
200,"2021-12-25, 08:00:00",1.5937,1.661,1.5779,1.6373,10328003
201,"2021-12-26, 08:00:00",1.6374,1.6955,1.5789,1.6694,13053447
202,"2021-12-27, 08:00:00",1.6695,1.8119,1.6621,1.6877,17209358
203,"2021-12-28, 08:00:00",1.6877,1.6877,1.5104,1.5362,13613534
204,"2021-12-29, 08:00:00",1.5362,1.6161,1.4941,1.5773,13556578
205,"2021-12-30, 08:00:00",1.5771,1.595,1.496,1.5327,15815608
206,"2021-12-31, 08:00:00",1.5325,1.6089,1.4852,1.5409,11500476
207,"2022-01-01, 08:00:00",1.5414,1.6674,1.5414,1.6512,12365032
208,"2022-01-02, 08:00:00",1.6518,1.6788,1.6021,1.6679,8724614
209,"2022-01-03, 08:00:00",1.6678,1.6982,1.5682,1.6176,9494285
210,"2022-01-04, 08:00:00",1.6179,1.738,1.5717,1.6462,17188894
211,"2022-01-05, 08:00:00",1.6462,1.7316,1.383,1.465,14926492
212,"2022-01-06, 08:00:00",1.4636,1.4769,1.3656,1.4186,19289135
213,"2022-01-07, 08:00:00",1.4182,1.4245,1.271,1.3094,18881546
214,"2022-01-08, 08:00:00",1.3091,1.3745,1.2026,1.2301,21456198
215,"2022-01-09, 08:00:00",1.2301,1.2863,1.2129,1.2606,12720403
216,"2022-01-10, 08:00:00",1.2603,1.2921,1.1488,1.1883,16271630
217,"2022-01-11, 08:00:00",1.1883,1.278,1.1751,1.2735,10065809
218,"2022-01-12, 08:00:00",1.2739,1.3694,1.2738,1.3624,10385140
219,"2022-01-13, 08:00:00",1.3631,1.4351,1.2927,1.3,16484094
220,"2022-01-14, 08:00:00",1.2999,1.3284,1.2594,1.3072,9699556
221,"2022-01-15, 08:00:00",1.3072,1.3574,1.3028,1.3238,8960235
222,"2022-01-16, 08:00:00",1.3234,1.3881,1.3116,1.3491,19602321
223,"2022-01-17, 08:00:00",1.3489,1.3516,1.2212,1.2451,16523184
224,"2022-01-18, 08:00:00",1.2454,1.2843,1.2019,1.2716,15913883
225,"2022-01-19, 08:00:00",1.2712,1.2876,1.1825,1.2214,15473609
226,"2022-01-20, 08:00:00",1.2213,1.2785,1.1341,1.1427,18906992
227,"2022-01-21, 08:00:00",1.142,1.156,0.9514,0.9833,23860530
228,"2022-01-22, 08:00:00",0.9825,1.0035,0.7856,0.869,27428976
229,"2022-01-23, 08:00:00",0.87,0.9177,0.8298,0.8805,15729663
230,"2022-01-24, 08:00:00",0.8801,0.8806,0.7271,0.8196,24336155
231,"2022-01-25, 08:00:00",0.8194,0.8807,0.793,0.8513,19315012
232,"2022-01-26, 08:00:00",0.8515,0.9385,0.8406,0.8555,19988818
233,"2022-01-27, 08:00:00",0.8555,0.8979,0.8025,0.861,19318700
234,"2022-01-28, 08:00:00",0.8608,0.9009,0.8339,0.8983,16648734
235,"2022-01-29, 08:00:00",0.8983,0.936,0.8941,0.9241,10593275
236,"2022-01-30, 08:00:00",0.9239,0.9435,0.8784,0.8958,9672802
237,"2022-01-31, 08:00:00",0.8958,0.919,0.8455,0.915,11340731
238,"2022-02-01, 08:00:00",0.9151,0.9504,0.9117,0.9316,10034989
239,"2022-02-02, 08:00:00",0.9317,0.9685,0.8766,0.8826,11794667
240,"2022-02-03, 08:00:00",0.8829,0.8919,0.8375,0.8736,20391176
241,"2022-02-04, 08:00:00",0.8736,1.0141,0.8675,0.9776,26273306
242,"2022-02-05, 08:00:00",0.9779,1.0163,0.946,0.9748,24732322
243,"2022-02-06, 08:00:00",0.9748,1.0238,0.9505,1.0155,23711080
244,"2022-02-07, 08:00:00",1.0153,1.075,0.9924,1.0726,19327614
245,"2022-02-08, 08:00:00",1.0728,1.1012,0.9869,1.0475,21980462
246,"2022-02-09, 08:00:00",1.0476,1.1372,1.0327,1.0858,27623661
247,"2022-02-10, 08:00:00",1.0858,1.1122,1.0171,1.0281,21266963
248,"2022-02-11, 08:00:00",1.0285,1.1426,0.9389,0.9588,27640605
249,"2022-02-12, 08:00:00",0.9588,0.9699,0.9171,0.9432,13466278
250,"2022-02-13, 08:00:00",0.9433,0.9765,0.8759,0.8787,19997359
251,"2022-02-14, 08:00:00",0.8787,0.9135,0.8473,0.9084,17423063
252,"2022-02-15, 08:00:00",0.9086,1.0094,0.9075,1.006,19756854
253,"2022-02-16, 08:00:00",1.0053,1.0098,0.9504,0.9838,18417768
254,"2022-02-17, 08:00:00",0.9831,1.0062,0.8816,0.8933,14308706
255,"2022-02-18, 08:00:00",0.893,0.9172,0.8507,0.8607,13769846
256,"2022-02-19, 08:00:00",0.86,0.8912,0.8251,0.8611,12726459
257,"2022-02-20, 08:00:00",0.8614,0.8618,0.7781,0.795,14381208
258,"2022-02-21, 08:00:00",0.7949,0.847,0.7353,0.7393,26206807
259,"2022-02-22, 08:00:00",0.7397,0.8028,0.713,0.7984,22179463
260,"2022-02-23, 08:00:00",0.7986,0.8564,0.7753,0.7775,21298428
261,"2022-02-24, 08:00:00",0.7773,0.855,0.6574,0.8269,40546317
262,"2022-02-25, 08:00:00",0.8269,0.8923,0.7908,0.8847,39413675
263,"2022-02-26, 08:00:00",0.8845,0.9263,0.8774,0.8956,23940663
264,"2022-02-27, 08:00:00",0.8954,0.9243,0.7979,0.8114,31557971
265,"2022-02-28, 08:00:00",0.8118,0.8815,0.79,0.8766,40630718
266,"2022-03-01, 08:00:00",0.8766,0.9298,0.8675,0.8907,24938916
267,"2022-03-02, 08:00:00",0.8907,0.96,0.8614,0.916,24678662
268,"2022-03-03, 08:00:00",0.9161,0.9319,0.8347,0.8509,17325514
269,"2022-03-04, 08:00:00",0.8507,0.8803,0.7706,0.7799,29650186
270,"2022-03-05, 08:00:00",0.7799,0.8346,0.7501,0.8201,21861494
271,"2022-03-06, 08:00:00",0.8201,0.8317,0.7656,0.7733,21183309
272,"2022-03-07, 08:00:00",0.7736,0.8148,0.7294,0.7612,22976411
273,"2022-03-08, 08:00:00",0.7615,0.8389,0.7548,0.8032,20096297
274,"2022-03-09, 08:00:00",0.8035,0.9271,0.8011,0.9204,28624660
275,"2022-03-10, 08:00:00",0.9204,0.943,0.8112,0.8264,29732124
276,"2022-03-11, 08:00:00",0.8263,0.8563,0.7927,0.8062,23946608
277,"2022-03-12, 08:00:00",0.8063,0.8346,0.7748,0.7762,20343161
278,"2022-03-13, 08:00:00",0.776,0.796,0.7334,0.7432,17886181
279,"2022-03-14, 08:00:00",0.7431,0.7771,0.7311,0.7667,16640763
280,"2022-03-15, 08:00:00",0.7667,0.7812,0.7302,0.771,13272211
281,"2022-03-16, 08:00:00",0.7711,0.8241,0.7605,0.8189,17958929
282,"2022-03-17, 08:00:00",0.8191,0.8425,0.792,0.7927,13249495
283,"2022-03-18, 08:00:00",0.7927,0.8405,0.7747,0.8362,11321125
284,"2022-03-19, 08:00:00",0.836,0.8971,0.8341,0.8628,24691844
285,"2022-03-20, 08:00:00",0.8627,0.87,0.816,0.8468,15564887
286,"2022-03-21, 08:00:00",0.8471,0.913,0.816,0.8496,31918769
287,"2022-03-22, 08:00:00",0.8497,0.9322,0.8433,0.9093,26047051
288,"2022-03-23, 08:00:00",0.9097,0.9589,0.895,0.9558,22608280
289,"2022-03-24, 08:00:00",0.9559,0.9974,0.9325,0.953,19048847
290,"2022-03-25, 08:00:00",0.953,0.9874,0.9236,0.9421,15747455
291,"2022-03-26, 08:00:00",0.9422,1.0163,0.9405,0.998,15089383
292,"2022-03-27, 08:00:00",0.9985,1.0605,0.9821,1.0586,15211888
293,"2022-03-28, 08:00:00",1.058,1.1137,0.9642,1.0035,19971958
294,"2022-03-29, 08:00:00",1.0035,1.0903,1.0005,1.0662,19306933
295,"2022-03-30, 08:00:00",1.0666,1.2096,1.0185,1.1211,36866051
296,"2022-03-31, 08:00:00",1.1214,1.2362,1.08,1.2109,36465195
297,"2022-04-01, 08:00:00",1.2111,1.28,1.1005,1.1715,47207428
298,"2022-04-02, 08:00:00",1.172,1.29,1.1555,1.2149,36054462
299,"2022-04-03, 08:00:00",1.2152,1.2844,1.195,1.2675,16794636
300,"2022-04-04, 08:00:00",1.267,1.2758,1.1333,1.1899,14803282
301,"2022-04-05, 08:00:00",1.1899,1.2191,1.1236,1.1332,8936830
302,"2022-04-06, 08:00:00",1.1339,1.1351,0.9338,0.9393,26352812
303,"2022-04-07, 08:00:00",0.9393,1.0166,0.9232,1.003,17538773
304,"2022-04-08, 08:00:00",1.003,1.0147,0.8747,0.8859,17224172
305,"2022-04-09, 08:00:00",0.8859,0.9369,0.8835,0.9358,12545900
306,"2022-04-10, 08:00:00",0.9356,0.9407,0.8827,0.888,11975209
307,"2022-04-11, 08:00:00",0.8876,0.8915,0.7762,0.7945,19608868
308,"2022-04-12, 08:00:00",0.7948,0.8659,0.7869,0.843,18815444
309,"2022-04-13, 08:00:00",0.8434,0.8931,0.821,0.8825,13554975
310,"2022-04-14, 08:00:00",0.8826,0.9066,0.8365,0.8644,15778294
311,"2022-04-15, 08:00:00",0.8643,0.899,0.8502,0.8649,14421890
312,"2022-04-16, 08:00:00",0.8654,0.8862,0.8473,0.857,13338834
313,"2022-04-17, 08:00:00",0.8569,0.876,0.8004,0.8047,12939752
314,"2022-04-18, 08:00:00",0.8048,0.8574,0.7645,0.8552,21292599
315,"2022-04-19, 08:00:00",0.8552,0.9372,0.8421,0.8822,31738428
316,"2022-04-20, 08:00:00",0.882,0.909,0.8558,0.8772,19458446
317,"2022-04-21, 08:00:00",0.8769,0.9046,0.8106,0.8276,19602813
318,"2022-04-22, 08:00:00",0.8277,0.862,0.8209,0.8411,17875434
319,"2022-04-23, 08:00:00",0.8412,0.8652,0.8236,0.8404,15471016
320,"2022-04-24, 08:00:00",0.8402,0.8607,0.8229,0.8498,15432199
321,"2022-04-25, 08:00:00",0.8498,0.8531,0.77,0.8439,20071930
322,"2022-04-26, 08:00:00",0.8438,0.8571,0.736,0.7478,17102375
323,"2022-04-27, 08:00:00",0.7473,0.7914,0.7373,0.7843,15135105
324,"2022-04-28, 08:00:00",0.7843,0.8067,0.7698,0.7868,18951293
325,"2022-04-29, 08:00:00",0.7868,0.8042,0.7033,0.71,22346684
326,"2022-04-30, 08:00:00",0.7101,0.7212,0.594,0.6238,27348834
327,"2022-05-01, 08:00:00",0.6238,0.6787,0.6101,0.672,37971668
328,"2022-05-02, 08:00:00",0.6719,0.6891,0.6287,0.6575,25177248
329,"2022-05-03, 08:00:00",0.6574,0.6915,0.6372,0.6564,39074621
330,"2022-05-04, 08:00:00",0.6564,0.7195,0.6544,0.7168,22281353
331,"2022-05-05, 08:00:00",0.7169,0.7261,0.6102,0.6383,25328932
332,"2022-05-06, 08:00:00",0.6383,0.652,0.6077,0.6414,24147532
333,"2022-05-07, 08:00:00",0.6414,0.647,0.5918,0.6125,21449892
334,"2022-05-08, 08:00:00",0.6126,0.6361,0.5923,0.6141,24370109
335,"2022-05-09, 08:00:00",0.6143,0.6331,0.4701,0.4764,45988797
336,"2022-05-10, 08:00:00",0.4764,0.561,0.4609,0.5051,57905733
337,"2022-05-11, 08:00:00",0.505,0.5235,0.2915,0.2984,97707735
338,"2022-05-12, 08:00:00",0.2984,0.3195,0.2133,0.2428,208193990
339,"2022-05-13, 08:00:00",0.2429,0.325,0.2389,0.2828,74296910
340,"2022-05-14, 08:00:00",0.2827,0.3086,0.263,0.3046,47064604
341,"2022-05-15, 08:00:00",0.3045,0.3284,0.2895,0.3283,39913214
342,"2022-05-16, 08:00:00",0.328,0.3281,0.2838,0.3071,50797416
343,"2022-05-17, 08:00:00",0.3071,0.3469,0.3061,0.3409,83112351
344,"2022-05-18, 08:00:00",0.3409,0.3583,0.2944,0.2962,63326028
345,"2022-05-19, 08:00:00",0.2963,0.3412,0.2878,0.3372,50060466
346,"2022-05-20, 08:00:00",0.3374,0.3477,0.3065,0.3255,51593426
347,"2022-05-21, 08:00:00",0.3255,0.3906,0.3231,0.3624,102792344
348,"2022-05-22, 08:00:00",0.3623,0.3848,0.345,0.3758,79026383
349,"2022-05-23, 08:00:00",0.3756,0.3858,0.3388,0.3467,64758547
350,"2022-05-24, 08:00:00",0.3466,0.3937,0.3319,0.3832,82327863
351,"2022-05-25, 08:00:00",0.3832,0.436,0.3689,0.3963,477056827
352,"2022-05-26, 08:00:00",0.3962,0.4032,0.3284,0.3383,142337135
353,"2022-05-27, 08:00:00",0.3379,0.3455,0.3,0.3167,98393122
354,"2022-05-28, 08:00:00",0.3167,0.3804,0.3121,0.378,237275651
355,"2022-05-29, 08:00:00",0.378,1.2037,0.37,0.912,3855890815
356,"2022-05-30, 08:00:00",0.912,1.2998,0.8749,1.0111,1817622301
357,"2022-05-31, 08:00:00",1.0107,1.03,0.8235,0.8581,632339198
358,"2022-06-01, 08:00:00",0.8584,0.899,0.7053,0.7344,479605698
359,"2022-06-02, 08:00:00",0.7344,0.7643,0.6937,0.7218,220524697
360,"2022-06-03, 08:00:00",0.7218,1.1125,0.7169,1.0647,1472564993
361,"2022-06-04, 08:00:00",1.0647,1.065,0.8442,0.8535,718019356
362,"2022-06-05, 08:00:00",0.8533,0.8779,0.7806,0.8027,380833835
363,"2022-06-06, 08:00:00",0.8028,1.1298,0.7937,1.0536,1273558481
364,"2022-06-07, 08:00:00",1.0534,2.3705,0.873,1.8058,1120403887
