,date,open,high,low,close,volume
0,"2021-06-08, 00:00:00",29.851,29.957,28.34,28.601,174290.7
1,"2021-06-08, 04:00:00",28.599,28.75,26.598,27.12,169237.2
2,"2021-06-08, 08:00:00",27.112,27.553,25.256,25.851,134760.4
3,"2021-06-08, 12:00:00",25.856,26.279,25.151,26.061,96791.1
4,"2021-06-08, 16:00:00",26.076,26.349,25.462,26.276,118249.2
5,"2021-06-08, 20:00:00",26.278,26.435,23.484,24.317,238514.5
6,"2021-06-09, 00:00:00",24.323,25.177,24.16,25.134,152604.2
7,"2021-06-09, 04:00:00",25.131,25.6,24.9,25.077,101870.2
8,"2021-06-09, 08:00:00",25.072,25.268,23.947,24.409,131839.0
9,"2021-06-09, 12:00:00",24.416,25.734,23.974,25.309,124538.0
10,"2021-06-09, 16:00:00",25.317,25.782,24.837,25.694,164799.8
11,"2021-06-09, 20:00:00",25.697,26.26,24.715,26.154,146806.0
12,"2021-06-10, 00:00:00",26.174,26.619,25.683,25.914,125565.4
13,"2021-06-10, 04:00:00",25.93,26.281,25.635,26.244,59931.1
14,"2021-06-10, 08:00:00",26.243,26.364,25.45,25.516,67721.9
15,"2021-06-10, 12:00:00",25.512,25.694,25.04,25.503,83544.0
16,"2021-06-10, 16:00:00",25.503,26.089,24.817,25.717,85635.8
17,"2021-06-10, 20:00:00",25.709,25.731,24.443,24.813,101565.7
18,"2021-06-11, 00:00:00",24.809,24.961,24.109,24.358,146218.3
19,"2021-06-11, 04:00:00",24.36,24.838,23.921,24.501,63618.0
20,"2021-06-11, 08:00:00",24.507,24.786,23.606,24.37,93774.5
21,"2021-06-11, 12:00:00",24.383,24.651,23.707,23.94,83554.2
22,"2021-06-11, 16:00:00",23.944,24.52,23.934,24.295,56143.3
23,"2021-06-11, 20:00:00",24.312,24.616,23.497,23.593,76843.5
24,"2021-06-12, 00:00:00",23.592,23.773,23.203,23.368,66198.5
25,"2021-06-12, 04:00:00",23.367,23.588,22.623,23.073,75361.0
26,"2021-06-12, 08:00:00",23.067,23.141,21.581,22.031,181036.8
27,"2021-06-12, 12:00:00",22.031,22.3,21.566,22.143,83408.5
28,"2021-06-12, 16:00:00",22.142,22.945,21.7,22.669,117843.4
29,"2021-06-12, 20:00:00",22.675,23.206,22.551,22.618,87460.7
30,"2021-06-13, 00:00:00",22.616,23.278,22.482,22.9,163339.0
31,"2021-06-13, 04:00:00",22.902,23.265,22.295,22.47,204176.4
32,"2021-06-13, 08:00:00",22.466,23.088,22.04,22.041,107605.3
33,"2021-06-13, 12:00:00",22.048,22.226,21.793,22.048,91357.5
34,"2021-06-13, 16:00:00",22.047,22.49,21.954,22.347,57972.5
35,"2021-06-13, 20:00:00",22.34,22.511,21.877,22.115,76176.7
36,"2021-06-14, 00:00:00",22.116,23.113,22.024,22.955,71490.7
37,"2021-06-14, 04:00:00",22.958,23.908,22.942,23.711,115766.0
38,"2021-06-14, 08:00:00",23.723,23.952,23.378,23.511,71133.4
39,"2021-06-14, 12:00:00",23.523,23.958,23.34,23.926,65571.3
40,"2021-06-14, 16:00:00",23.927,23.928,23.237,23.381,65263.8
41,"2021-06-14, 20:00:00",23.381,24.575,23.295,24.475,152450.8
42,"2021-06-15, 00:00:00",24.483,24.69,23.358,23.628,121803.0
43,"2021-06-15, 04:00:00",23.641,24.238,23.463,24.222,71139.4
44,"2021-06-15, 08:00:00",24.222,24.598,24.079,24.26,61971.6
45,"2021-06-15, 12:00:00",24.277,25.151,24.141,24.973,158788.5
46,"2021-06-15, 16:00:00",24.974,25.035,24.077,24.218,107757.0
47,"2021-06-15, 20:00:00",24.228,24.669,23.756,23.95,106037.7
48,"2021-06-16, 00:00:00",23.945,24.635,23.78,23.856,85335.4
49,"2021-06-16, 04:00:00",23.86,24.14,23.501,23.912,58046.5
50,"2021-06-16, 08:00:00",23.9,23.913,23.171,23.58,83922.7
51,"2021-06-16, 12:00:00",23.573,24.017,23.448,23.816,51363.7
52,"2021-06-16, 16:00:00",23.814,24.033,22.594,22.725,90081.0
53,"2021-06-16, 20:00:00",22.724,23.035,22.523,22.887,70137.5
54,"2021-06-17, 00:00:00",22.894,23.181,22.348,22.859,127751.4
55,"2021-06-17, 04:00:00",22.855,22.876,22.042,22.258,77011.2
56,"2021-06-17, 08:00:00",22.258,22.95,22.134,22.927,49236.6
57,"2021-06-17, 12:00:00",22.929,23.292,22.826,23.119,57153.5
58,"2021-06-17, 16:00:00",23.118,23.242,22.821,22.861,46442.0
59,"2021-06-17, 20:00:00",22.864,22.874,22.365,22.639,82343.1
60,"2021-06-18, 00:00:00",22.637,22.705,21.713,21.991,112564.8
61,"2021-06-18, 04:00:00",21.986,22.493,21.75,22.378,93633.3
62,"2021-06-18, 08:00:00",22.388,22.432,21.623,21.971,76643.7
63,"2021-06-18, 12:00:00",21.983,22.233,21.818,22.153,67731.4
64,"2021-06-18, 16:00:00",22.147,22.266,21.137,21.67,136783.7
65,"2021-06-18, 20:00:00",21.672,21.756,20.522,20.581,115782.0
66,"2021-06-19, 00:00:00",20.584,20.91,18.732,18.763,265436.7
67,"2021-06-19, 04:00:00",18.763,19.722,18.713,19.675,218397.5
68,"2021-06-19, 08:00:00",19.672,19.98,19.108,19.368,153847.0
69,"2021-06-19, 12:00:00",19.374,19.94,19.216,19.878,154849.4
70,"2021-06-19, 16:00:00",19.879,20.075,19.555,19.833,133979.3
71,"2021-06-19, 20:00:00",19.83,20.167,19.448,19.802,130455.5
72,"2021-06-20, 00:00:00",19.798,19.85,18.97,19.48,145677.7
73,"2021-06-20, 04:00:00",19.479,19.599,18.759,18.778,108400.6
74,"2021-06-20, 08:00:00",18.784,19.029,18.537,18.958,96987.2
75,"2021-06-20, 12:00:00",18.952,19.285,18.883,19.067,71303.7
76,"2021-06-20, 16:00:00",19.067,19.137,17.606,17.687,217850.2
77,"2021-06-20, 20:00:00",17.68,18.36,17.465,18.221,128826.4
78,"2021-06-21, 00:00:00",18.221,19.171,18.113,19.157,94175.3
79,"2021-06-21, 04:00:00",19.164,19.634,19.098,19.372,87237.2
80,"2021-06-21, 08:00:00",19.366,19.599,18.462,18.48,91238.9
81,"2021-06-21, 12:00:00",18.468,18.504,17.03,17.299,294798.7
82,"2021-06-21, 16:00:00",17.3,17.467,15.974,16.653,250851.7
83,"2021-06-21, 20:00:00",16.654,17.047,16.06,16.667,187123.3
84,"2021-06-22, 00:00:00",16.666,16.826,16.0,16.322,196440.5
85,"2021-06-22, 04:00:00",16.331,16.48,15.062,15.363,251028.7
86,"2021-06-22, 08:00:00",15.363,16.67,15.059,16.518,225309.7
87,"2021-06-22, 12:00:00",16.522,16.61,15.965,16.198,143771.9
88,"2021-06-22, 16:00:00",16.22,16.245,15.16,15.236,275572.2
89,"2021-06-22, 20:00:00",15.237,15.31,13.537,15.255,487644.3
90,"2021-06-23, 00:00:00",15.255,16.068,15.164,15.519,271084.5
91,"2021-06-23, 04:00:00",15.49,16.378,15.459,16.266,306467.1
92,"2021-06-23, 08:00:00",16.267,17.463,15.482,17.135,305092.1
93,"2021-06-23, 12:00:00",17.147,17.53,16.956,17.148,133747.4
94,"2021-06-23, 16:00:00",17.145,17.674,16.72,17.159,183695.1
95,"2021-06-23, 20:00:00",17.158,17.799,16.702,16.793,297947.5
96,"2021-06-24, 00:00:00",16.786,17.104,16.033,16.057,210702.7
97,"2021-06-24, 04:00:00",16.064,16.834,16.032,16.791,131682.2
98,"2021-06-24, 08:00:00",16.794,17.227,16.177,17.055,527562.3
99,"2021-06-24, 12:00:00",17.055,17.251,16.754,16.955,193778.6
100,"2021-06-24, 16:00:00",16.954,17.659,16.902,17.625,180091.3
101,"2021-06-24, 20:00:00",17.628,17.956,17.473,17.626,170553.4
102,"2021-06-25, 00:00:00",17.627,18.244,17.527,18.031,107515.9
103,"2021-06-25, 04:00:00",18.032,18.116,17.618,18.036,112183.6
104,"2021-06-25, 08:00:00",18.038,18.258,17.427,17.898,178228.5
105,"2021-06-25, 12:00:00",17.896,17.9,17.004,17.173,129939.5
106,"2021-06-25, 16:00:00",17.17,17.261,16.397,16.477,169821.6
107,"2021-06-25, 20:00:00",16.471,16.712,15.911,16.093,183529.3
108,"2021-06-26, 00:00:00",16.1,16.39,15.717,16.299,201137.2
109,"2021-06-26, 04:00:00",16.294,16.409,15.77,15.834,115249.9
110,"2021-06-26, 08:00:00",15.829,16.331,15.701,16.047,173233.4
111,"2021-06-26, 12:00:00",16.054,16.371,15.22,15.285,147782.3
112,"2021-06-26, 16:00:00",15.283,15.852,15.0,15.79,135294.9
113,"2021-06-26, 20:00:00",15.789,15.903,14.689,14.807,357329.3
114,"2021-06-27, 00:00:00",14.806,14.975,14.508,14.832,321512.2
115,"2021-06-27, 04:00:00",14.83,15.174,14.56,15.169,178719.6
116,"2021-06-27, 08:00:00",15.175,15.609,15.033,15.526,172235.7
117,"2021-06-27, 12:00:00",15.538,15.621,15.3,15.567,176893.3
118,"2021-06-27, 16:00:00",15.562,15.64,15.044,15.308,146259.7
119,"2021-06-27, 20:00:00",15.302,15.513,15.174,15.382,94921.9
120,"2021-06-28, 00:00:00",15.366,15.475,14.868,15.083,99992.1
121,"2021-06-28, 04:00:00",15.083,16.428,14.945,16.363,157531.1
122,"2021-06-28, 08:00:00",16.369,16.706,16.216,16.53,162060.6
123,"2021-06-28, 12:00:00",16.53,17.528,16.53,17.525,193182.8
124,"2021-06-28, 16:00:00",17.526,18.128,17.4,17.618,512551.3
125,"2021-06-28, 20:00:00",17.61,18.981,17.474,18.923,719489.6
126,"2021-06-29, 00:00:00",18.936,19.388,18.222,18.893,523206.0
127,"2021-06-29, 04:00:00",18.898,19.492,18.499,18.78,400047.2
128,"2021-06-29, 08:00:00",18.785,19.397,18.717,19.159,242796.3
129,"2021-06-29, 12:00:00",19.159,19.773,18.915,19.31,219842.8
130,"2021-06-29, 16:00:00",19.309,19.869,19.152,19.65,222433.4
131,"2021-06-29, 20:00:00",19.651,21.588,19.512,21.006,475639.1
132,"2021-06-30, 00:00:00",21.012,21.264,20.574,20.819,215596.2
133,"2021-06-30, 04:00:00",20.811,20.92,20.024,20.543,197204.5
134,"2021-06-30, 08:00:00",20.548,20.726,19.655,19.701,202045.1
135,"2021-06-30, 12:00:00",19.696,19.921,19.278,19.855,196833.8
136,"2021-06-30, 16:00:00",19.859,19.859,19.165,19.699,181731.3
137,"2021-06-30, 20:00:00",19.706,20.38,19.354,20.049,498112.5
138,"2021-07-01, 00:00:00",20.047,21.9,19.762,21.855,319533.9
139,"2021-07-01, 04:00:00",21.862,22.362,21.65,22.227,363694.0
140,"2021-07-01, 08:00:00",22.214,22.238,20.83,20.87,195665.4
141,"2021-07-01, 12:00:00",20.862,21.352,20.185,20.199,223164.9
142,"2021-07-01, 16:00:00",20.186,20.527,19.751,20.314,286707.0
143,"2021-07-01, 20:00:00",20.314,20.449,19.878,20.165,216870.1
144,"2021-07-02, 00:00:00",20.165,20.339,19.731,20.014,176222.4
145,"2021-07-02, 04:00:00",19.995,20.465,19.982,20.039,116679.0
146,"2021-07-02, 08:00:00",20.033,20.364,19.237,19.358,193160.2
147,"2021-07-02, 12:00:00",19.357,19.76,19.256,19.666,152498.0
148,"2021-07-02, 16:00:00",19.669,19.981,19.367,19.634,138984.0
149,"2021-07-02, 20:00:00",19.617,20.496,19.495,20.431,114387.4
150,"2021-07-03, 00:00:00",20.43,20.637,20.169,20.336,119998.3
151,"2021-07-03, 04:00:00",20.35,21.336,20.165,21.218,167132.8
152,"2021-07-03, 08:00:00",21.218,21.342,20.793,20.975,133469.7
153,"2021-07-03, 12:00:00",20.982,22.152,20.872,21.94,159428.7
154,"2021-07-03, 16:00:00",21.953,23.028,21.937,22.527,535492.8
155,"2021-07-03, 20:00:00",22.528,22.63,22.093,22.285,185344.5
156,"2021-07-04, 00:00:00",22.279,22.437,22.101,22.388,115532.2
157,"2021-07-04, 04:00:00",22.392,22.555,22.0,22.451,132518.9
158,"2021-07-04, 08:00:00",22.451,22.711,22.0,22.344,137433.7
159,"2021-07-04, 12:00:00",22.348,24.654,22.329,24.525,330126.6
160,"2021-07-04, 16:00:00",24.527,25.125,24.17,25.027,308871.7
161,"2021-07-04, 20:00:00",25.018,25.358,24.318,25.002,223464.8
162,"2021-07-05, 00:00:00",25.005,25.827,24.821,25.55,224870.4
163,"2021-07-05, 04:00:00",25.546,25.935,24.833,25.207,239919.9
164,"2021-07-05, 08:00:00",25.217,25.456,24.24,24.439,248663.9
165,"2021-07-05, 12:00:00",24.434,24.836,24.2,24.513,149667.3
166,"2021-07-05, 16:00:00",24.515,25.586,23.565,23.677,372514.9
167,"2021-07-05, 20:00:00",23.688,24.279,23.584,23.993,189253.7
168,"2021-07-06, 00:00:00",23.996,24.929,23.588,24.812,180954.2
169,"2021-07-06, 04:00:00",24.802,25.055,24.267,24.292,109949.6
170,"2021-07-06, 08:00:00",24.309,25.103,24.268,25.087,163813.2
171,"2021-07-06, 12:00:00",25.085,26.324,25.046,26.277,218328.4
172,"2021-07-06, 16:00:00",26.271,26.4,25.019,25.646,202973.2
173,"2021-07-06, 20:00:00",25.645,26.295,25.284,25.473,148460.4
174,"2021-07-07, 00:00:00",25.483,25.652,24.81,25.204,132514.8
175,"2021-07-07, 04:00:00",25.203,25.289,24.383,24.829,77258.7
176,"2021-07-07, 08:00:00",24.817,24.954,24.305,24.924,107058.7
177,"2021-07-07, 12:00:00",24.924,25.476,24.824,25.026,150610.4
178,"2021-07-07, 16:00:00",25.034,25.322,24.726,25.201,92135.5
179,"2021-07-07, 20:00:00",25.202,25.388,24.616,24.69,113549.8
180,"2021-07-08, 00:00:00",24.689,25.455,24.567,25.314,92580.1
181,"2021-07-08, 04:00:00",25.311,25.534,24.214,24.351,102897.0
182,"2021-07-08, 08:00:00",24.349,24.387,23.302,23.589,153256.1
183,"2021-07-08, 12:00:00",23.587,23.587,22.218,22.424,191760.5
184,"2021-07-08, 16:00:00",22.43,22.743,21.81,22.413,150858.6
185,"2021-07-08, 20:00:00",22.413,22.789,21.889,22.606,184226.6
186,"2021-07-09, 00:00:00",22.604,22.848,22.299,22.677,107244.4
187,"2021-07-09, 04:00:00",22.679,22.735,21.61,22.068,115257.8
188,"2021-07-09, 08:00:00",22.068,22.135,21.179,22.081,127313.5
189,"2021-07-09, 12:00:00",22.076,22.405,21.904,22.016,85819.0
190,"2021-07-09, 16:00:00",22.017,22.024,21.414,21.581,127931.2
191,"2021-07-09, 20:00:00",21.581,22.782,21.37,22.669,118695.1
192,"2021-07-10, 00:00:00",22.669,22.756,22.153,22.295,47258.1
193,"2021-07-10, 04:00:00",22.291,22.597,22.206,22.326,42101.1
194,"2021-07-10, 08:00:00",22.327,22.893,21.976,22.086,53550.7
195,"2021-07-10, 12:00:00",22.076,22.204,21.713,22.016,49071.8
196,"2021-07-10, 16:00:00",22.017,22.17,21.58,21.956,81603.7
197,"2021-07-10, 20:00:00",21.961,22.079,21.664,22.007,57550.7
198,"2021-07-11, 00:00:00",22.002,22.33,21.359,21.567,72146.1
199,"2021-07-11, 04:00:00",21.566,21.952,21.31,21.828,52246.9
200,"2021-07-11, 08:00:00",21.837,22.048,21.371,21.454,50851.2
201,"2021-07-11, 12:00:00",21.462,21.763,21.344,21.725,51573.5
202,"2021-07-11, 16:00:00",21.716,21.938,21.509,21.803,48926.9
203,"2021-07-11, 20:00:00",21.806,22.065,21.613,22.02,41717.4
204,"2021-07-12, 00:00:00",22.016,22.081,21.791,21.823,39539.2
205,"2021-07-12, 04:00:00",21.821,22.295,21.76,21.967,50396.4
206,"2021-07-12, 08:00:00",21.974,23.032,21.713,22.737,155911.1
207,"2021-07-12, 12:00:00",22.732,22.816,22.013,22.109,187108.5
208,"2021-07-12, 16:00:00",22.104,22.248,21.505,21.505,77810.3
209,"2021-07-12, 20:00:00",21.5,21.694,21.225,21.283,88295.7
210,"2021-07-13, 00:00:00",21.273,21.353,20.342,20.593,117192.4
211,"2021-07-13, 04:00:00",20.586,20.878,20.42,20.777,50210.9
212,"2021-07-13, 08:00:00",20.766,20.921,20.48,20.722,58350.4
213,"2021-07-13, 12:00:00",20.721,20.83,20.105,20.763,90218.1
214,"2021-07-13, 16:00:00",20.765,20.964,20.343,20.47,82740.3
215,"2021-07-13, 20:00:00",20.462,20.551,19.863,20.381,149281.1
216,"2021-07-14, 00:00:00",20.387,20.496,19.613,19.658,89970.0
217,"2021-07-14, 04:00:00",19.658,19.906,19.523,19.838,62599.9
218,"2021-07-14, 08:00:00",19.838,19.88,18.559,19.008,126154.5
219,"2021-07-14, 12:00:00",19.009,19.211,18.595,18.984,97016.1
220,"2021-07-14, 16:00:00",18.984,19.534,18.55,19.434,104429.9
221,"2021-07-14, 20:00:00",19.445,20.106,19.321,19.834,82743.4
222,"2021-07-15, 00:00:00",19.833,20.113,19.639,19.676,54658.2
223,"2021-07-15, 04:00:00",19.68,20.126,19.671,19.982,30519.2
224,"2021-07-15, 08:00:00",19.977,20.388,19.623,19.788,77127.1
225,"2021-07-15, 12:00:00",19.785,19.854,19.508,19.616,58859.0
226,"2021-07-15, 16:00:00",19.615,19.875,19.033,19.211,85149.5
227,"2021-07-15, 20:00:00",19.211,19.463,18.782,19.018,71505.2
228,"2021-07-16, 00:00:00",19.016,19.165,18.609,18.915,77507.6
229,"2021-07-16, 04:00:00",18.914,19.068,18.61,18.88,46044.0
230,"2021-07-16, 08:00:00",18.878,19.211,18.56,19.016,57318.9
231,"2021-07-16, 12:00:00",19.023,19.135,18.35,18.485,72559.9
232,"2021-07-16, 16:00:00",18.491,18.498,17.708,17.781,103634.4
233,"2021-07-16, 20:00:00",17.769,18.576,17.758,18.569,81025.1
234,"2021-07-17, 00:00:00",18.561,18.589,18.186,18.262,66591.9
235,"2021-07-17, 04:00:00",18.258,18.356,17.509,17.531,113875.8
236,"2021-07-17, 08:00:00",17.53,17.943,17.264,17.469,114893.9
237,"2021-07-17, 12:00:00",17.465,17.837,17.389,17.65,75136.4
238,"2021-07-17, 16:00:00",17.645,18.169,17.377,17.696,244646.4
239,"2021-07-17, 20:00:00",17.701,17.899,17.544,17.738,75363.6
240,"2021-07-18, 00:00:00",17.736,18.089,17.656,18.016,65110.1
241,"2021-07-18, 04:00:00",18.014,18.074,17.651,17.726,45703.0
242,"2021-07-18, 08:00:00",17.725,18.622,17.68,18.502,75137.4
243,"2021-07-18, 12:00:00",18.503,18.573,18.19,18.344,47219.4
244,"2021-07-18, 16:00:00",18.341,20.4,18.223,19.274,1084917.2
245,"2021-07-18, 20:00:00",19.277,19.391,18.206,18.273,438196.9
246,"2021-07-19, 00:00:00",18.269,18.637,18.19,18.37,144164.8
247,"2021-07-19, 04:00:00",18.369,18.594,17.992,18.199,187860.5
248,"2021-07-19, 08:00:00",18.199,18.417,17.707,17.909,187468.8
249,"2021-07-19, 12:00:00",17.912,18.328,17.909,18.023,96421.6
250,"2021-07-19, 16:00:00",18.016,18.153,17.506,17.631,354938.8
251,"2021-07-19, 20:00:00",17.634,17.735,16.94,17.063,489571.2
252,"2021-07-20, 00:00:00",17.06,17.319,16.978,17.285,142718.9
253,"2021-07-20, 04:00:00",17.297,17.353,16.86,16.991,123346.9
254,"2021-07-20, 08:00:00",16.992,17.282,16.001,16.208,235725.3
255,"2021-07-20, 12:00:00",16.208,16.465,16.057,16.33,113364.9
256,"2021-07-20, 16:00:00",16.33,16.393,15.736,16.127,167070.7
257,"2021-07-20, 20:00:00",16.127,16.56,15.832,16.446,256856.2
258,"2021-07-21, 00:00:00",16.446,16.509,16.205,16.282,98056.1
259,"2021-07-21, 04:00:00",16.276,16.43,15.851,16.024,100943.6
260,"2021-07-21, 08:00:00",16.025,16.299,15.649,16.225,161467.5
261,"2021-07-21, 12:00:00",16.221,17.051,16.217,16.855,183712.6
262,"2021-07-21, 16:00:00",16.859,17.395,16.742,17.351,106438.6
263,"2021-07-21, 20:00:00",17.353,17.865,17.126,17.693,152315.2
264,"2021-07-22, 00:00:00",17.692,18.167,17.36,17.395,203481.7
265,"2021-07-22, 04:00:00",17.387,17.637,17.101,17.634,106474.9
266,"2021-07-22, 08:00:00",17.647,17.887,17.21,17.326,80217.2
267,"2021-07-22, 12:00:00",17.327,17.92,17.304,17.669,129408.2
268,"2021-07-22, 16:00:00",17.67,18.005,17.4,17.601,124902.4
269,"2021-07-22, 20:00:00",17.595,18.437,17.201,18.276,202788.1
270,"2021-07-23, 00:00:00",18.272,18.322,17.925,18.144,204310.9
271,"2021-07-23, 04:00:00",18.144,18.214,17.562,17.857,122884.1
272,"2021-07-23, 08:00:00",17.854,18.614,17.745,18.281,209611.5
273,"2021-07-23, 12:00:00",18.282,18.548,18.033,18.266,95964.6
274,"2021-07-23, 16:00:00",18.266,18.34,17.91,18.079,124157.4
275,"2021-07-23, 20:00:00",18.07,18.564,17.964,18.074,231829.3
276,"2021-07-24, 00:00:00",18.064,18.085,17.421,17.709,153182.5
277,"2021-07-24, 04:00:00",17.707,18.652,17.677,18.632,126189.0
278,"2021-07-24, 08:00:00",18.632,18.732,18.374,18.693,99269.7
279,"2021-07-24, 12:00:00",18.696,18.783,18.454,18.722,78001.0
280,"2021-07-24, 16:00:00",18.722,19.189,18.387,19.114,197187.7
281,"2021-07-24, 20:00:00",19.108,19.41,18.871,18.89,212366.9
282,"2021-07-25, 00:00:00",18.891,19.448,18.701,18.78,160536.0
283,"2021-07-25, 04:00:00",18.779,19.218,18.586,19.172,125347.9
284,"2021-07-25, 08:00:00",19.182,19.283,18.533,18.849,94290.2
285,"2021-07-25, 12:00:00",18.852,19.183,18.768,19.111,82047.2
286,"2021-07-25, 16:00:00",19.104,19.162,18.659,18.726,95377.5
287,"2021-07-25, 20:00:00",18.724,18.744,18.144,18.438,147107.1
288,"2021-07-26, 00:00:00",18.437,18.808,18.354,18.728,109071.4
289,"2021-07-26, 04:00:00",18.717,19.084,18.591,19.072,97597.1
290,"2021-07-26, 08:00:00",19.073,20.334,18.962,20.229,254562.2
291,"2021-07-26, 12:00:00",20.228,21.411,20.173,20.844,485879.8
292,"2021-07-26, 16:00:00",20.855,21.345,20.603,21.294,242279.1
293,"2021-07-26, 20:00:00",21.288,21.378,20.43,20.903,213644.8
294,"2021-07-27, 00:00:00",20.914,21.575,20.873,20.934,184343.1
295,"2021-07-27, 04:00:00",20.932,20.992,19.415,19.535,238310.1
296,"2021-07-27, 08:00:00",19.525,19.756,18.768,19.051,139120.8
297,"2021-07-27, 12:00:00",19.049,19.335,18.949,19.25,101058.2
298,"2021-07-27, 16:00:00",19.247,19.922,19.111,19.922,91551.4
299,"2021-07-27, 20:00:00",19.926,20.255,19.524,19.919,192053.3
300,"2021-07-28, 00:00:00",19.904,20.055,19.125,19.424,116824.4
301,"2021-07-28, 04:00:00",19.435,20.153,19.392,20.038,117571.1
302,"2021-07-28, 08:00:00",20.037,20.297,19.65,19.845,120558.4
303,"2021-07-28, 12:00:00",19.84,20.077,19.509,19.985,100094.9
304,"2021-07-28, 16:00:00",19.982,20.35,19.862,20.243,128358.9
305,"2021-07-28, 20:00:00",20.233,20.266,19.66,19.939,90044.8
306,"2021-07-29, 00:00:00",19.941,20.516,19.559,20.004,158696.8
307,"2021-07-29, 04:00:00",19.997,20.049,19.61,19.869,97541.0
308,"2021-07-29, 08:00:00",19.874,19.919,19.318,19.403,96739.9
309,"2021-07-29, 12:00:00",19.397,19.71,19.269,19.635,93118.6
310,"2021-07-29, 16:00:00",19.626,20.025,19.523,19.733,100896.9
311,"2021-07-29, 20:00:00",19.734,19.87,19.513,19.743,80507.7
312,"2021-07-30, 00:00:00",19.741,19.921,19.555,19.665,63509.6
313,"2021-07-30, 04:00:00",19.662,20.327,19.594,20.161,73267.9
314,"2021-07-30, 08:00:00",20.167,20.77,19.964,20.589,108472.7
315,"2021-07-30, 12:00:00",20.593,20.724,20.35,20.408,123876.2
316,"2021-07-30, 16:00:00",20.409,20.445,19.421,19.543,131221.9
317,"2021-07-30, 20:00:00",19.54,19.869,19.437,19.865,86214.4
318,"2021-07-31, 00:00:00",19.863,20.132,19.805,20.092,170266.4
319,"2021-07-31, 04:00:00",20.091,20.751,20.065,20.701,170953.0
320,"2021-07-31, 08:00:00",20.701,20.933,20.42,20.697,121019.9
321,"2021-07-31, 12:00:00",20.7,20.776,20.287,20.672,104041.2
322,"2021-07-31, 16:00:00",20.65,21.21,20.635,20.922,246730.3
323,"2021-07-31, 20:00:00",20.922,21.3,20.78,21.202,287309.5
324,"2021-08-01, 00:00:00",21.204,21.3,20.919,21.206,154347.0
325,"2021-08-01, 04:00:00",21.203,21.785,21.038,21.64,138639.9
326,"2021-08-01, 08:00:00",21.646,22.338,21.424,22.314,158897.3
327,"2021-08-01, 12:00:00",22.304,22.44,21.64,21.724,156128.1
328,"2021-08-01, 16:00:00",21.724,22.82,21.673,22.687,588520.0
329,"2021-08-01, 20:00:00",22.687,22.989,22.3,22.4,406117.2
330,"2021-08-02, 00:00:00",22.402,22.62,21.673,22.539,272353.1
331,"2021-08-02, 04:00:00",22.54,22.878,20.7,21.309,228364.0
332,"2021-08-02, 08:00:00",21.316,21.741,20.952,21.683,119057.2
333,"2021-08-02, 12:00:00",21.681,22.378,21.369,22.137,154680.7
334,"2021-08-02, 16:00:00",22.137,22.198,21.575,21.865,103678.2
335,"2021-08-02, 20:00:00",21.857,22.236,21.351,22.049,124835.7
336,"2021-08-03, 00:00:00",22.046,22.298,21.723,21.836,113588.0
337,"2021-08-03, 04:00:00",21.832,22.24,21.621,22.003,99700.6
338,"2021-08-03, 08:00:00",22.012,22.26,21.153,21.307,129441.9
339,"2021-08-03, 12:00:00",21.31,21.385,20.524,20.883,146645.0
340,"2021-08-03, 16:00:00",20.884,21.268,20.625,20.943,223128.0
341,"2021-08-03, 20:00:00",20.944,22.499,20.46,21.721,589786.4
342,"2021-08-04, 00:00:00",21.721,22.003,21.224,21.722,320852.8
343,"2021-08-04, 04:00:00",21.715,22.023,21.363,21.67,156295.4
344,"2021-08-04, 08:00:00",21.67,21.982,21.298,21.819,120864.2
345,"2021-08-04, 12:00:00",21.817,22.185,21.431,21.576,162765.5
346,"2021-08-04, 16:00:00",21.573,21.892,21.41,21.851,133745.9
347,"2021-08-04, 20:00:00",21.857,22.903,21.851,22.78,255893.0
348,"2021-08-05, 00:00:00",22.779,23.039,22.297,22.464,184504.7
349,"2021-08-05, 04:00:00",22.464,22.911,22.354,22.667,125470.8
350,"2021-08-05, 08:00:00",22.665,22.896,21.955,22.376,161456.1
351,"2021-08-05, 12:00:00",22.374,23.1,22.256,23.041,362808.5
352,"2021-08-05, 16:00:00",23.047,23.251,22.32,22.769,462449.6
353,"2021-08-05, 20:00:00",22.765,24.298,22.038,23.687,608379.7
354,"2021-08-06, 00:00:00",23.687,24.39,23.659,24.023,273912.6
355,"2021-08-06, 04:00:00",24.025,24.366,23.953,24.052,151941.4
356,"2021-08-06, 08:00:00",24.054,25.019,23.425,24.748,433733.4
357,"2021-08-06, 12:00:00",24.748,25.573,24.701,25.264,957795.1
358,"2021-08-06, 16:00:00",25.257,25.28,24.904,24.976,240113.0
359,"2021-08-06, 20:00:00",24.967,26.071,24.761,25.556,367116.1
360,"2021-08-07, 00:00:00",25.56,26.097,25.424,25.503,298432.4
361,"2021-08-07, 04:00:00",25.516,25.542,24.941,25.088,157761.6
362,"2021-08-07, 08:00:00",25.08,25.684,24.832,25.482,239476.0
363,"2021-08-07, 12:00:00",25.484,25.759,25.23,25.623,165292.7
364,"2021-08-07, 16:00:00",25.618,26.195,25.532,26.099,233076.8
365,"2021-08-07, 20:00:00",26.098,26.656,25.274,25.334,309487.6
366,"2021-08-08, 00:00:00",25.342,25.796,24.449,25.706,253779.3
367,"2021-08-08, 04:00:00",25.704,26.067,25.301,26.01,117506.7
368,"2021-08-08, 08:00:00",26.007,26.816,25.248,25.768,258907.0
369,"2021-08-08, 12:00:00",25.764,26.035,25.37,25.709,123833.2
370,"2021-08-08, 16:00:00",25.709,25.828,24.923,25.048,129956.5
371,"2021-08-08, 20:00:00",25.048,25.545,24.407,24.52,144058.7
372,"2021-08-09, 00:00:00",24.518,24.718,23.655,23.93,162262.1
373,"2021-08-09, 04:00:00",23.925,24.538,23.711,24.021,108750.1
374,"2021-08-09, 08:00:00",24.027,24.097,23.038,23.493,189192.3
375,"2021-08-09, 12:00:00",23.503,23.78,23.174,23.706,97637.0
376,"2021-08-09, 16:00:00",23.701,25.06,23.665,24.85,315768.1
377,"2021-08-09, 20:00:00",24.85,25.117,24.453,25.087,186785.8
378,"2021-08-10, 00:00:00",25.084,25.2,24.718,24.824,133822.4
379,"2021-08-10, 04:00:00",24.824,25.035,24.2,24.885,137752.7
380,"2021-08-10, 08:00:00",24.885,25.078,24.359,24.882,110640.7
381,"2021-08-10, 12:00:00",24.881,25.252,24.611,25.201,101926.7
382,"2021-08-10, 16:00:00",25.201,25.361,24.665,24.79,157105.9
383,"2021-08-10, 20:00:00",24.797,25.724,24.407,24.543,177289.0
384,"2021-08-11, 00:00:00",24.563,25.081,24.04,25.01,103892.6
385,"2021-08-11, 04:00:00",25.02,25.35,24.648,24.833,171924.4
386,"2021-08-11, 08:00:00",24.838,25.48,24.762,25.346,93956.8
387,"2021-08-11, 12:00:00",25.337,25.988,25.282,25.921,168362.2
388,"2021-08-11, 16:00:00",25.923,26.649,25.686,26.377,431609.1
389,"2021-08-11, 20:00:00",26.373,26.995,26.207,26.463,376802.0
390,"2021-08-12, 00:00:00",26.464,26.941,26.05,26.746,244669.6
391,"2021-08-12, 04:00:00",26.746,27.142,25.331,25.545,328290.4
392,"2021-08-12, 08:00:00",25.537,26.848,25.45,26.344,192044.1
393,"2021-08-12, 12:00:00",26.335,26.452,24.204,25.47,323968.8
394,"2021-08-12, 16:00:00",25.468,26.076,24.881,25.241,400204.6
395,"2021-08-12, 20:00:00",25.235,25.439,24.561,24.608,255698.0
396,"2021-08-13, 00:00:00",24.613,25.095,24.127,24.86,144737.3
397,"2021-08-13, 04:00:00",24.855,25.116,24.202,24.78,112124.9
398,"2021-08-13, 08:00:00",24.783,25.521,24.487,25.367,108200.3
399,"2021-08-13, 12:00:00",25.374,26.388,25.162,26.313,147508.1
400,"2021-08-13, 16:00:00",26.312,27.321,26.113,26.453,412556.8
401,"2021-08-13, 20:00:00",26.455,26.978,26.0,26.381,202724.0
402,"2021-08-14, 00:00:00",26.369,26.834,26.206,26.301,116530.2
403,"2021-08-14, 04:00:00",26.296,27.24,26.181,27.232,156475.6
404,"2021-08-14, 08:00:00",27.233,27.369,26.82,26.901,117691.8
405,"2021-08-14, 12:00:00",26.902,27.37,26.548,27.16,193224.1
406,"2021-08-14, 16:00:00",27.165,27.245,25.654,26.426,380886.3
407,"2021-08-14, 20:00:00",26.427,26.722,25.887,26.649,151782.7
408,"2021-08-15, 00:00:00",26.649,26.722,26.2,26.519,128816.9
409,"2021-08-15, 04:00:00",26.52,26.735,26.005,26.678,138893.9
410,"2021-08-15, 08:00:00",26.678,26.915,26.291,26.337,129337.6
411,"2021-08-15, 12:00:00",26.338,26.529,25.752,25.892,186414.7
412,"2021-08-15, 16:00:00",25.897,26.244,25.752,26.186,164243.1
413,"2021-08-15, 20:00:00",26.186,27.785,26.02,27.391,1003252.2
414,"2021-08-16, 00:00:00",27.39,28.0,26.723,27.908,330525.4
415,"2021-08-16, 04:00:00",27.918,28.567,27.63,28.461,274243.0
416,"2021-08-16, 08:00:00",28.458,29.079,28.168,28.21,275310.2
417,"2021-08-16, 12:00:00",28.212,29.379,28.202,29.047,251475.4
418,"2021-08-16, 16:00:00",29.057,29.261,28.674,29.054,149285.7
419,"2021-08-16, 20:00:00",29.043,29.058,27.372,27.9,340284.1
420,"2021-08-17, 00:00:00",27.897,28.664,27.54,27.607,164080.4
421,"2021-08-17, 04:00:00",27.61,28.025,27.05,27.214,199176.0
422,"2021-08-17, 08:00:00",27.214,28.884,26.7,28.601,235252.5
423,"2021-08-17, 12:00:00",28.616,29.314,27.739,28.234,359291.5
424,"2021-08-17, 16:00:00",28.239,30.048,28.06,29.635,434461.6
425,"2021-08-17, 20:00:00",29.63,30.687,28.632,28.687,427455.3
426,"2021-08-18, 00:00:00",28.689,29.208,27.928,28.379,343735.0
427,"2021-08-18, 04:00:00",28.368,28.458,26.223,26.506,409281.1
428,"2021-08-18, 08:00:00",26.523,26.916,25.26,26.428,359922.4
429,"2021-08-18, 12:00:00",26.428,27.062,26.15,26.266,206089.5
430,"2021-08-18, 16:00:00",26.27,26.768,25.4,25.535,249670.7
431,"2021-08-18, 20:00:00",25.529,27.12,25.491,27.074,170118.3
432,"2021-08-19, 00:00:00",27.073,27.096,25.786,25.858,203013.9
433,"2021-08-19, 04:00:00",25.854,26.517,25.4,26.119,179995.6
434,"2021-08-19, 08:00:00",26.117,26.551,25.27,25.312,196773.7
435,"2021-08-19, 12:00:00",25.31,25.784,25.1,25.486,140296.9
436,"2021-08-19, 16:00:00",25.502,26.273,25.36,25.596,415020.0
437,"2021-08-19, 20:00:00",25.586,26.354,25.317,26.297,237272.4
438,"2021-08-20, 00:00:00",26.297,27.741,25.815,27.195,513693.8
439,"2021-08-20, 04:00:00",27.2,27.585,27.013,27.532,168853.8
440,"2021-08-20, 08:00:00",27.547,27.924,27.203,27.362,142196.7
441,"2021-08-20, 12:00:00",27.364,28.013,27.263,27.865,165863.4
442,"2021-08-20, 16:00:00",27.866,28.352,27.463,27.695,232906.4
443,"2021-08-20, 20:00:00",27.691,29.133,27.676,29.119,268231.2
444,"2021-08-21, 00:00:00",29.122,30.1,29.02,29.635,751956.6
445,"2021-08-21, 04:00:00",29.633,29.865,29.018,29.855,199804.4
446,"2021-08-21, 08:00:00",29.856,30.07,29.125,29.838,232207.7
447,"2021-08-21, 12:00:00",29.851,31.0,29.634,30.853,331000.0
448,"2021-08-21, 16:00:00",30.851,32.075,29.483,30.333,622636.8
449,"2021-08-21, 20:00:00",30.339,30.78,29.86,30.324,266650.0
450,"2021-08-22, 00:00:00",30.324,30.65,28.84,29.091,302759.4
451,"2021-08-22, 04:00:00",29.095,29.738,28.917,29.105,157584.7
452,"2021-08-22, 08:00:00",29.109,30.065,29.029,29.324,172131.7
453,"2021-08-22, 12:00:00",29.328,30.403,29.315,30.096,149268.7
454,"2021-08-22, 16:00:00",30.098,30.33,29.7,30.216,159644.3
455,"2021-08-22, 20:00:00",30.216,30.283,28.5,29.178,230994.3
456,"2021-08-23, 00:00:00",29.176,29.486,28.632,29.354,167518.5
457,"2021-08-23, 04:00:00",29.354,30.621,28.82,30.149,199449.1
458,"2021-08-23, 08:00:00",30.152,31.683,30.092,31.3,272524.5
459,"2021-08-23, 12:00:00",31.312,31.999,31.0,31.325,181627.6
460,"2021-08-23, 16:00:00",31.326,31.821,30.733,31.404,155820.2
461,"2021-08-23, 20:00:00",31.402,31.486,30.185,30.346,208258.4
462,"2021-08-24, 00:00:00",30.349,30.79,29.894,30.074,171059.2
463,"2021-08-24, 04:00:00",30.059,30.491,29.752,30.35,94033.1
464,"2021-08-24, 08:00:00",30.351,30.612,29.5,30.284,164948.9
465,"2021-08-24, 12:00:00",30.279,30.85,30.001,30.713,120297.7
466,"2021-08-24, 16:00:00",30.71,30.911,29.824,30.222,182484.5
467,"2021-08-24, 20:00:00",30.227,30.242,28.141,28.508,259899.9
468,"2021-08-25, 00:00:00",28.52,28.524,27.283,28.139,250786.5
469,"2021-08-25, 04:00:00",28.137,28.65,27.398,27.607,329512.6
470,"2021-08-25, 08:00:00",27.602,28.294,27.446,27.498,330146.5
471,"2021-08-25, 12:00:00",27.493,28.183,27.166,27.674,234532.3
472,"2021-08-25, 16:00:00",27.661,27.729,24.03,26.881,513927.0
473,"2021-08-25, 20:00:00",26.891,27.729,26.348,27.685,229023.2
474,"2021-08-26, 00:00:00",27.695,28.077,27.374,27.57,213319.3
475,"2021-08-26, 04:00:00",27.565,27.824,27.2,27.62,125558.1
476,"2021-08-26, 08:00:00",27.622,27.95,26.256,26.555,176976.6
477,"2021-08-26, 12:00:00",26.55,26.697,25.37,25.688,214574.6
478,"2021-08-26, 16:00:00",25.699,26.333,25.4,25.865,117880.6
479,"2021-08-26, 20:00:00",25.871,26.28,25.3,25.532,163102.9
480,"2021-08-27, 00:00:00",25.534,25.746,24.821,25.32,186795.3
481,"2021-08-27, 04:00:00",25.325,26.3,25.248,25.498,151336.1
482,"2021-08-27, 08:00:00",25.497,26.138,25.0,25.676,211612.1
483,"2021-08-27, 12:00:00",25.677,26.162,25.171,26.066,166470.8
484,"2021-08-27, 16:00:00",26.053,26.483,25.584,26.223,129410.0
485,"2021-08-27, 20:00:00",26.21,27.26,26.003,26.959,185049.0
486,"2021-08-28, 00:00:00",26.958,27.199,26.655,26.868,90486.0
487,"2021-08-28, 04:00:00",26.871,27.454,26.655,27.215,108469.2
488,"2021-08-28, 08:00:00",27.224,27.511,26.956,27.02,91060.1
489,"2021-08-28, 12:00:00",27.02,27.38,26.729,27.127,107134.4
490,"2021-08-28, 16:00:00",27.121,27.466,27.041,27.253,110461.7
491,"2021-08-28, 20:00:00",27.251,27.668,27.136,27.646,204901.9
492,"2021-08-29, 00:00:00",27.637,28.824,27.463,27.676,780685.1
493,"2021-08-29, 04:00:00",27.676,27.898,27.328,27.686,124784.2
494,"2021-08-29, 08:00:00",27.684,28.172,26.6,26.841,198220.6
495,"2021-08-29, 12:00:00",26.843,27.202,26.281,27.157,148292.0
496,"2021-08-29, 16:00:00",27.138,27.282,26.731,26.777,101510.5
497,"2021-08-29, 20:00:00",26.766,27.077,26.451,26.728,94742.6
498,"2021-08-30, 00:00:00",26.739,27.515,26.58,27.435,126418.3
499,"2021-08-30, 04:00:00",27.438,27.538,26.83,26.852,105185.9
500,"2021-08-30, 08:00:00",26.854,27.276,26.403,26.512,90411.7
501,"2021-08-30, 12:00:00",26.51,26.849,26.15,26.682,190607.5
502,"2021-08-30, 16:00:00",26.677,26.87,26.4,26.607,126789.1
503,"2021-08-30, 20:00:00",26.611,26.626,25.911,26.58,139217.2
504,"2021-08-31, 00:00:00",26.594,28.316,26.5,28.046,468867.5
505,"2021-08-31, 04:00:00",28.056,28.131,26.337,26.585,231924.1
506,"2021-08-31, 08:00:00",26.581,26.765,26.02,26.547,147898.1
507,"2021-08-31, 12:00:00",26.547,27.308,26.223,27.239,152407.8
508,"2021-08-31, 16:00:00",27.227,28.1,27.057,28.061,224594.6
509,"2021-08-31, 20:00:00",28.058,28.598,27.251,27.803,277315.7
510,"2021-09-01, 00:00:00",27.803,27.941,27.046,27.819,154043.8
511,"2021-09-01, 04:00:00",27.824,28.016,26.923,27.772,139783.7
512,"2021-09-01, 08:00:00",27.779,28.1,27.109,27.824,159934.5
513,"2021-09-01, 12:00:00",27.828,28.737,27.768,28.4,181713.5
514,"2021-09-01, 16:00:00",28.38,29.138,28.38,28.605,267484.0
515,"2021-09-01, 20:00:00",28.602,28.904,28.269,28.797,185791.2
516,"2021-09-02, 00:00:00",28.799,30.3,28.799,30.245,356512.8
517,"2021-09-02, 04:00:00",30.253,32.322,30.199,32.209,664802.3
518,"2021-09-02, 08:00:00",32.207,32.21,31.069,31.172,389319.5
519,"2021-09-02, 12:00:00",31.172,31.732,30.857,30.983,276326.7
520,"2021-09-02, 16:00:00",30.977,32.601,30.976,32.195,607116.6
521,"2021-09-02, 20:00:00",32.18,33.77,31.601,31.9,997773.5
522,"2021-09-03, 00:00:00",31.901,32.697,31.725,32.456,343249.7
523,"2021-09-03, 04:00:00",32.453,32.924,32.209,32.375,214301.0
524,"2021-09-03, 08:00:00",32.364,32.701,31.28,32.684,238107.1
525,"2021-09-03, 12:00:00",32.674,33.313,32.353,32.892,283919.6
526,"2021-09-03, 16:00:00",32.901,34.531,32.8,33.703,499919.2
527,"2021-09-03, 20:00:00",33.717,34.1,33.25,33.487,255061.2
528,"2021-09-04, 00:00:00",33.478,33.669,32.899,33.352,208029.2
529,"2021-09-04, 04:00:00",33.36,33.674,32.68,33.315,307875.9
530,"2021-09-04, 08:00:00",33.306,33.786,32.871,33.741,153273.9
531,"2021-09-04, 12:00:00",33.725,34.159,33.445,34.143,157059.3
532,"2021-09-04, 16:00:00",34.149,35.74,34.029,34.399,485102.3
533,"2021-09-04, 20:00:00",34.402,34.763,34.061,34.21,192539.8
534,"2021-09-05, 00:00:00",34.212,34.365,32.742,32.955,233513.5
535,"2021-09-05, 04:00:00",32.958,33.59,32.92,33.261,120813.1
536,"2021-09-05, 08:00:00",33.261,33.548,32.688,32.783,109531.2
537,"2021-09-05, 12:00:00",32.779,33.197,31.778,32.518,224918.3
538,"2021-09-05, 16:00:00",32.511,33.463,32.462,33.059,316028.6
539,"2021-09-05, 20:00:00",33.059,33.338,32.513,32.838,190394.0
540,"2021-09-06, 00:00:00",32.841,33.619,32.752,33.121,290735.1
541,"2021-09-06, 04:00:00",33.12,33.74,33.018,33.667,172751.2
542,"2021-09-06, 08:00:00",33.659,33.712,33.047,33.474,142965.9
543,"2021-09-06, 12:00:00",33.484,34.22,33.279,34.209,160365.1
544,"2021-09-06, 16:00:00",34.208,34.497,33.223,33.356,276771.0
545,"2021-09-06, 20:00:00",33.357,33.395,31.954,32.867,288303.3
546,"2021-09-07, 00:00:00",32.869,33.232,32.573,32.862,154649.9
547,"2021-09-07, 04:00:00",32.854,33.193,32.395,32.696,106641.5
548,"2021-09-07, 08:00:00",32.694,32.997,32.311,32.424,92831.5
549,"2021-09-07, 12:00:00",32.425,33.282,31.827,33.002,283512.6
550,"2021-09-07, 16:00:00",33.009,33.047,29.138,30.866,654033.3
551,"2021-09-07, 20:00:00",30.869,31.375,20.174,25.939,1369957.4
552,"2021-09-08, 00:00:00",25.923,27.585,25.384,25.976,507310.0
553,"2021-09-08, 04:00:00",25.98,26.758,25.583,26.447,219597.7
554,"2021-09-08, 08:00:00",26.446,27.215,25.78,26.4,184642.4
555,"2021-09-08, 12:00:00",26.4,26.927,24.555,24.591,263111.8
556,"2021-09-08, 16:00:00",24.615,26.011,24.086,25.811,274955.8
557,"2021-09-08, 20:00:00",25.811,26.545,25.019,26.02,507239.6
558,"2021-09-09, 00:00:00",26.021,27.104,25.74,26.696,386846.2
559,"2021-09-09, 04:00:00",26.697,26.878,25.41,26.409,267836.3
560,"2021-09-09, 08:00:00",26.41,26.701,25.813,26.344,196695.5
561,"2021-09-09, 12:00:00",26.345,27.011,26.248,26.881,162507.9
562,"2021-09-09, 16:00:00",26.881,27.61,26.546,26.817,386054.9
563,"2021-09-09, 20:00:00",26.818,27.119,24.803,26.845,420187.8
564,"2021-09-10, 00:00:00",26.847,27.158,25.883,26.126,192456.5
565,"2021-09-10, 04:00:00",26.143,26.439,25.814,26.031,142381.1
566,"2021-09-10, 08:00:00",26.022,26.958,25.916,26.583,148967.3
567,"2021-09-10, 12:00:00",26.583,26.629,25.474,25.695,152882.4
568,"2021-09-10, 16:00:00",25.695,25.978,25.138,25.767,174334.3
569,"2021-09-10, 20:00:00",25.767,25.827,24.039,25.027,239579.2
570,"2021-09-11, 00:00:00",25.022,25.305,24.681,24.944,133675.2
571,"2021-09-11, 04:00:00",24.945,25.171,23.646,24.399,169165.8
572,"2021-09-11, 08:00:00",24.397,24.939,24.12,24.333,119166.5
573,"2021-09-11, 12:00:00",24.342,24.853,24.238,24.67,134005.2
574,"2021-09-11, 16:00:00",24.669,25.428,24.356,25.179,107177.7
575,"2021-09-11, 20:00:00",25.182,25.8,25.15,25.47,127128.1
576,"2021-09-12, 00:00:00",25.471,25.657,25.127,25.195,74801.9
577,"2021-09-12, 04:00:00",25.181,25.295,24.446,24.833,96331.5
578,"2021-09-12, 08:00:00",24.835,25.368,24.32,25.342,88654.6
579,"2021-09-12, 12:00:00",25.345,25.578,25.156,25.498,79284.0
580,"2021-09-12, 16:00:00",25.497,26.478,25.42,26.28,154296.9
581,"2021-09-12, 20:00:00",26.289,26.532,25.916,26.308,110192.2
582,"2021-09-13, 00:00:00",26.311,27.99,26.304,26.865,731188.7
583,"2021-09-13, 04:00:00",26.864,27.091,25.796,26.729,219963.4
584,"2021-09-13, 08:00:00",26.734,27.041,25.08,25.206,179655.8
585,"2021-09-13, 12:00:00",25.202,25.471,24.323,24.663,196474.8
586,"2021-09-13, 16:00:00",24.656,25.212,24.204,25.124,150600.1
587,"2021-09-13, 20:00:00",25.125,25.961,23.467,24.682,316881.8
588,"2021-09-14, 00:00:00",24.694,24.922,24.383,24.862,122691.5
589,"2021-09-14, 04:00:00",24.852,25.302,24.852,25.089,89582.0
590,"2021-09-14, 08:00:00",25.09,25.621,24.908,25.349,86011.8
591,"2021-09-14, 12:00:00",25.343,25.574,25.037,25.27,103852.5
592,"2021-09-14, 16:00:00",25.277,25.738,25.265,25.495,116227.0
593,"2021-09-14, 20:00:00",25.495,26.8,25.018,26.605,469592.6
594,"2021-09-15, 00:00:00",26.604,27.015,26.318,26.474,207821.3
595,"2021-09-15, 04:00:00",26.481,26.981,26.01,26.964,122479.1
596,"2021-09-15, 08:00:00",26.969,27.421,26.556,26.636,238509.1
597,"2021-09-15, 12:00:00",26.632,27.728,26.437,27.679,349737.1
598,"2021-09-15, 16:00:00",27.67,28.019,27.188,27.594,285619.5
599,"2021-09-15, 20:00:00",27.588,28.032,27.253,27.801,317661.0
600,"2021-09-16, 00:00:00",27.801,27.9,27.431,27.533,162482.8
601,"2021-09-16, 04:00:00",27.547,28.498,27.339,28.289,329516.7
602,"2021-09-16, 08:00:00",28.287,28.767,27.601,28.063,349701.5
603,"2021-09-16, 12:00:00",28.072,29.775,28.0,29.596,563051.3
604,"2021-09-16, 16:00:00",29.599,29.66,28.81,29.166,607981.2
605,"2021-09-16, 20:00:00",29.161,29.578,27.737,28.806,423884.3
606,"2021-09-17, 00:00:00",28.804,28.999,28.11,28.12,287629.3
607,"2021-09-17, 04:00:00",28.128,28.231,27.075,27.952,246867.1
608,"2021-09-17, 08:00:00",27.951,28.213,27.374,27.526,181441.6
609,"2021-09-17, 12:00:00",27.526,27.86,27.124,27.238,182013.7
610,"2021-09-17, 16:00:00",27.234,27.601,25.88,26.051,352801.0
611,"2021-09-17, 20:00:00",26.047,26.485,25.621,26.161,206744.9
612,"2021-09-18, 00:00:00",26.163,26.649,25.633,26.337,244960.6
613,"2021-09-18, 04:00:00",26.334,26.359,25.305,25.875,215432.5
614,"2021-09-18, 08:00:00",25.878,26.335,25.44,26.234,178075.8
615,"2021-09-18, 12:00:00",26.251,26.644,26.221,26.373,132921.6
616,"2021-09-18, 16:00:00",26.386,26.634,25.893,26.042,153682.5
617,"2021-09-18, 20:00:00",26.051,26.32,25.88,26.029,163300.1
618,"2021-09-19, 00:00:00",26.025,26.165,25.585,25.748,113579.9
619,"2021-09-19, 04:00:00",25.763,25.765,25.2,25.722,102073.6
620,"2021-09-19, 08:00:00",25.727,25.738,25.101,25.311,84885.0
621,"2021-09-19, 12:00:00",25.31,25.696,25.163,25.634,78794.4
622,"2021-09-19, 16:00:00",25.637,25.792,24.607,24.729,112471.8
623,"2021-09-19, 20:00:00",24.726,25.255,24.657,25.094,112161.9
624,"2021-09-20, 00:00:00",25.093,25.223,24.777,24.834,99981.4
625,"2021-09-20, 04:00:00",24.832,25.203,24.3,24.757,142138.3
626,"2021-09-20, 08:00:00",24.752,24.85,22.637,23.143,325299.5
627,"2021-09-20, 12:00:00",23.143,23.558,22.3,22.544,212317.5
628,"2021-09-20, 16:00:00",22.537,22.942,21.265,21.64,262268.8
629,"2021-09-20, 20:00:00",21.635,22.178,20.479,21.941,298356.0
630,"2021-09-21, 00:00:00",21.947,22.288,21.141,21.703,184562.2
631,"2021-09-21, 04:00:00",21.702,21.878,20.93,21.257,188968.8
632,"2021-09-21, 08:00:00",21.251,21.728,19.878,21.478,340207.8
633,"2021-09-21, 12:00:00",21.475,22.07,20.926,22.037,168253.8
634,"2021-09-21, 16:00:00",22.043,22.338,21.74,22.176,179308.9
635,"2021-09-21, 20:00:00",22.171,22.428,21.27,21.8,252113.8
636,"2021-09-22, 00:00:00",21.8,21.925,20.341,20.483,255221.5
637,"2021-09-22, 04:00:00",20.495,20.713,18.961,19.682,344866.1
638,"2021-09-22, 08:00:00",19.678,20.523,19.293,20.228,242472.1
639,"2021-09-22, 12:00:00",20.228,20.993,19.916,20.88,199575.7
640,"2021-09-22, 16:00:00",20.873,20.99,20.267,20.369,183302.5
641,"2021-09-22, 20:00:00",20.366,21.243,20.328,21.207,172572.4
642,"2021-09-23, 00:00:00",21.208,21.762,21.015,21.309,285241.5
643,"2021-09-23, 04:00:00",21.305,21.689,21.05,21.65,211725.8
644,"2021-09-23, 08:00:00",21.645,22.086,21.182,22.033,242144.8
645,"2021-09-23, 12:00:00",22.03,22.277,21.75,22.236,149984.1
646,"2021-09-23, 16:00:00",22.235,22.316,21.318,21.582,325536.6
647,"2021-09-23, 20:00:00",21.574,22.092,21.382,21.584,190435.6
648,"2021-09-24, 00:00:00",21.583,22.167,21.533,22.003,176403.6
649,"2021-09-24, 04:00:00",22.01,22.041,21.619,21.914,142234.3
650,"2021-09-24, 08:00:00",21.913,22.01,21.221,21.272,154171.9
651,"2021-09-24, 12:00:00",21.273,21.543,20.884,21.364,201297.6
652,"2021-09-24, 16:00:00",21.352,21.606,18.823,19.597,543654.3
653,"2021-09-24, 20:00:00",19.601,20.205,19.113,19.706,388166.1
654,"2021-09-25, 00:00:00",19.701,20.067,19.55,19.92,328226.7
655,"2021-09-25, 04:00:00",19.927,20.712,19.878,20.204,322743.3
656,"2021-09-25, 08:00:00",20.201,20.532,19.804,20.254,196709.0
657,"2021-09-25, 12:00:00",20.249,20.566,19.911,19.952,176314.4
658,"2021-09-25, 16:00:00",19.949,20.614,19.328,20.241,278771.7
659,"2021-09-25, 20:00:00",20.234,20.721,19.856,20.519,298528.1
660,"2021-09-26, 00:00:00",20.509,20.583,20.088,20.456,208380.0
661,"2021-09-26, 04:00:00",20.456,20.569,20.049,20.333,129907.0
662,"2021-09-26, 08:00:00",20.334,20.406,19.51,19.765,208210.2
663,"2021-09-26, 12:00:00",19.767,19.86,18.551,18.856,227176.2
664,"2021-09-26, 16:00:00",18.856,20.759,18.576,20.585,516706.8
665,"2021-09-26, 20:00:00",20.585,21.318,20.524,20.806,429884.2
666,"2021-09-27, 00:00:00",20.81,20.95,20.562,20.738,272806.1
667,"2021-09-27, 04:00:00",20.74,21.1,20.247,20.744,301195.7
668,"2021-09-27, 08:00:00",20.748,21.752,20.548,21.589,437120.4
669,"2021-09-27, 12:00:00",21.589,21.742,20.96,21.303,350905.7
670,"2021-09-27, 16:00:00",21.31,21.598,21.04,21.145,373069.9
671,"2021-09-27, 20:00:00",21.145,21.285,20.602,20.757,471039.2
672,"2021-09-28, 00:00:00",20.773,20.795,20.212,20.25,202307.5
673,"2021-09-28, 04:00:00",20.249,20.493,19.766,19.804,212377.5
674,"2021-09-28, 08:00:00",19.796,20.12,19.61,19.982,204924.6
675,"2021-09-28, 12:00:00",19.987,20.129,19.418,19.513,144954.2
676,"2021-09-28, 16:00:00",19.513,19.831,19.403,19.726,139986.0
677,"2021-09-28, 20:00:00",19.728,19.818,19.007,19.021,186109.9
678,"2021-09-29, 00:00:00",19.02,19.623,18.751,19.037,273927.0
679,"2021-09-29, 04:00:00",19.032,19.382,18.719,18.833,156238.4
680,"2021-09-29, 08:00:00",18.832,19.504,18.588,19.486,172013.5
681,"2021-09-29, 12:00:00",19.491,19.696,19.347,19.593,104447.2
682,"2021-09-29, 16:00:00",19.604,19.775,19.304,19.678,136403.4
683,"2021-09-29, 20:00:00",19.678,19.768,19.008,19.066,115854.6
684,"2021-09-30, 00:00:00",19.069,19.181,18.672,18.715,175083.0
685,"2021-09-30, 04:00:00",18.715,19.114,18.357,18.979,171672.9
686,"2021-09-30, 08:00:00",18.982,19.76,18.887,19.706,142392.5
687,"2021-09-30, 12:00:00",19.725,19.908,19.48,19.592,135407.9
688,"2021-09-30, 16:00:00",19.598,19.673,19.286,19.429,105835.2
689,"2021-09-30, 20:00:00",19.434,19.808,19.359,19.599,136014.6
690,"2021-10-01, 00:00:00",19.601,19.926,19.422,19.551,104290.6
691,"2021-10-01, 04:00:00",19.561,19.799,19.369,19.787,70186.8
692,"2021-10-01, 08:00:00",19.787,20.009,19.55,19.696,110801.0
693,"2021-10-01, 12:00:00",19.698,20.277,19.635,20.271,126246.8
694,"2021-10-01, 16:00:00",20.271,21.187,20.223,21.111,205009.8
695,"2021-10-01, 20:00:00",21.109,21.241,20.6,21.023,193740.9
696,"2021-10-02, 00:00:00",21.026,21.581,20.842,21.472,152518.7
697,"2021-10-02, 04:00:00",21.477,21.742,21.157,21.704,110178.4
698,"2021-10-02, 08:00:00",21.702,21.968,21.361,21.503,130546.8
699,"2021-10-02, 12:00:00",21.501,22.092,21.451,21.958,127072.1
700,"2021-10-02, 16:00:00",21.956,22.315,21.758,22.247,167297.6
701,"2021-10-02, 20:00:00",22.25,23.191,22.204,23.125,242260.7
702,"2021-10-03, 00:00:00",23.125,23.192,22.742,22.966,158610.8
703,"2021-10-03, 04:00:00",22.968,23.18,22.13,22.379,264621.5
704,"2021-10-03, 08:00:00",22.369,22.587,21.795,22.579,204054.0
705,"2021-10-03, 12:00:00",22.568,22.774,22.442,22.57,131045.7
706,"2021-10-03, 16:00:00",22.568,22.897,22.272,22.791,160339.3
707,"2021-10-03, 20:00:00",22.797,23.098,22.429,22.578,129955.4
708,"2021-10-04, 00:00:00",22.579,23.3,22.524,23.094,219896.5
709,"2021-10-04, 04:00:00",23.099,23.139,22.25,22.783,155345.4
710,"2021-10-04, 08:00:00",22.78,22.821,21.808,21.931,118218.6
711,"2021-10-04, 12:00:00",21.926,22.255,21.687,22.241,109051.4
712,"2021-10-04, 16:00:00",22.23,22.248,21.556,21.746,124333.8
713,"2021-10-04, 20:00:00",21.75,22.376,21.005,21.554,214331.6
714,"2021-10-05, 00:00:00",21.55,22.243,21.48,22.101,180137.8
715,"2021-10-05, 04:00:00",22.102,22.166,21.587,21.822,96063.8
716,"2021-10-05, 08:00:00",21.842,22.125,21.625,21.984,115237.3
717,"2021-10-05, 12:00:00",21.98,22.004,21.58,21.71,103360.5
718,"2021-10-05, 16:00:00",21.712,22.213,21.512,22.043,220267.6
719,"2021-10-05, 20:00:00",22.046,22.34,21.306,21.388,194455.2
720,"2021-10-06, 00:00:00",21.382,21.725,21.2,21.668,165304.9
721,"2021-10-06, 04:00:00",21.672,22.308,21.672,22.14,165842.8
722,"2021-10-06, 08:00:00",22.149,22.374,21.727,21.847,101729.6
723,"2021-10-06, 12:00:00",21.839,22.397,21.501,21.596,196267.4
724,"2021-10-06, 16:00:00",21.596,21.642,20.58,20.774,253009.4
725,"2021-10-06, 20:00:00",20.776,22.369,20.725,22.153,279484.3
726,"2021-10-07, 00:00:00",22.144,22.409,21.975,22.101,173625.4
727,"2021-10-07, 04:00:00",22.099,22.148,21.657,22.026,98968.8
728,"2021-10-07, 08:00:00",22.035,22.156,21.326,21.49,112350.2
729,"2021-10-07, 12:00:00",21.49,23.033,21.441,22.808,209856.5
730,"2021-10-07, 16:00:00",22.807,23.034,22.295,22.662,312300.5
731,"2021-10-07, 20:00:00",22.664,23.063,22.101,22.618,403614.0
732,"2021-10-08, 00:00:00",22.613,22.631,21.953,22.221,213844.2
733,"2021-10-08, 04:00:00",22.223,22.419,21.714,21.974,184213.1
734,"2021-10-08, 08:00:00",21.983,22.291,21.803,22.0,134887.3
735,"2021-10-08, 12:00:00",21.999,22.281,21.826,22.259,134112.3
736,"2021-10-08, 16:00:00",22.26,22.725,22.154,22.452,232243.1
737,"2021-10-08, 20:00:00",22.454,22.486,21.957,22.139,189947.8
738,"2021-10-09, 00:00:00",22.138,22.585,22.022,22.278,158930.3
739,"2021-10-09, 04:00:00",22.278,22.302,21.765,21.967,123732.5
740,"2021-10-09, 08:00:00",21.975,22.061,21.541,21.878,137083.5
741,"2021-10-09, 12:00:00",21.877,22.104,21.834,22.058,106357.3
742,"2021-10-09, 16:00:00",22.061,22.106,21.719,21.899,162408.6
743,"2021-10-09, 20:00:00",21.899,22.459,21.867,22.239,177591.1
744,"2021-10-10, 00:00:00",22.245,22.3,21.717,21.752,174624.5
745,"2021-10-10, 04:00:00",21.757,22.031,21.611,21.973,102432.1
746,"2021-10-10, 08:00:00",21.979,21.993,21.239,21.561,155029.1
747,"2021-10-10, 12:00:00",21.564,21.93,21.464,21.777,104590.0
748,"2021-10-10, 16:00:00",21.776,21.88,21.459,21.581,103602.4
749,"2021-10-10, 20:00:00",21.582,21.612,21.341,21.562,80686.6
750,"2021-10-11, 00:00:00",21.568,21.591,21.11,21.276,74916.7
751,"2021-10-11, 04:00:00",21.276,21.5,20.5,20.662,213990.3
752,"2021-10-11, 08:00:00",20.653,21.025,20.299,21.007,141073.6
753,"2021-10-11, 12:00:00",20.999,21.345,20.92,21.306,113033.7
754,"2021-10-11, 16:00:00",21.296,21.613,20.909,21.043,137610.8
755,"2021-10-11, 20:00:00",21.046,21.195,20.856,21.02,148282.2
756,"2021-10-12, 00:00:00",21.018,21.085,20.297,20.34,187898.1
757,"2021-10-12, 04:00:00",20.343,20.71,20.067,20.669,178703.2
758,"2021-10-12, 08:00:00",20.678,20.679,19.606,19.844,199936.1
759,"2021-10-12, 12:00:00",19.851,20.403,19.743,19.94,172916.0
760,"2021-10-12, 16:00:00",19.94,20.157,19.392,19.746,205727.6
761,"2021-10-12, 20:00:00",19.748,20.299,19.373,20.134,328138.6
762,"2021-10-13, 00:00:00",20.128,20.42,20.02,20.414,203516.4
763,"2021-10-13, 04:00:00",20.41,20.543,20.024,20.443,175787.8
764,"2021-10-13, 08:00:00",20.435,20.734,20.255,20.639,101388.9
765,"2021-10-13, 12:00:00",20.636,20.784,20.156,20.295,164554.9
766,"2021-10-13, 16:00:00",20.296,20.78,20.236,20.695,214032.9
767,"2021-10-13, 20:00:00",20.695,20.953,20.238,20.843,215780.5
768,"2021-10-14, 00:00:00",20.847,21.289,20.72,21.081,178023.8
769,"2021-10-14, 04:00:00",21.076,21.414,20.931,21.391,125607.0
770,"2021-10-14, 08:00:00",21.393,21.542,21.074,21.302,135141.5
771,"2021-10-14, 12:00:00",21.303,21.697,21.303,21.517,139542.3
772,"2021-10-14, 16:00:00",21.517,22.92,21.515,22.795,579311.1
773,"2021-10-14, 20:00:00",22.797,23.0,22.324,22.435,454499.4
774,"2021-10-15, 00:00:00",22.449,22.502,21.905,22.134,239335.5
775,"2021-10-15, 04:00:00",22.138,22.398,22.067,22.395,136279.5
776,"2021-10-15, 08:00:00",22.392,22.422,21.74,22.162,184894.0
777,"2021-10-15, 12:00:00",22.162,22.701,21.99,22.436,264087.3
778,"2021-10-15, 16:00:00",22.441,22.498,21.66,22.235,264070.6
779,"2021-10-15, 20:00:00",22.233,23.45,22.12,23.103,507488.6
780,"2021-10-16, 00:00:00",23.103,23.665,22.906,23.056,400383.0
781,"2021-10-16, 04:00:00",23.054,23.267,22.664,22.785,235263.4
782,"2021-10-16, 08:00:00",22.785,23.413,22.778,23.117,199038.5
783,"2021-10-16, 12:00:00",23.119,23.677,22.985,23.322,220908.8
784,"2021-10-16, 16:00:00",23.323,23.952,23.31,23.659,263291.6
785,"2021-10-16, 20:00:00",23.656,23.674,22.847,23.158,234276.4
786,"2021-10-17, 00:00:00",23.157,23.193,22.842,22.938,140889.2
787,"2021-10-17, 04:00:00",22.937,23.053,22.743,22.826,110685.4
788,"2021-10-17, 08:00:00",22.83,23.096,22.45,23.037,133408.6
789,"2021-10-17, 12:00:00",23.038,23.475,22.94,23.203,138629.5
790,"2021-10-17, 16:00:00",23.202,23.516,23.171,23.225,128317.0
791,"2021-10-17, 20:00:00",23.231,23.4,22.662,22.758,164532.8
792,"2021-10-18, 00:00:00",22.755,23.27,22.656,22.797,218867.8
793,"2021-10-18, 04:00:00",22.794,22.794,21.811,22.608,242029.1
794,"2021-10-18, 08:00:00",22.604,22.859,22.501,22.694,75924.5
795,"2021-10-18, 12:00:00",22.694,23.019,22.569,22.612,107289.5
796,"2021-10-18, 16:00:00",22.617,22.759,21.629,21.76,313918.0
797,"2021-10-18, 20:00:00",21.755,22.139,21.333,21.741,242758.5
798,"2021-10-19, 00:00:00",21.738,21.835,21.363,21.689,111715.0
799,"2021-10-19, 04:00:00",21.69,21.817,21.462,21.668,97766.8
800,"2021-10-19, 08:00:00",21.67,22.026,21.504,21.973,108580.3
801,"2021-10-19, 12:00:00",21.977,22.161,21.665,21.874,233428.9
802,"2021-10-19, 16:00:00",21.877,21.888,21.6,21.711,166797.3
803,"2021-10-19, 20:00:00",21.712,21.97,21.247,21.632,208439.2
804,"2021-10-20, 00:00:00",21.638,21.855,21.607,21.616,104455.2
805,"2021-10-20, 04:00:00",21.609,22.051,21.452,21.893,130244.8
806,"2021-10-20, 08:00:00",21.895,21.97,21.631,21.631,73631.0
807,"2021-10-20, 12:00:00",21.633,21.859,21.612,21.783,76880.4
808,"2021-10-20, 16:00:00",21.784,21.964,21.689,21.777,115516.2
809,"2021-10-20, 20:00:00",21.778,22.579,21.777,22.571,188931.4
810,"2021-10-21, 00:00:00",22.569,23.03,22.469,22.97,242766.3
811,"2021-10-21, 04:00:00",22.972,23.067,22.67,23.018,145935.8
812,"2021-10-21, 08:00:00",23.021,23.633,22.902,23.246,250349.0
813,"2021-10-21, 12:00:00",23.248,23.385,22.818,23.1,155412.0
814,"2021-10-21, 16:00:00",23.099,23.803,22.725,22.913,234468.0
815,"2021-10-21, 20:00:00",22.916,23.672,22.179,22.495,371517.1
816,"2021-10-22, 00:00:00",22.49,22.669,22.257,22.408,119309.0
817,"2021-10-22, 04:00:00",22.408,22.629,22.19,22.228,94204.0
818,"2021-10-22, 08:00:00",22.233,22.814,22.22,22.814,106619.0
819,"2021-10-22, 12:00:00",22.809,22.816,22.524,22.761,93134.9
820,"2021-10-22, 16:00:00",22.766,22.918,22.576,22.765,124262.8
821,"2021-10-22, 20:00:00",22.759,22.839,22.008,22.069,156283.6
822,"2021-10-23, 00:00:00",22.07,22.235,21.744,22.067,141187.6
823,"2021-10-23, 04:00:00",22.069,22.124,21.735,22.048,89286.8
824,"2021-10-23, 08:00:00",22.047,22.168,21.794,22.135,81941.6
825,"2021-10-23, 12:00:00",22.135,22.216,21.873,22.034,65453.5
826,"2021-10-23, 16:00:00",22.031,22.274,21.578,22.114,291766.0
827,"2021-10-23, 20:00:00",22.115,22.353,22.056,22.292,127139.7
828,"2021-10-24, 00:00:00",22.289,22.395,22.102,22.117,97601.7
829,"2021-10-24, 04:00:00",22.118,22.409,22.098,22.392,71716.9
830,"2021-10-24, 08:00:00",22.388,22.449,22.224,22.398,56166.5
831,"2021-10-24, 12:00:00",22.396,22.431,22.099,22.143,52286.0
832,"2021-10-24, 16:00:00",22.15,22.249,21.827,21.841,121486.4
833,"2021-10-24, 20:00:00",21.836,21.949,21.313,21.446,172069.5
834,"2021-10-25, 00:00:00",21.434,21.651,21.0,21.353,142802.1
835,"2021-10-25, 04:00:00",21.353,21.723,21.274,21.54,89653.3
836,"2021-10-25, 08:00:00",21.542,21.878,21.447,21.789,67009.1
837,"2021-10-25, 12:00:00",21.791,22.039,21.735,21.937,80872.7
838,"2021-10-25, 16:00:00",21.938,22.056,21.738,21.827,78708.8
839,"2021-10-25, 20:00:00",21.827,22.174,21.722,22.148,86664.5
840,"2021-10-26, 00:00:00",22.153,22.358,21.845,22.168,159772.0
841,"2021-10-26, 04:00:00",22.172,22.454,22.15,22.419,64636.8
842,"2021-10-26, 08:00:00",22.423,22.697,22.387,22.65,92316.0
843,"2021-10-26, 12:00:00",22.648,22.892,22.355,22.775,237040.8
844,"2021-10-26, 16:00:00",22.776,23.489,22.74,23.382,231915.2
845,"2021-10-26, 20:00:00",23.382,24.279,23.145,24.257,644498.6
846,"2021-10-27, 00:00:00",24.249,24.85,24.033,24.666,602535.8
847,"2021-10-27, 04:00:00",24.666,25.393,24.149,24.517,821898.7
848,"2021-10-27, 08:00:00",24.517,24.881,24.333,24.58,285197.0
849,"2021-10-27, 12:00:00",24.581,26.436,24.419,24.747,1314720.4
850,"2021-10-27, 16:00:00",24.763,26.141,22.01,25.157,1867947.2
851,"2021-10-27, 20:00:00",25.159,25.772,24.056,24.663,1069254.2
852,"2021-10-28, 00:00:00",24.666,25.178,23.803,24.65,627942.6
853,"2021-10-28, 04:00:00",24.661,25.2,23.852,23.981,378365.6
854,"2021-10-28, 08:00:00",23.984,24.506,23.507,24.381,390882.4
855,"2021-10-28, 12:00:00",24.383,26.149,24.195,25.886,647751.9
856,"2021-10-28, 16:00:00",25.883,26.9,25.601,26.565,595247.4
857,"2021-10-28, 20:00:00",26.56,27.34,26.305,26.686,443342.1
858,"2021-10-29, 00:00:00",26.7,26.795,25.04,26.413,489455.9
859,"2021-10-29, 04:00:00",26.409,26.504,25.655,26.206,268899.4
860,"2021-10-29, 08:00:00",26.203,26.755,26.043,26.315,275294.7
861,"2021-10-29, 12:00:00",26.317,26.417,25.695,25.739,260285.1
862,"2021-10-29, 16:00:00",25.741,26.485,25.713,26.146,223620.4
863,"2021-10-29, 20:00:00",26.155,26.551,25.848,26.532,258834.2
864,"2021-10-30, 00:00:00",26.526,26.749,26.048,26.324,255493.6
865,"2021-10-30, 04:00:00",26.323,26.416,26.027,26.167,105107.0
866,"2021-10-30, 08:00:00",26.169,26.252,25.31,25.426,199360.7
867,"2021-10-30, 12:00:00",25.428,25.722,25.353,25.587,134314.0
868,"2021-10-30, 16:00:00",25.589,25.612,25.121,25.482,156349.0
869,"2021-10-30, 20:00:00",25.49,25.525,24.407,24.762,343434.2
870,"2021-10-31, 00:00:00",24.758,25.106,24.567,25.066,184061.7
871,"2021-10-31, 04:00:00",25.066,25.094,24.132,24.573,192544.5
872,"2021-10-31, 08:00:00",24.572,25.044,24.517,24.975,180709.2
873,"2021-10-31, 12:00:00",24.981,25.16,24.616,25.034,139840.4
874,"2021-10-31, 16:00:00",25.036,25.037,23.95,24.065,172437.3
875,"2021-10-31, 20:00:00",24.066,24.452,23.719,24.151,218191.8
876,"2021-11-01, 00:00:00",24.15,24.461,24.0,24.444,134888.0
877,"2021-11-01, 04:00:00",24.431,24.888,24.316,24.707,100757.8
878,"2021-11-01, 08:00:00",24.713,25.018,23.949,24.015,157887.1
879,"2021-11-01, 12:00:00",24.012,25.243,23.7,25.162,245178.7
880,"2021-11-01, 16:00:00",25.163,25.3,24.84,24.876,191094.8
881,"2021-11-01, 20:00:00",24.879,26.2,24.879,25.964,576015.0
882,"2021-11-02, 00:00:00",25.964,26.713,25.475,26.509,333892.9
883,"2021-11-02, 04:00:00",26.508,26.513,26.016,26.275,151019.5
884,"2021-11-02, 08:00:00",26.269,26.771,26.063,26.601,157818.2
885,"2021-11-02, 12:00:00",26.6,27.046,26.536,26.829,163631.7
886,"2021-11-02, 16:00:00",26.824,27.377,26.417,26.832,218144.5
887,"2021-11-02, 20:00:00",26.831,26.977,26.278,26.876,223116.3
888,"2021-11-03, 00:00:00",26.883,27.611,26.786,27.447,308330.7
889,"2021-11-03, 04:00:00",27.45,27.74,27.025,27.461,139243.1
890,"2021-11-03, 08:00:00",27.465,28.17,27.178,27.406,145263.9
891,"2021-11-03, 12:00:00",27.406,27.427,26.661,27.276,125982.6
892,"2021-11-03, 16:00:00",27.279,27.708,26.975,27.476,141292.8
893,"2021-11-03, 20:00:00",27.473,27.77,25.872,26.785,292851.1
894,"2021-11-04, 00:00:00",26.787,28.39,26.55,28.118,334014.3
895,"2021-11-04, 04:00:00",28.127,29.009,27.932,28.526,316638.6
896,"2021-11-04, 08:00:00",28.542,29.168,28.065,28.365,159369.3
897,"2021-11-04, 12:00:00",28.364,28.654,27.738,27.793,131341.4
898,"2021-11-04, 16:00:00",27.798,28.294,27.417,27.657,157277.9
899,"2021-11-04, 20:00:00",27.667,28.061,26.693,26.902,198438.9
900,"2021-11-05, 00:00:00",26.907,27.488,26.611,27.305,336753.1
901,"2021-11-05, 04:00:00",27.307,27.658,27.094,27.508,121759.4
902,"2021-11-05, 08:00:00",27.518,27.825,26.853,27.798,126307.8
903,"2021-11-05, 12:00:00",27.79,27.984,27.603,27.789,117756.3
904,"2021-11-05, 16:00:00",27.787,28.076,27.545,27.727,159190.5
905,"2021-11-05, 20:00:00",27.723,28.309,27.174,27.367,188738.0
906,"2021-11-06, 00:00:00",27.375,28.119,27.34,27.538,142313.5
907,"2021-11-06, 04:00:00",27.532,27.532,26.839,26.966,108357.7
908,"2021-11-06, 08:00:00",26.966,27.036,26.563,26.705,129494.9
909,"2021-11-06, 12:00:00",26.686,26.759,26.083,26.332,142151.9
910,"2021-11-06, 16:00:00",26.335,26.475,25.37,25.663,203404.1
911,"2021-11-06, 20:00:00",25.659,25.825,25.281,25.721,212065.7
912,"2021-11-07, 00:00:00",25.72,26.029,25.525,25.969,131310.3
913,"2021-11-07, 04:00:00",25.969,26.179,25.955,26.144,106399.5
914,"2021-11-07, 08:00:00",26.149,26.394,25.985,26.181,76139.8
915,"2021-11-07, 12:00:00",26.186,26.37,26.037,26.311,82655.1
916,"2021-11-07, 16:00:00",26.311,26.668,26.103,26.493,107968.1
917,"2021-11-07, 20:00:00",26.491,26.543,26.215,26.491,105907.4
918,"2021-11-08, 00:00:00",26.491,26.511,26.056,26.185,71087.5
919,"2021-11-08, 04:00:00",26.181,26.447,26.046,26.173,91364.9
920,"2021-11-08, 08:00:00",26.162,27.298,25.965,27.008,204927.9
921,"2021-11-08, 12:00:00",27.009,27.05,26.54,26.746,123678.7
922,"2021-11-08, 16:00:00",26.748,27.177,26.589,26.842,120210.5
923,"2021-11-08, 20:00:00",26.841,26.953,26.42,26.65,142556.1
924,"2021-11-09, 00:00:00",26.643,26.786,26.485,26.531,83133.4
925,"2021-11-09, 04:00:00",26.531,26.721,26.327,26.691,74739.4
926,"2021-11-09, 08:00:00",26.692,26.732,26.354,26.436,95735.3
927,"2021-11-09, 12:00:00",26.451,26.536,26.235,26.366,125479.2
928,"2021-11-09, 16:00:00",26.371,27.311,26.315,26.651,320613.5
929,"2021-11-09, 20:00:00",26.661,28.1,26.623,27.028,545619.2
930,"2021-11-10, 00:00:00",27.032,27.063,26.312,26.454,166888.8
931,"2021-11-10, 04:00:00",26.454,27.08,26.203,26.417,151530.8
932,"2021-11-10, 08:00:00",26.416,26.582,25.673,25.775,197121.4
933,"2021-11-10, 12:00:00",25.774,25.907,25.574,25.803,98314.7
934,"2021-11-10, 16:00:00",25.804,26.259,25.758,26.007,124131.7
935,"2021-11-10, 20:00:00",26.006,26.513,25.653,26.505,186287.9
936,"2021-11-11, 00:00:00",26.505,26.79,25.049,25.103,239709.4
937,"2021-11-11, 04:00:00",25.104,25.424,22.308,24.351,714114.9
938,"2021-11-11, 08:00:00",24.341,24.512,23.862,24.333,152669.0
939,"2021-11-11, 12:00:00",24.334,25.128,24.156,25.055,115704.8
940,"2021-11-11, 16:00:00",25.053,25.239,24.71,25.071,139743.7
941,"2021-11-11, 20:00:00",25.071,25.411,24.655,24.957,203222.4
942,"2021-11-12, 00:00:00",24.959,25.06,24.574,24.85,153399.2
943,"2021-11-12, 04:00:00",24.852,25.248,24.589,24.893,76177.6
944,"2021-11-12, 08:00:00",24.889,25.231,24.4,24.869,131489.4
945,"2021-11-12, 12:00:00",24.869,25.092,24.423,24.669,116397.3
946,"2021-11-12, 16:00:00",24.678,24.981,23.746,24.026,208596.9
947,"2021-11-12, 20:00:00",24.025,24.352,23.564,23.911,174812.7
948,"2021-11-13, 00:00:00",23.916,24.213,23.334,24.004,185922.1
949,"2021-11-13, 04:00:00",24.001,24.273,23.991,24.135,54005.7
950,"2021-11-13, 08:00:00",24.135,24.44,24.0,24.041,61704.5
951,"2021-11-13, 12:00:00",24.045,24.299,23.98,24.258,82389.7
952,"2021-11-13, 16:00:00",24.254,24.491,23.969,24.267,94476.8
953,"2021-11-13, 20:00:00",24.265,24.461,24.002,24.381,101496.5
954,"2021-11-14, 00:00:00",24.381,24.482,24.043,24.249,100681.0
955,"2021-11-14, 04:00:00",24.242,24.44,24.15,24.312,58309.9
956,"2021-11-14, 08:00:00",24.314,24.564,24.21,24.228,83587.3
957,"2021-11-14, 12:00:00",24.227,24.591,24.215,24.261,181490.7
958,"2021-11-14, 16:00:00",24.262,24.513,24.031,24.359,200778.9
959,"2021-11-14, 20:00:00",24.359,24.472,24.071,24.106,95091.6
960,"2021-11-15, 00:00:00",24.108,24.152,23.556,23.916,129932.7
961,"2021-11-15, 04:00:00",23.916,24.413,23.902,24.407,79748.3
962,"2021-11-15, 08:00:00",24.412,24.523,24.206,24.392,87486.4
963,"2021-11-15, 12:00:00",24.391,24.565,24.339,24.413,64685.7
964,"2021-11-15, 16:00:00",24.415,24.825,24.163,24.709,128011.0
965,"2021-11-15, 20:00:00",24.709,25.173,24.008,24.061,614726.2
966,"2021-11-16, 00:00:00",24.063,24.211,23.608,23.923,275472.4
967,"2021-11-16, 04:00:00",23.928,23.94,23.539,23.637,130384.5
968,"2021-11-16, 08:00:00",23.637,23.637,21.43,22.113,447053.9
969,"2021-11-16, 12:00:00",22.11,22.32,21.809,22.097,162727.1
970,"2021-11-16, 16:00:00",22.103,22.356,19.766,21.57,441699.6
971,"2021-11-16, 20:00:00",21.566,22.014,21.131,21.578,214670.8
972,"2021-11-17, 00:00:00",21.576,21.817,21.183,21.411,130472.3
973,"2021-11-17, 04:00:00",21.408,21.508,20.549,21.041,144694.7
974,"2021-11-17, 08:00:00",21.043,21.352,20.248,20.709,170843.3
975,"2021-11-17, 12:00:00",20.713,21.355,20.479,21.189,107466.7
976,"2021-11-17, 16:00:00",21.18,21.639,20.606,21.591,154812.3
977,"2021-11-17, 20:00:00",21.59,21.686,20.686,21.111,134530.7
978,"2021-11-18, 00:00:00",21.117,21.58,20.941,21.287,123338.1
979,"2021-11-18, 04:00:00",21.285,21.586,21.12,21.506,163776.6
980,"2021-11-18, 08:00:00",21.506,21.704,21.217,21.223,141137.7
981,"2021-11-18, 12:00:00",21.224,21.55,20.9,21.117,169591.3
982,"2021-11-18, 16:00:00",21.117,21.228,20.516,20.598,150810.3
983,"2021-11-18, 20:00:00",20.603,20.821,19.289,19.673,309606.4
984,"2021-11-19, 00:00:00",19.684,19.87,18.796,19.729,332428.8
985,"2021-11-19, 04:00:00",19.738,19.832,19.109,19.357,174624.0
986,"2021-11-19, 08:00:00",19.355,19.785,18.926,19.149,200067.0
987,"2021-11-19, 12:00:00",19.147,19.847,19.1,19.701,88891.4
988,"2021-11-19, 16:00:00",19.696,20.278,19.693,20.117,92663.7
989,"2021-11-19, 20:00:00",20.118,20.835,20.076,20.712,135176.9
990,"2021-11-20, 00:00:00",20.712,20.816,20.426,20.57,118031.4
991,"2021-11-20, 04:00:00",20.568,20.824,20.493,20.565,85261.9
992,"2021-11-20, 08:00:00",20.563,21.219,20.563,20.845,154848.3
993,"2021-11-20, 12:00:00",20.846,21.316,20.813,21.156,85929.3
994,"2021-11-20, 16:00:00",21.153,21.436,21.118,21.404,107189.5
995,"2021-11-20, 20:00:00",21.4,21.555,20.636,21.035,212649.2
996,"2021-11-21, 00:00:00",21.035,21.8,20.811,21.778,583556.1
997,"2021-11-21, 04:00:00",21.779,22.229,21.696,22.156,180609.2
998,"2021-11-21, 08:00:00",22.155,22.203,21.504,21.601,163969.7
999,"2021-11-21, 12:00:00",21.595,21.872,21.517,21.623,135804.8
1000,"2021-11-21, 16:00:00",21.623,21.77,21.323,21.49,196080.0
1001,"2021-11-21, 20:00:00",21.491,21.732,21.32,21.715,123489.7
1002,"2021-11-22, 00:00:00",21.725,21.904,21.46,21.476,134649.8
1003,"2021-11-22, 04:00:00",21.479,21.776,21.0,21.028,118970.4
1004,"2021-11-22, 08:00:00",21.034,21.186,20.323,20.5,208102.3
1005,"2021-11-22, 12:00:00",20.493,20.603,20.01,20.457,180253.3
1006,"2021-11-22, 16:00:00",20.453,20.732,20.378,20.491,107541.1
1007,"2021-11-22, 20:00:00",20.489,20.958,20.128,20.714,174404.3
1008,"2021-11-23, 00:00:00",20.712,20.865,19.875,19.946,150780.3
1009,"2021-11-23, 04:00:00",19.949,20.42,19.87,20.258,126724.6
1010,"2021-11-23, 08:00:00",20.254,20.702,19.988,20.644,119600.9
1011,"2021-11-23, 12:00:00",20.638,20.76,20.285,20.532,82141.0
1012,"2021-11-23, 16:00:00",20.525,21.234,20.059,21.044,373601.8
1013,"2021-11-23, 20:00:00",21.04,22.117,20.923,22.05,585430.4
1014,"2021-11-24, 00:00:00",22.051,22.161,21.563,21.862,283616.7
1015,"2021-11-24, 04:00:00",21.859,21.882,21.578,21.768,118857.5
1016,"2021-11-24, 08:00:00",21.768,22.02,21.151,21.306,148013.5
1017,"2021-11-24, 12:00:00",21.311,21.562,21.057,21.212,155940.6
1018,"2021-11-24, 16:00:00",21.206,21.466,21.03,21.227,138816.5
1019,"2021-11-24, 20:00:00",21.228,21.356,20.4,21.137,197544.2
1020,"2021-11-25, 00:00:00",21.126,21.165,20.624,20.899,149580.7
1021,"2021-11-25, 04:00:00",20.898,21.246,20.71,21.018,137737.2
1022,"2021-11-25, 08:00:00",21.018,21.526,20.82,21.5,151209.6
1023,"2021-11-25, 12:00:00",21.5,21.744,21.132,21.734,122590.4
1024,"2021-11-25, 16:00:00",21.74,21.894,21.316,21.695,164709.6
1025,"2021-11-25, 20:00:00",21.695,22.749,21.656,22.42,349098.4
1026,"2021-11-26, 00:00:00",22.42,22.959,22.311,22.595,301114.5
1027,"2021-11-26, 04:00:00",22.592,22.785,22.388,22.498,167198.1
1028,"2021-11-26, 08:00:00",22.498,22.797,21.834,21.876,228068.5
1029,"2021-11-26, 12:00:00",21.878,22.001,21.119,21.413,224040.7
1030,"2021-11-26, 16:00:00",21.405,21.413,19.442,19.47,691210.2
1031,"2021-11-26, 20:00:00",19.47,20.006,19.253,19.642,302376.8
1032,"2021-11-27, 00:00:00",19.647,19.978,19.441,19.727,216434.9
1033,"2021-11-27, 04:00:00",19.725,19.892,19.283,19.48,180287.9
1034,"2021-11-27, 08:00:00",19.475,20.093,19.35,19.838,164847.9
1035,"2021-11-27, 12:00:00",19.836,20.006,19.62,19.876,98046.5
1036,"2021-11-27, 16:00:00",19.876,20.459,19.865,20.172,255221.0
1037,"2021-11-27, 20:00:00",20.172,20.789,20.053,20.577,261609.7
1038,"2021-11-28, 00:00:00",20.576,20.7,20.161,20.359,151406.0
1039,"2021-11-28, 04:00:00",20.362,20.406,19.38,19.748,287801.0
1040,"2021-11-28, 08:00:00",19.746,19.827,18.79,19.084,218030.4
1041,"2021-11-28, 12:00:00",19.085,19.514,18.957,19.457,148952.0
1042,"2021-11-28, 16:00:00",19.45,19.793,19.166,19.576,106984.1
1043,"2021-11-28, 20:00:00",19.574,19.659,19.205,19.415,102538.5
1044,"2021-11-29, 00:00:00",19.418,19.625,18.5,19.446,239060.9
1045,"2021-11-29, 04:00:00",19.446,20.798,19.446,20.659,287980.2
1046,"2021-11-29, 08:00:00",20.657,21.107,20.657,20.767,227631.6
1047,"2021-11-29, 12:00:00",20.765,21.345,20.73,21.101,166393.6
1048,"2021-11-29, 16:00:00",21.102,21.266,20.559,20.873,237856.4
1049,"2021-11-29, 20:00:00",20.877,21.02,20.42,20.669,185068.0
1050,"2021-11-30, 00:00:00",20.669,21.281,20.615,20.909,168410.1
1051,"2021-11-30, 04:00:00",20.908,21.195,20.812,20.975,92494.5
1052,"2021-11-30, 08:00:00",20.976,21.115,20.456,20.714,126318.2
1053,"2021-11-30, 12:00:00",20.717,20.867,20.118,20.542,162775.2
1054,"2021-11-30, 16:00:00",20.543,21.392,20.317,21.381,186261.6
1055,"2021-11-30, 20:00:00",21.38,22.164,21.036,21.242,684663.5
1056,"2021-12-01, 00:00:00",21.255,21.785,20.84,21.496,365284.7
1057,"2021-12-01, 04:00:00",21.496,21.511,21.05,21.13,113750.1
1058,"2021-12-01, 08:00:00",21.14,21.956,21.001,21.9,148689.1
1059,"2021-12-01, 12:00:00",21.899,21.91,21.17,21.461,166184.9
1060,"2021-12-01, 16:00:00",21.474,21.534,21.061,21.212,174758.1
1061,"2021-12-01, 20:00:00",21.227,21.553,21.19,21.394,161260.4
1062,"2021-12-02, 00:00:00",21.401,21.506,20.756,21.028,191920.7
1063,"2021-12-02, 04:00:00",21.031,21.046,20.356,20.712,172162.7
1064,"2021-12-02, 08:00:00",20.713,20.736,19.842,20.146,145360.8
1065,"2021-12-02, 12:00:00",20.147,20.657,20.093,20.312,194217.6
1066,"2021-12-02, 16:00:00",20.312,20.44,19.936,20.187,169218.6
1067,"2021-12-02, 20:00:00",20.182,20.506,19.901,20.206,197192.2
1068,"2021-12-03, 00:00:00",20.212,20.273,19.91,20.156,130135.4
1069,"2021-12-03, 04:00:00",20.157,20.369,20.002,20.099,119137.9
1070,"2021-12-03, 08:00:00",20.093,20.168,19.638,19.788,118762.4
1071,"2021-12-03, 12:00:00",19.789,20.676,19.72,20.533,239393.3
1072,"2021-12-03, 16:00:00",20.533,20.697,20.355,20.671,257691.3
1073,"2021-12-03, 20:00:00",20.667,20.874,20.001,20.113,272817.0
1074,"2021-12-04, 00:00:00",20.107,20.107,19.005,19.067,390896.2
1075,"2021-12-04, 04:00:00",19.069,19.207,17.796,18.94,363336.1
1076,"2021-12-04, 08:00:00",18.928,18.981,17.775,17.815,240929.8
1077,"2021-12-04, 12:00:00",17.815,18.18,13.144,15.696,1267270.6
1078,"2021-12-04, 16:00:00",15.699,16.155,15.189,15.424,351023.1
1079,"2021-12-04, 20:00:00",15.423,16.421,15.423,16.141,286378.5
1080,"2021-12-05, 00:00:00",16.139,16.589,15.741,16.55,273064.1
1081,"2021-12-05, 04:00:00",16.551,16.628,16.136,16.478,187298.1
1082,"2021-12-05, 08:00:00",16.47,16.699,15.989,16.492,203448.0
1083,"2021-12-05, 12:00:00",16.498,17.003,16.338,16.86,244377.9
1084,"2021-12-05, 16:00:00",16.861,16.947,16.313,16.454,227388.8
1085,"2021-12-05, 20:00:00",16.451,16.715,15.562,15.764,300750.9
1086,"2021-12-06, 00:00:00",15.764,16.164,15.415,15.712,323427.7
1087,"2021-12-06, 04:00:00",15.711,15.848,15.341,15.808,232505.3
1088,"2021-12-06, 08:00:00",15.82,15.827,15.103,15.539,295606.5
1089,"2021-12-06, 12:00:00",15.536,15.657,14.662,14.98,197478.0
1090,"2021-12-06, 16:00:00",14.981,15.316,14.312,15.007,363117.1
1091,"2021-12-06, 20:00:00",15.0,15.278,14.621,15.273,263863.7
1092,"2021-12-07, 00:00:00",15.272,15.557,15.139,15.39,220003.1
1093,"2021-12-07, 04:00:00",15.389,16.085,15.259,16.022,232512.4
1094,"2021-12-07, 08:00:00",16.021,16.281,15.851,16.059,141921.7
1095,"2021-12-07, 12:00:00",16.058,16.361,15.995,16.221,108894.3
1096,"2021-12-07, 16:00:00",16.217,16.475,16.144,16.377,154366.9
1097,"2021-12-07, 20:00:00",16.377,16.428,15.823,16.228,213804.1
1098,"2021-12-08, 00:00:00",16.227,16.271,15.78,15.912,185471.4
1099,"2021-12-08, 04:00:00",15.919,15.995,15.526,15.844,164514.8
1100,"2021-12-08, 08:00:00",15.847,16.035,15.49,15.577,158117.1
1101,"2021-12-08, 12:00:00",15.579,16.035,15.574,15.97,165177.0
1102,"2021-12-08, 16:00:00",15.97,16.078,15.146,15.411,332088.2
1103,"2021-12-08, 20:00:00",15.415,16.218,15.269,15.994,244734.0
1104,"2021-12-09, 00:00:00",15.993,16.18,15.77,16.046,150468.0
1105,"2021-12-09, 04:00:00",16.044,16.359,15.93,16.345,164022.9
1106,"2021-12-09, 08:00:00",16.344,16.457,15.776,15.934,159511.7
1107,"2021-12-09, 12:00:00",15.938,16.83,15.901,16.534,624404.1
1108,"2021-12-09, 16:00:00",16.537,16.864,16.393,16.775,560542.3
1109,"2021-12-09, 20:00:00",16.766,16.998,15.575,16.034,1065485.1
1110,"2021-12-10, 00:00:00",16.029,16.308,15.408,15.515,651856.5
1111,"2021-12-10, 04:00:00",15.511,15.82,15.341,15.368,334661.0
1112,"2021-12-10, 08:00:00",15.368,15.852,15.341,15.535,248332.5
1113,"2021-12-10, 12:00:00",15.532,15.673,15.113,15.261,345830.9
1114,"2021-12-10, 16:00:00",15.269,15.778,15.168,15.722,330335.6
1115,"2021-12-10, 20:00:00",15.723,16.072,15.057,15.209,765204.2
1116,"2021-12-11, 00:00:00",15.202,15.402,14.834,15.353,521364.7
1117,"2021-12-11, 04:00:00",15.346,15.475,14.74,14.802,276583.3
1118,"2021-12-11, 08:00:00",14.807,15.204,14.384,15.07,377760.3
1119,"2021-12-11, 12:00:00",15.076,15.258,14.882,15.062,164376.5
1120,"2021-12-11, 16:00:00",15.063,15.335,14.929,14.97,256014.1
1121,"2021-12-11, 20:00:00",14.98,15.148,14.85,15.14,228174.4
1122,"2021-12-12, 00:00:00",15.137,15.4,14.911,14.945,263705.6
1123,"2021-12-12, 04:00:00",14.945,15.286,14.889,15.236,126737.7
1124,"2021-12-12, 08:00:00",15.236,15.266,14.979,15.052,125982.2
1125,"2021-12-12, 12:00:00",15.054,15.186,14.793,15.158,194658.7
1126,"2021-12-12, 16:00:00",15.158,15.165,14.692,14.954,172289.7
1127,"2021-12-12, 20:00:00",14.952,15.176,14.905,14.97,204695.5
1128,"2021-12-13, 00:00:00",14.97,15.417,14.917,15.298,203223.7
1129,"2021-12-13, 04:00:00",15.296,15.439,15.157,15.212,153164.7
1130,"2021-12-13, 08:00:00",15.217,15.293,14.62,14.77,328714.4
1131,"2021-12-13, 12:00:00",14.766,14.945,14.571,14.637,144931.5
1132,"2021-12-13, 16:00:00",14.638,14.954,14.473,14.868,345636.5
1133,"2021-12-13, 20:00:00",14.863,14.999,13.875,14.026,504370.6
1134,"2021-12-14, 00:00:00",14.024,14.266,13.359,13.627,433815.9
1135,"2021-12-14, 04:00:00",13.632,13.82,13.435,13.621,265971.1
1136,"2021-12-14, 08:00:00",13.629,13.84,13.368,13.684,364646.6
1137,"2021-12-14, 12:00:00",13.682,13.745,13.334,13.693,280180.6
1138,"2021-12-14, 16:00:00",13.693,14.081,13.588,14.025,266723.7
1139,"2021-12-14, 20:00:00",14.027,14.106,13.669,13.751,409602.1
1140,"2021-12-15, 00:00:00",13.753,13.925,13.45,13.725,201150.0
1141,"2021-12-15, 04:00:00",13.721,14.205,13.712,13.998,303021.7
1142,"2021-12-15, 08:00:00",13.998,14.1,13.777,13.968,132392.5
1143,"2021-12-15, 12:00:00",13.982,14.689,13.822,14.064,524797.8
1144,"2021-12-15, 16:00:00",14.069,14.336,13.859,13.863,187212.6
1145,"2021-12-15, 20:00:00",13.863,13.936,13.117,13.132,272135.9
1146,"2021-12-16, 00:00:00",13.132,14.43,13.11,14.35,383233.0
1147,"2021-12-16, 04:00:00",14.351,14.974,14.328,14.909,315814.3
1148,"2021-12-16, 08:00:00",14.908,15.025,14.819,14.895,170811.9
1149,"2021-12-16, 12:00:00",14.895,15.084,14.675,15.074,130264.3
1150,"2021-12-16, 16:00:00",15.075,15.639,15.014,15.468,362411.0
1151,"2021-12-16, 20:00:00",15.469,15.686,15.184,15.649,264938.7
1152,"2021-12-17, 00:00:00",15.648,15.868,14.871,14.971,331496.8
1153,"2021-12-17, 04:00:00",14.971,15.185,14.773,14.845,168603.5
1154,"2021-12-17, 08:00:00",14.847,15.338,14.799,15.107,230783.9
1155,"2021-12-17, 12:00:00",15.107,15.199,14.436,14.567,204088.5
1156,"2021-12-17, 16:00:00",14.567,15.062,14.537,15.029,228157.9
1157,"2021-12-17, 20:00:00",15.029,16.01,14.971,15.853,799945.0
1158,"2021-12-18, 00:00:00",15.858,16.373,15.804,16.245,679490.9
1159,"2021-12-18, 04:00:00",16.241,16.65,15.979,16.346,1008176.3
1160,"2021-12-18, 08:00:00",16.346,16.973,16.009,16.692,1126826.0
1161,"2021-12-18, 12:00:00",16.692,16.876,16.406,16.792,639229.6
1162,"2021-12-18, 16:00:00",16.778,18.488,16.77,18.263,3935705.3
1163,"2021-12-18, 20:00:00",18.264,18.948,17.696,17.826,3874786.8
1164,"2021-12-19, 00:00:00",17.827,18.25,17.65,18.205,1286949.9
1165,"2021-12-19, 04:00:00",18.206,18.264,17.876,18.061,631035.4
1166,"2021-12-19, 08:00:00",18.062,18.546,17.804,18.329,706369.6
1167,"2021-12-19, 12:00:00",18.331,18.548,18.084,18.374,491508.6
1168,"2021-12-19, 16:00:00",18.375,18.421,17.95,18.148,500420.0
1169,"2021-12-19, 20:00:00",18.148,18.3,17.828,17.868,399856.0
1170,"2021-12-20, 00:00:00",17.868,17.988,17.61,17.792,314855.9
1171,"2021-12-20, 04:00:00",17.792,17.942,17.411,17.459,294813.1
1172,"2021-12-20, 08:00:00",17.461,17.635,17.079,17.469,400798.6
1173,"2021-12-20, 12:00:00",17.469,17.532,16.94,17.28,352214.9
1174,"2021-12-20, 16:00:00",17.278,17.948,17.278,17.678,687408.7
1175,"2021-12-20, 20:00:00",17.682,17.682,16.795,17.108,647543.0
1176,"2021-12-21, 00:00:00",17.109,17.69,17.022,17.627,423243.4
1177,"2021-12-21, 04:00:00",17.627,18.26,17.621,18.152,454626.6
1178,"2021-12-21, 08:00:00",18.156,18.499,17.871,18.441,518403.5
1179,"2021-12-21, 12:00:00",18.436,18.609,18.2,18.266,324960.0
1180,"2021-12-21, 16:00:00",18.27,18.651,18.206,18.561,270543.7
1181,"2021-12-21, 20:00:00",18.562,18.955,18.474,18.658,353667.8
1182,"2021-12-22, 00:00:00",18.662,18.889,18.584,18.79,218806.0
1183,"2021-12-22, 04:00:00",18.79,18.883,18.496,18.534,164578.2
1184,"2021-12-22, 08:00:00",18.529,19.02,18.528,18.907,184161.6
1185,"2021-12-22, 12:00:00",18.909,18.959,18.674,18.72,164181.5
1186,"2021-12-22, 16:00:00",18.719,18.798,18.384,18.492,169587.7
1187,"2021-12-22, 20:00:00",18.491,18.587,17.999,18.061,368780.1
1188,"2021-12-23, 00:00:00",18.061,18.48,17.834,18.204,502380.9
1189,"2021-12-23, 04:00:00",18.208,18.364,17.85,17.911,225372.8
1190,"2021-12-23, 08:00:00",17.909,18.332,17.625,18.236,215055.9
1191,"2021-12-23, 12:00:00",18.236,18.431,17.914,18.016,263574.6
1192,"2021-12-23, 16:00:00",18.017,19.121,17.923,18.707,705489.8
1193,"2021-12-23, 20:00:00",18.708,19.01,18.63,18.769,410562.1
1194,"2021-12-24, 00:00:00",18.773,19.417,18.671,19.318,484776.8
1195,"2021-12-24, 04:00:00",19.321,19.36,18.951,19.173,198028.8
1196,"2021-12-24, 08:00:00",19.175,19.2,18.731,18.773,148157.1
1197,"2021-12-24, 12:00:00",18.762,18.793,18.447,18.768,173938.7
1198,"2021-12-24, 16:00:00",18.771,19.18,18.742,18.885,240672.8
1199,"2021-12-24, 20:00:00",18.882,19.022,18.489,18.87,178970.2
1200,"2021-12-25, 00:00:00",18.87,19.065,18.52,18.55,145545.4
1201,"2021-12-25, 04:00:00",18.542,18.657,18.019,18.343,166696.8
1202,"2021-12-25, 08:00:00",18.346,18.443,18.07,18.105,116805.7
1203,"2021-12-25, 12:00:00",18.105,18.271,18.057,18.231,132698.6
1204,"2021-12-25, 16:00:00",18.231,18.299,17.877,18.194,135341.6
1205,"2021-12-25, 20:00:00",18.195,18.37,18.161,18.215,108039.1
1206,"2021-12-26, 00:00:00",18.218,18.326,17.88,18.127,156339.1
1207,"2021-12-26, 04:00:00",18.125,18.476,18.097,18.236,148880.0
1208,"2021-12-26, 08:00:00",18.241,18.339,17.581,17.669,139788.5
1209,"2021-12-26, 12:00:00",17.667,17.857,17.627,17.83,77382.5
1210,"2021-12-26, 16:00:00",17.833,18.031,17.667,17.846,127158.2
1211,"2021-12-26, 20:00:00",17.846,17.997,17.77,17.931,82993.0
1212,"2021-12-27, 00:00:00",17.933,18.39,17.928,18.35,118156.4
1213,"2021-12-27, 04:00:00",18.351,18.41,18.062,18.146,123946.6
1214,"2021-12-27, 08:00:00",18.146,18.306,18.102,18.263,89071.1
1215,"2021-12-27, 12:00:00",18.262,18.454,18.234,18.299,102450.0
1216,"2021-12-27, 16:00:00",18.299,18.502,18.182,18.415,150249.7
1217,"2021-12-27, 20:00:00",18.415,18.77,18.239,18.663,169770.2
1218,"2021-12-28, 00:00:00",18.661,18.795,18.508,18.516,144923.1
1219,"2021-12-28, 04:00:00",18.509,18.76,18.16,18.195,145734.9
1220,"2021-12-28, 08:00:00",18.194,18.194,17.223,17.411,333172.5
1221,"2021-12-28, 12:00:00",17.409,17.464,16.92,17.405,257073.7
1222,"2021-12-28, 16:00:00",17.404,17.484,17.194,17.426,154404.6
1223,"2021-12-28, 20:00:00",17.427,17.494,16.974,17.19,146198.9
1224,"2021-12-29, 00:00:00",17.189,17.242,16.16,16.429,336252.7
1225,"2021-12-29, 04:00:00",16.434,16.647,16.298,16.391,166208.0
1226,"2021-12-29, 08:00:00",16.393,16.711,16.321,16.678,105410.7
1227,"2021-12-29, 12:00:00",16.684,16.753,16.319,16.417,116030.2
1228,"2021-12-29, 16:00:00",16.417,16.734,16.343,16.572,133134.8
1229,"2021-12-29, 20:00:00",16.57,16.586,15.856,16.519,289583.2
1230,"2021-12-30, 00:00:00",16.521,16.544,16.12,16.2,111183.8
1231,"2021-12-30, 04:00:00",16.194,16.404,15.616,15.83,241603.0
1232,"2021-12-30, 08:00:00",15.83,15.972,15.48,15.775,137903.8
1233,"2021-12-30, 12:00:00",15.771,16.188,15.755,16.138,79442.0
1234,"2021-12-30, 16:00:00",16.134,16.336,15.895,16.317,117370.5
1235,"2021-12-30, 20:00:00",16.313,16.57,16.085,16.105,220598.4
1236,"2021-12-31, 00:00:00",16.105,16.48,16.077,16.341,142090.0
1237,"2021-12-31, 04:00:00",16.338,16.714,16.113,16.644,294237.4
1238,"2021-12-31, 08:00:00",16.642,17.028,16.465,16.881,326053.7
1239,"2021-12-31, 12:00:00",16.881,16.984,16.547,16.824,273426.0
1240,"2021-12-31, 16:00:00",16.819,17.584,16.672,17.137,385557.7
1241,"2021-12-31, 20:00:00",17.137,17.75,17.137,17.707,339588.5
1242,"2022-01-01, 00:00:00",17.714,17.775,16.952,16.974,512165.4
1243,"2022-01-01, 04:00:00",16.976,17.629,16.935,17.52,266891.2
1244,"2022-01-01, 08:00:00",17.524,17.857,17.518,17.775,169787.9
1245,"2022-01-01, 12:00:00",17.775,17.972,17.537,17.767,183601.9
1246,"2022-01-01, 16:00:00",17.765,17.85,17.502,17.617,186013.2
1247,"2022-01-01, 20:00:00",17.618,18.097,17.59,17.927,211936.5
1248,"2022-01-02, 00:00:00",17.925,18.585,17.901,18.472,377562.5
1249,"2022-01-02, 04:00:00",18.472,18.747,18.358,18.701,235966.6
1250,"2022-01-02, 08:00:00",18.702,18.8,18.416,18.779,157817.3
1251,"2022-01-02, 12:00:00",18.779,19.099,18.53,19.031,430550.5
1252,"2022-01-02, 16:00:00",19.03,19.286,18.854,19.042,417538.5
1253,"2022-01-02, 20:00:00",19.04,19.427,18.854,19.242,463915.8
1254,"2022-01-03, 00:00:00",19.241,19.652,19.215,19.358,391724.5
1255,"2022-01-03, 04:00:00",19.357,19.792,19.227,19.593,292600.9
1256,"2022-01-03, 08:00:00",19.591,19.603,18.911,18.97,248992.2
1257,"2022-01-03, 12:00:00",18.965,19.318,18.94,19.083,180384.1
1258,"2022-01-03, 16:00:00",19.082,19.613,18.938,19.589,201553.4
1259,"2022-01-03, 20:00:00",19.59,20.207,19.558,19.622,432745.8
1260,"2022-01-04, 00:00:00",19.622,19.841,19.27,19.277,325066.2
1261,"2022-01-04, 04:00:00",19.272,19.286,18.83,19.154,323789.0
1262,"2022-01-04, 08:00:00",19.152,19.191,18.787,19.071,165140.5
1263,"2022-01-04, 12:00:00",19.072,19.689,19.025,19.663,195021.6
1264,"2022-01-04, 16:00:00",19.668,20.147,19.586,20.099,329976.2
1265,"2022-01-04, 20:00:00",20.097,20.4,19.84,20.043,301966.9
1266,"2022-01-05, 00:00:00",20.043,20.416,19.232,19.564,349217.6
1267,"2022-01-05, 04:00:00",19.564,19.817,19.256,19.314,150432.9
1268,"2022-01-05, 08:00:00",19.313,19.736,19.15,19.662,150585.9
1269,"2022-01-05, 12:00:00",19.669,19.787,19.527,19.664,116814.1
1270,"2022-01-05, 16:00:00",19.67,19.72,19.209,19.34,140441.8
1271,"2022-01-05, 20:00:00",19.339,19.601,19.118,19.496,153345.8
1272,"2022-01-06, 00:00:00",19.495,19.578,18.1,18.177,334327.7
1273,"2022-01-06, 04:00:00",18.175,18.297,16.651,17.529,424306.2
1274,"2022-01-06, 08:00:00",17.532,17.68,16.919,16.932,170788.8
1275,"2022-01-06, 12:00:00",16.935,17.115,16.532,16.862,270841.3
1276,"2022-01-06, 16:00:00",16.869,16.918,16.337,16.756,336836.4
1277,"2022-01-06, 20:00:00",16.752,17.421,16.607,17.298,250618.6
1278,"2022-01-07, 00:00:00",17.301,17.949,17.216,17.835,199441.3
1279,"2022-01-07, 04:00:00",17.838,17.947,17.585,17.671,121532.2
1280,"2022-01-07, 08:00:00",17.67,17.741,16.811,16.965,154705.4
1281,"2022-01-07, 12:00:00",16.969,17.781,16.447,17.569,483669.6
1282,"2022-01-07, 16:00:00",17.571,18.15,17.458,17.972,463998.5
1283,"2022-01-07, 20:00:00",17.98,18.299,17.225,17.63,571443.3
1284,"2022-01-08, 00:00:00",17.623,18.109,17.279,17.727,347845.2
1285,"2022-01-08, 04:00:00",17.737,17.955,17.429,17.752,254767.7
1286,"2022-01-08, 08:00:00",17.759,18.008,17.621,17.827,209740.8
1287,"2022-01-08, 12:00:00",17.836,18.3,17.805,18.161,186187.1
1288,"2022-01-08, 16:00:00",18.164,18.817,18.149,18.402,392569.4
1289,"2022-01-08, 20:00:00",18.403,18.646,17.964,18.259,360490.9
1290,"2022-01-09, 00:00:00",18.255,18.418,17.127,17.491,548301.3
1291,"2022-01-09, 04:00:00",17.481,18.19,17.24,17.81,402544.2
1292,"2022-01-09, 08:00:00",17.812,18.447,17.751,18.244,342372.9
1293,"2022-01-09, 12:00:00",18.242,18.499,18.214,18.253,302588.0
1294,"2022-01-09, 16:00:00",18.249,18.497,17.92,18.473,320125.9
1295,"2022-01-09, 20:00:00",18.473,18.55,17.918,18.052,265338.2
1296,"2022-01-10, 00:00:00",18.049,18.641,17.997,18.561,325070.3
1297,"2022-01-10, 04:00:00",18.571,18.922,18.459,18.621,363054.2
1298,"2022-01-10, 08:00:00",18.608,18.818,18.45,18.779,235836.9
1299,"2022-01-10, 12:00:00",18.772,18.95,18.518,18.641,227207.4
1300,"2022-01-10, 16:00:00",18.651,18.711,18.039,18.164,328775.4
1301,"2022-01-10, 20:00:00",18.163,18.214,16.775,17.21,738257.0
1302,"2022-01-11, 00:00:00",17.218,17.692,16.833,17.006,429978.6
1303,"2022-01-11, 04:00:00",17.008,17.361,16.941,17.28,232253.1
1304,"2022-01-11, 08:00:00",17.282,17.549,17.032,17.497,217912.7
1305,"2022-01-11, 12:00:00",17.495,17.568,17.274,17.461,135418.3
1306,"2022-01-11, 16:00:00",17.464,17.623,16.974,17.106,232260.8
1307,"2022-01-11, 20:00:00",17.111,17.365,16.862,17.228,276072.7
1308,"2022-01-12, 00:00:00",17.23,17.933,17.183,17.646,271162.3
1309,"2022-01-12, 04:00:00",17.643,17.697,17.49,17.577,113636.8
1310,"2022-01-12, 08:00:00",17.579,17.704,17.409,17.606,163916.2
1311,"2022-01-12, 12:00:00",17.605,17.788,17.275,17.432,191848.5
1312,"2022-01-12, 16:00:00",17.432,17.644,17.322,17.457,199764.5
1313,"2022-01-12, 20:00:00",17.453,18.001,17.415,17.803,243256.8
1314,"2022-01-13, 00:00:00",17.808,17.935,17.673,17.819,138002.6
1315,"2022-01-13, 04:00:00",17.817,17.988,17.737,17.883,108686.0
1316,"2022-01-13, 08:00:00",17.884,17.942,17.358,17.501,131997.6
1317,"2022-01-13, 12:00:00",17.5,17.762,17.474,17.653,136531.0
1318,"2022-01-13, 16:00:00",17.652,18.185,17.609,17.823,405477.0
1319,"2022-01-13, 20:00:00",17.816,18.291,17.4,17.59,350175.8
1320,"2022-01-14, 00:00:00",17.585,17.927,17.227,17.4,314202.6
1321,"2022-01-14, 04:00:00",17.4,17.516,17.14,17.246,150297.1
1322,"2022-01-14, 08:00:00",17.245,17.379,16.886,17.294,219970.8
1323,"2022-01-14, 12:00:00",17.295,17.636,17.288,17.432,131530.3
1324,"2022-01-14, 16:00:00",17.429,17.47,16.911,17.077,197314.2
1325,"2022-01-14, 20:00:00",17.076,17.439,16.941,17.343,164522.1
1326,"2022-01-15, 00:00:00",17.332,17.398,17.126,17.244,125583.7
1327,"2022-01-15, 04:00:00",17.248,17.351,17.173,17.248,87582.5
1328,"2022-01-15, 08:00:00",17.247,17.401,17.164,17.312,83583.0
1329,"2022-01-15, 12:00:00",17.327,17.392,17.201,17.39,66695.8
1330,"2022-01-15, 16:00:00",17.387,17.834,17.286,17.635,173566.7
1331,"2022-01-15, 20:00:00",17.635,17.95,17.439,17.91,250443.5
1332,"2022-01-16, 00:00:00",17.903,17.97,17.746,17.85,108304.5
1333,"2022-01-16, 04:00:00",17.851,17.942,17.495,17.516,95455.0
1334,"2022-01-16, 08:00:00",17.509,17.527,17.165,17.349,109748.5
1335,"2022-01-16, 12:00:00",17.344,17.439,17.252,17.439,100227.8
1336,"2022-01-16, 16:00:00",17.422,17.498,17.199,17.321,107738.1
1337,"2022-01-16, 20:00:00",17.318,17.562,17.124,17.502,140107.4
1338,"2022-01-17, 00:00:00",17.502,17.667,17.228,17.248,131579.9
1339,"2022-01-17, 04:00:00",17.248,17.455,17.156,17.364,116520.3
1340,"2022-01-17, 08:00:00",17.364,17.387,16.642,16.654,148012.8
1341,"2022-01-17, 12:00:00",16.656,16.838,16.509,16.751,131093.4
1342,"2022-01-17, 16:00:00",16.751,16.844,16.528,16.541,118531.0
1343,"2022-01-17, 20:00:00",16.543,16.644,16.111,16.212,224136.1
1344,"2022-01-18, 00:00:00",16.212,16.271,15.94,16.001,244430.8
1345,"2022-01-18, 04:00:00",16.001,16.079,15.762,15.997,145754.3
1346,"2022-01-18, 08:00:00",15.997,16.193,15.858,15.909,90413.2
1347,"2022-01-18, 12:00:00",15.91,16.088,15.732,15.99,110771.7
1348,"2022-01-18, 16:00:00",15.991,16.005,15.562,15.765,171453.2
1349,"2022-01-18, 20:00:00",15.759,15.815,15.408,15.5,194744.0
1350,"2022-01-19, 00:00:00",15.499,15.66,15.34,15.603,159164.0
1351,"2022-01-19, 04:00:00",15.608,16.005,15.534,15.863,118589.4
1352,"2022-01-19, 08:00:00",15.863,15.9,15.387,15.506,153594.7
1353,"2022-01-19, 12:00:00",15.507,15.689,15.173,15.251,207257.9
1354,"2022-01-19, 16:00:00",15.255,15.649,15.187,15.631,162891.0
1355,"2022-01-19, 20:00:00",15.632,15.849,15.558,15.67,138005.2
1356,"2022-01-20, 00:00:00",15.666,15.745,15.439,15.579,120564.9
1357,"2022-01-20, 04:00:00",15.574,15.577,15.326,15.339,74954.6
1358,"2022-01-20, 08:00:00",15.332,15.4,15.169,15.36,91717.9
1359,"2022-01-20, 12:00:00",15.366,15.531,15.316,15.509,58643.6
1360,"2022-01-20, 16:00:00",15.51,15.612,15.411,15.566,70168.8
1361,"2022-01-20, 20:00:00",15.567,16.091,15.524,16.039,167768.6
1362,"2022-01-21, 00:00:00",16.042,16.098,15.68,15.746,142019.8
1363,"2022-01-21, 04:00:00",15.747,15.775,14.505,14.618,384999.6
1364,"2022-01-21, 08:00:00",14.612,14.794,13.784,13.924,409537.3
1365,"2022-01-21, 12:00:00",13.925,14.321,13.911,14.18,259731.5
1366,"2022-01-21, 16:00:00",14.173,14.258,13.994,14.086,171477.7
1367,"2022-01-21, 20:00:00",14.083,14.165,13.481,13.926,332907.2
1368,"2022-01-22, 00:00:00",13.92,14.016,13.457,13.489,200703.2
1369,"2022-01-22, 04:00:00",13.491,13.656,12.369,12.78,536844.9
1370,"2022-01-22, 08:00:00",12.767,13.065,12.619,12.796,168108.7
1371,"2022-01-22, 12:00:00",12.79,12.87,11.594,11.828,478040.9
1372,"2022-01-22, 16:00:00",11.827,12.151,10.763,11.675,633485.0
1373,"2022-01-22, 20:00:00",11.687,12.175,11.356,11.387,417617.2
1374,"2022-01-23, 00:00:00",11.389,11.825,11.202,11.365,356240.6
1375,"2022-01-23, 04:00:00",11.366,11.97,11.258,11.752,195408.3
1376,"2022-01-23, 08:00:00",11.752,11.997,11.517,11.711,143086.4
1377,"2022-01-23, 12:00:00",11.709,12.126,11.646,12.051,105658.9
1378,"2022-01-23, 16:00:00",12.045,12.303,11.932,12.001,178826.0
1379,"2022-01-23, 20:00:00",12.002,12.098,11.457,11.694,165481.8
1380,"2022-01-24, 00:00:00",11.692,11.798,11.332,11.391,167386.0
1381,"2022-01-24, 04:00:00",11.393,12.068,11.314,12.048,204831.2
1382,"2022-01-24, 08:00:00",12.041,12.049,11.45,11.64,190408.3
1383,"2022-01-24, 12:00:00",11.641,11.728,11.227,11.262,175878.0
1384,"2022-01-24, 16:00:00",11.266,11.548,10.5,10.719,286500.6
1385,"2022-01-24, 20:00:00",10.72,11.032,10.369,10.982,372031.1
1386,"2022-01-25, 00:00:00",10.979,11.536,10.659,11.48,294329.2
1387,"2022-01-25, 04:00:00",11.477,11.954,11.429,11.809,237602.1
1388,"2022-01-25, 08:00:00",11.805,11.825,11.495,11.746,210624.8
1389,"2022-01-25, 12:00:00",11.744,11.784,11.458,11.653,164804.7
1390,"2022-01-25, 16:00:00",11.65,12.0,11.547,11.789,198345.0
1391,"2022-01-25, 20:00:00",11.788,12.129,11.667,11.955,514620.8
1392,"2022-01-26, 00:00:00",11.956,12.249,11.917,12.125,314125.0
1393,"2022-01-26, 04:00:00",12.123,12.155,11.836,12.057,204808.2
1394,"2022-01-26, 08:00:00",12.055,12.156,11.851,12.127,148497.3
1395,"2022-01-26, 12:00:00",12.129,12.25,11.971,12.073,128345.0
1396,"2022-01-26, 16:00:00",12.073,12.35,12.059,12.267,143915.7
1397,"2022-01-26, 20:00:00",12.265,12.674,12.17,12.413,202334.3
1398,"2022-01-27, 00:00:00",12.411,12.87,12.052,12.308,310790.2
1399,"2022-01-27, 04:00:00",12.305,12.306,11.498,11.681,270203.4
1400,"2022-01-27, 08:00:00",11.681,11.849,11.146,11.248,215083.4
1401,"2022-01-27, 12:00:00",11.247,11.535,11.196,11.446,127906.0
1402,"2022-01-27, 16:00:00",11.449,11.804,11.36,11.791,137991.7
1403,"2022-01-27, 20:00:00",11.793,12.216,11.783,12.078,146327.7
1404,"2022-01-28, 00:00:00",12.083,12.184,11.648,11.673,197326.6
1405,"2022-01-28, 04:00:00",11.674,11.766,11.053,11.459,234022.1
1406,"2022-01-28, 08:00:00",11.467,11.785,11.307,11.769,181293.4
1407,"2022-01-28, 12:00:00",11.773,11.897,11.569,11.583,106317.5
1408,"2022-01-28, 16:00:00",11.582,11.683,11.376,11.516,134409.4
1409,"2022-01-28, 20:00:00",11.518,11.747,11.311,11.601,159677.2
1410,"2022-01-29, 00:00:00",11.607,11.757,11.444,11.594,176378.6
1411,"2022-01-29, 04:00:00",11.594,11.92,11.558,11.863,126920.4
1412,"2022-01-29, 08:00:00",11.858,12.063,11.822,11.962,113929.6
1413,"2022-01-29, 12:00:00",11.968,12.146,11.931,12.125,82660.9
1414,"2022-01-29, 16:00:00",12.127,12.199,11.989,12.187,97805.8
1415,"2022-01-29, 20:00:00",12.187,12.467,12.082,12.225,154368.5
1416,"2022-01-30, 00:00:00",12.222,12.482,12.161,12.357,114603.1
1417,"2022-01-30, 04:00:00",12.359,12.661,12.328,12.45,149679.4
1418,"2022-01-30, 08:00:00",12.456,12.462,12.168,12.279,126414.7
1419,"2022-01-30, 12:00:00",12.279,12.529,12.271,12.495,105116.2
1420,"2022-01-30, 16:00:00",12.496,12.539,12.296,12.437,81875.7
1421,"2022-01-30, 20:00:00",12.436,12.486,12.123,12.281,97822.4
1422,"2022-01-31, 00:00:00",12.283,12.314,11.912,11.953,127447.5
1423,"2022-01-31, 04:00:00",11.954,12.218,11.861,12.099,114905.0
1424,"2022-01-31, 08:00:00",12.097,12.145,11.537,11.692,165867.7
1425,"2022-01-31, 12:00:00",11.689,11.689,11.487,11.661,126008.2
1426,"2022-01-31, 16:00:00",11.659,11.72,11.479,11.665,94172.2
1427,"2022-01-31, 20:00:00",11.663,11.97,11.491,11.914,189612.1
1428,"2022-02-01, 00:00:00",11.915,12.264,11.88,12.101,216160.7
1429,"2022-02-01, 04:00:00",12.101,12.204,12.02,12.154,115386.8
1430,"2022-02-01, 08:00:00",12.16,12.518,12.106,12.474,160516.9
1431,"2022-02-01, 12:00:00",12.473,12.551,12.375,12.525,102107.4
1432,"2022-02-01, 16:00:00",12.529,12.783,12.41,12.581,184643.1
1433,"2022-02-01, 20:00:00",12.58,12.754,12.447,12.638,130798.2
1434,"2022-02-02, 00:00:00",12.636,12.743,12.415,12.425,151920.3
1435,"2022-02-02, 04:00:00",12.42,12.579,12.414,12.488,105658.7
1436,"2022-02-02, 08:00:00",12.484,12.667,12.416,12.571,118083.7
1437,"2022-02-02, 12:00:00",12.571,12.571,12.315,12.381,96071.2
1438,"2022-02-02, 16:00:00",12.383,12.536,12.355,12.52,76401.0
1439,"2022-02-02, 20:00:00",12.52,12.686,12.012,12.037,193659.4
1440,"2022-02-03, 00:00:00",12.038,12.106,11.845,12.024,162049.2
1441,"2022-02-03, 04:00:00",12.022,12.041,11.52,11.659,206421.2
1442,"2022-02-03, 08:00:00",11.662,11.815,11.5,11.564,154686.6
1443,"2022-02-03, 12:00:00",11.563,11.712,11.529,11.684,95374.4
1444,"2022-02-03, 16:00:00",11.684,11.764,11.357,11.592,179471.2
1445,"2022-02-03, 20:00:00",11.596,11.721,11.361,11.696,188619.0
1446,"2022-02-04, 00:00:00",11.696,11.766,11.485,11.554,162442.6
1447,"2022-02-04, 04:00:00",11.556,12.28,11.472,12.148,508953.4
1448,"2022-02-04, 08:00:00",12.145,12.389,12.057,12.285,293940.0
1449,"2022-02-04, 12:00:00",12.284,12.827,12.234,12.684,315515.1
1450,"2022-02-04, 16:00:00",12.685,13.079,12.662,12.998,535174.5
1451,"2022-02-04, 20:00:00",12.998,13.275,12.671,13.083,1193584.7
1452,"2022-02-05, 00:00:00",13.082,13.45,13.073,13.27,731691.7
1453,"2022-02-05, 04:00:00",13.27,13.565,13.191,13.555,358985.8
1454,"2022-02-05, 08:00:00",13.555,13.699,13.407,13.621,280631.7
1455,"2022-02-05, 12:00:00",13.623,13.895,13.513,13.546,221355.8
1456,"2022-02-05, 16:00:00",13.547,13.842,13.543,13.686,188249.5
1457,"2022-02-05, 20:00:00",13.687,14.042,13.605,13.961,292277.0
1458,"2022-02-06, 00:00:00",13.956,13.995,13.356,13.876,267667.0
1459,"2022-02-06, 04:00:00",13.881,13.973,13.762,13.816,152111.7
1460,"2022-02-06, 08:00:00",13.817,14.326,13.808,14.154,173176.1
1461,"2022-02-06, 12:00:00",14.155,14.206,13.917,14.185,125323.7
1462,"2022-02-06, 16:00:00",14.185,14.292,14.087,14.153,108292.8
1463,"2022-02-06, 20:00:00",14.157,14.624,14.063,14.334,279025.4
1464,"2022-02-07, 00:00:00",14.333,14.631,14.204,14.309,164528.7
1465,"2022-02-07, 04:00:00",14.309,14.662,14.156,14.645,154337.7
1466,"2022-02-07, 08:00:00",14.648,14.836,14.311,14.803,176819.6
1467,"2022-02-07, 12:00:00",14.806,14.905,14.701,14.739,142629.5
1468,"2022-02-07, 16:00:00",14.741,14.772,14.489,14.652,123259.5
1469,"2022-02-07, 20:00:00",14.656,15.177,14.555,15.118,198742.2
1470,"2022-02-08, 00:00:00",15.116,15.21,14.915,15.139,185585.0
1471,"2022-02-08, 04:00:00",15.14,15.217,14.826,14.881,116792.9
1472,"2022-02-08, 08:00:00",14.872,15.04,14.626,14.96,180532.6
1473,"2022-02-08, 12:00:00",14.954,15.263,14.791,14.897,148780.8
1474,"2022-02-08, 16:00:00",14.897,14.947,14.395,14.769,219847.0
1475,"2022-02-08, 20:00:00",14.767,14.944,14.41,14.688,306516.0
1476,"2022-02-09, 00:00:00",14.689,14.772,14.387,14.595,261110.7
1477,"2022-02-09, 04:00:00",14.595,14.954,14.553,14.703,233887.5
1478,"2022-02-09, 08:00:00",14.712,14.767,14.306,14.364,197527.3
1479,"2022-02-09, 12:00:00",14.361,14.621,14.221,14.578,156316.6
1480,"2022-02-09, 16:00:00",14.57,14.817,14.367,14.802,148361.5
1481,"2022-02-09, 20:00:00",14.803,15.143,14.746,14.991,281552.5
1482,"2022-02-10, 00:00:00",14.991,15.267,14.886,15.193,188364.0
1483,"2022-02-10, 04:00:00",15.192,15.343,15.056,15.102,154663.5
1484,"2022-02-10, 08:00:00",15.101,15.131,14.589,14.65,153780.2
1485,"2022-02-10, 12:00:00",14.651,14.715,14.532,14.715,115595.6
1486,"2022-02-10, 16:00:00",14.715,15.142,14.678,14.988,150614.9
1487,"2022-02-10, 20:00:00",14.988,15.096,14.188,14.922,387549.7
1488,"2022-02-11, 00:00:00",14.92,15.6,14.8,14.857,968171.4
1489,"2022-02-11, 04:00:00",14.86,14.909,14.435,14.509,285513.9
1490,"2022-02-11, 08:00:00",14.513,14.594,14.186,14.467,184301.9
1491,"2022-02-11, 12:00:00",14.468,14.629,14.352,14.622,119982.0
1492,"2022-02-11, 16:00:00",14.628,14.715,14.429,14.596,123024.0
1493,"2022-02-11, 20:00:00",14.596,14.74,14.49,14.525,127932.6
1494,"2022-02-12, 00:00:00",14.526,14.541,13.76,13.804,259392.9
1495,"2022-02-12, 04:00:00",13.801,13.85,13.153,13.386,244869.4
1496,"2022-02-12, 08:00:00",13.385,13.509,13.298,13.359,124173.9
1497,"2022-02-12, 12:00:00",13.36,13.454,12.956,13.226,120037.0
1498,"2022-02-12, 16:00:00",13.225,13.48,13.159,13.474,143195.2
1499,"2022-02-12, 20:00:00",13.475,13.664,13.311,13.52,172580.4
1500,"2022-02-13, 00:00:00",13.523,13.893,13.411,13.783,179996.6
1501,"2022-02-13, 04:00:00",13.787,14.022,13.418,13.64,217547.5
1502,"2022-02-13, 08:00:00",13.641,13.755,13.511,13.566,95966.2
1503,"2022-02-13, 12:00:00",13.572,13.732,13.502,13.71,79899.3
1504,"2022-02-13, 16:00:00",13.708,13.934,13.663,13.889,129465.2
1505,"2022-02-13, 20:00:00",13.889,14.985,13.836,13.986,1331247.0
1506,"2022-02-14, 00:00:00",13.987,14.001,13.396,13.509,316599.5
1507,"2022-02-14, 04:00:00",13.508,13.926,13.454,13.703,180377.3
1508,"2022-02-14, 08:00:00",13.699,13.762,13.339,13.51,214460.5
1509,"2022-02-14, 12:00:00",13.506,13.625,13.363,13.605,181876.1
1510,"2022-02-14, 16:00:00",13.604,13.712,13.433,13.661,166760.2
1511,"2022-02-14, 20:00:00",13.661,14.258,13.583,14.128,264328.3
1512,"2022-02-15, 00:00:00",14.127,14.27,13.677,13.774,221282.5
1513,"2022-02-15, 04:00:00",13.778,14.135,13.624,13.985,167290.4
1514,"2022-02-15, 08:00:00",13.983,14.78,13.972,14.595,294483.0
1515,"2022-02-15, 12:00:00",14.597,14.716,14.359,14.696,321443.5
1516,"2022-02-15, 16:00:00",14.695,15.174,14.685,15.052,291811.4
1517,"2022-02-15, 20:00:00",15.052,15.444,14.993,15.307,317820.5
1518,"2022-02-16, 00:00:00",15.307,15.399,15.1,15.273,224593.8
1519,"2022-02-16, 04:00:00",15.273,15.88,15.26,15.783,323500.6
1520,"2022-02-16, 08:00:00",15.777,15.897,15.578,15.632,161535.4
1521,"2022-02-16, 12:00:00",15.631,15.854,15.378,15.829,180828.6
1522,"2022-02-16, 16:00:00",15.827,16.029,15.528,15.608,313861.8
1523,"2022-02-16, 20:00:00",15.606,15.678,14.925,14.974,301869.9
1524,"2022-02-17, 00:00:00",14.975,15.459,14.834,15.432,267305.3
1525,"2022-02-17, 04:00:00",15.434,15.496,15.165,15.217,174985.5
1526,"2022-02-17, 08:00:00",15.212,15.386,14.829,14.829,161759.9
1527,"2022-02-17, 12:00:00",14.829,14.832,14.606,14.755,287540.8
1528,"2022-02-17, 16:00:00",14.757,14.849,14.4,14.424,426980.6
1529,"2022-02-17, 20:00:00",14.424,14.53,13.98,14.104,726976.8
1530,"2022-02-18, 00:00:00",14.104,14.18,13.577,13.806,398693.1
1531,"2022-02-18, 04:00:00",13.787,13.787,13.44,13.593,272899.2
1532,"2022-02-18, 08:00:00",13.591,13.913,13.484,13.824,272756.4
1533,"2022-02-18, 12:00:00",13.824,13.945,13.675,13.871,158916.9
1534,"2022-02-18, 16:00:00",13.872,14.012,13.627,13.652,145987.7
1535,"2022-02-18, 20:00:00",13.656,13.823,13.238,13.308,308051.4
1536,"2022-02-19, 00:00:00",13.305,13.374,13.069,13.344,230357.9
1537,"2022-02-19, 04:00:00",13.354,13.393,13.023,13.077,148264.7
1538,"2022-02-19, 08:00:00",13.072,13.266,13.043,13.16,79180.1
1539,"2022-02-19, 12:00:00",13.16,13.326,13.131,13.273,63423.6
1540,"2022-02-19, 16:00:00",13.278,13.295,12.73,12.82,164710.5
1541,"2022-02-19, 20:00:00",12.821,13.117,12.693,13.098,135948.8
1542,"2022-02-20, 00:00:00",13.096,13.283,12.874,12.929,136368.9
1543,"2022-02-20, 04:00:00",12.924,13.102,12.89,13.064,108882.8
1544,"2022-02-20, 08:00:00",13.065,13.074,12.735,12.779,87685.3
1545,"2022-02-20, 12:00:00",12.775,12.839,12.317,12.544,146365.5
1546,"2022-02-20, 16:00:00",12.541,12.586,12.352,12.556,113548.3
1547,"2022-02-20, 20:00:00",12.561,12.688,12.3,12.584,114401.8
1548,"2022-02-21, 00:00:00",12.576,12.727,12.499,12.591,112303.6
1549,"2022-02-21, 04:00:00",12.591,12.702,12.291,12.478,119812.7
1550,"2022-02-21, 08:00:00",12.478,13.046,12.408,12.902,143868.2
1551,"2022-02-21, 12:00:00",12.901,13.119,12.895,13.102,113486.9
1552,"2022-02-21, 16:00:00",13.096,13.16,12.207,12.32,242413.0
1553,"2022-02-21, 20:00:00",12.319,12.976,12.085,12.848,283527.2
1554,"2022-02-22, 00:00:00",12.848,12.916,12.222,12.339,254708.5
1555,"2022-02-22, 04:00:00",12.34,12.474,11.732,11.767,258021.2
1556,"2022-02-22, 08:00:00",11.765,12.036,11.5,11.666,162567.2
1557,"2022-02-22, 12:00:00",11.665,11.926,11.618,11.822,130099.6
1558,"2022-02-22, 16:00:00",11.824,12.294,11.795,12.243,212138.9
1559,"2022-02-22, 20:00:00",12.237,12.579,12.11,12.41,199457.5
1560,"2022-02-23, 00:00:00",12.411,12.472,12.136,12.363,199041.2
1561,"2022-02-23, 04:00:00",12.364,12.514,12.138,12.446,119824.4
1562,"2022-02-23, 08:00:00",12.44,12.561,12.201,12.275,128309.9
1563,"2022-02-23, 12:00:00",12.276,12.627,12.27,12.623,83710.1
1564,"2022-02-23, 16:00:00",12.623,12.856,12.563,12.761,156455.9
1565,"2022-02-23, 20:00:00",12.76,12.874,12.455,12.496,133056.6
1566,"2022-02-24, 00:00:00",12.498,12.791,12.153,12.183,156102.6
1567,"2022-02-24, 04:00:00",12.184,12.259,11.812,11.83,115101.2
1568,"2022-02-24, 08:00:00",11.826,11.907,10.821,10.894,271478.0
1569,"2022-02-24, 12:00:00",10.9,10.987,10.466,10.806,290839.0
1570,"2022-02-24, 16:00:00",10.804,11.01,10.516,10.806,213607.4
1571,"2022-02-24, 20:00:00",10.8,11.171,10.626,11.136,237071.9
1572,"2022-02-25, 00:00:00",11.134,11.7,10.935,11.675,285349.5
1573,"2022-02-25, 04:00:00",11.681,12.14,11.533,11.861,333125.5
1574,"2022-02-25, 08:00:00",11.862,12.008,11.7,11.922,110451.2
1575,"2022-02-25, 12:00:00",11.921,11.945,11.653,11.813,87124.2
1576,"2022-02-25, 16:00:00",11.813,11.929,11.547,11.902,134982.4
1577,"2022-02-25, 20:00:00",11.9,12.292,11.868,12.222,180772.5
1578,"2022-02-26, 00:00:00",12.223,12.271,11.904,12.009,122465.3
1579,"2022-02-26, 04:00:00",12.003,12.5,11.951,12.31,107598.0
1580,"2022-02-26, 08:00:00",12.309,12.728,12.269,12.385,118266.0
1581,"2022-02-26, 12:00:00",12.382,12.517,12.172,12.377,101985.9
1582,"2022-02-26, 16:00:00",12.382,12.529,12.162,12.195,119432.8
1583,"2022-02-26, 20:00:00",12.189,12.451,12.15,12.328,85286.7
1584,"2022-02-27, 00:00:00",12.331,12.529,12.19,12.453,119422.0
1585,"2022-02-27, 04:00:00",12.452,12.628,12.244,12.367,88933.7
1586,"2022-02-27, 08:00:00",12.371,12.373,11.799,11.929,104083.5
1587,"2022-02-27, 12:00:00",11.931,12.207,11.84,12.168,69036.3
1588,"2022-02-27, 16:00:00",12.16,12.588,12.007,12.558,147681.9
1589,"2022-02-27, 20:00:00",12.56,12.653,12.133,12.584,189446.1
1590,"2022-02-28, 00:00:00",12.584,12.584,11.656,11.734,119287.4
1591,"2022-02-28, 04:00:00",11.726,11.893,11.465,11.604,233012.1
1592,"2022-02-28, 08:00:00",11.602,11.658,11.336,11.417,114006.4
1593,"2022-02-28, 12:00:00",11.415,11.644,11.219,11.601,124992.0
1594,"2022-02-28, 16:00:00",11.604,11.711,11.502,11.564,109937.4
1595,"2022-02-28, 20:00:00",11.564,12.298,11.385,12.259,254450.5
1596,"2022-03-01, 00:00:00",12.259,12.418,12.168,12.386,192433.9
1597,"2022-03-01, 04:00:00",12.388,13.114,12.336,13.094,274369.1
1598,"2022-03-01, 08:00:00",13.087,13.383,12.983,13.118,194604.0
1599,"2022-03-01, 12:00:00",13.118,13.293,12.971,13.288,101305.4
1600,"2022-03-01, 16:00:00",13.291,13.5,12.916,13.244,208803.5
1601,"2022-03-01, 20:00:00",13.245,13.771,13.152,13.289,205609.2
1602,"2022-03-02, 00:00:00",13.286,13.484,13.068,13.315,157421.7
1603,"2022-03-02, 04:00:00",13.31,13.507,13.191,13.306,179773.9
1604,"2022-03-02, 08:00:00",13.311,13.371,12.881,13.337,164513.4
1605,"2022-03-02, 12:00:00",13.336,13.408,12.938,13.049,108444.6
1606,"2022-03-02, 16:00:00",13.054,13.311,12.936,13.29,102670.7
1607,"2022-03-02, 20:00:00",13.292,13.454,12.847,13.081,200984.0
1608,"2022-03-03, 00:00:00",13.085,13.27,12.886,12.995,116735.1
1609,"2022-03-03, 04:00:00",12.995,13.23,12.923,13.035,119313.4
1610,"2022-03-03, 08:00:00",13.037,13.135,12.647,12.768,105177.4
1611,"2022-03-03, 12:00:00",12.765,12.893,12.588,12.784,81774.3
1612,"2022-03-03, 16:00:00",12.783,12.97,12.699,12.883,106672.8
1613,"2022-03-03, 20:00:00",12.882,12.981,12.443,12.504,156143.8
1614,"2022-03-04, 00:00:00",12.501,12.556,12.251,12.389,111720.5
1615,"2022-03-04, 04:00:00",12.391,12.508,12.263,12.359,112510.3
1616,"2022-03-04, 08:00:00",12.357,12.406,11.82,11.937,196287.0
1617,"2022-03-04, 12:00:00",11.932,12.046,11.852,12.012,79019.5
1618,"2022-03-04, 16:00:00",12.014,12.21,11.856,12.155,156157.2
1619,"2022-03-04, 20:00:00",12.155,12.187,11.773,11.779,221491.0
1620,"2022-03-05, 00:00:00",11.778,11.849,11.421,11.449,134239.0
1621,"2022-03-05, 04:00:00",11.447,11.499,11.224,11.349,160626.4
1622,"2022-03-05, 08:00:00",11.345,11.347,11.078,11.319,100083.1
1623,"2022-03-05, 12:00:00",11.32,11.519,11.213,11.464,81521.7
1624,"2022-03-05, 16:00:00",11.46,11.583,11.425,11.548,96197.0
1625,"2022-03-05, 20:00:00",11.549,11.638,11.448,11.54,69232.3
1626,"2022-03-06, 00:00:00",11.537,11.749,11.536,11.696,118914.1
1627,"2022-03-06, 04:00:00",11.696,11.764,11.584,11.681,81450.2
1628,"2022-03-06, 08:00:00",11.681,11.801,11.531,11.553,79607.7
1629,"2022-03-06, 12:00:00",11.553,11.65,11.385,11.598,92010.0
1630,"2022-03-06, 16:00:00",11.599,11.599,11.252,11.384,105215.5
1631,"2022-03-06, 20:00:00",11.387,11.57,11.376,11.459,81827.8
1632,"2022-03-07, 00:00:00",11.455,11.582,11.271,11.306,128348.1
1633,"2022-03-07, 04:00:00",11.306,11.515,11.073,11.13,163309.2
1634,"2022-03-07, 08:00:00",11.131,11.177,10.846,10.96,180890.2
1635,"2022-03-07, 12:00:00",10.961,11.133,10.931,11.021,102325.9
1636,"2022-03-07, 16:00:00",11.018,11.185,10.926,11.161,108363.5
1637,"2022-03-07, 20:00:00",11.162,11.591,11.162,11.477,214057.5
1638,"2022-03-08, 00:00:00",11.47,11.591,10.754,10.801,200788.2
1639,"2022-03-08, 04:00:00",10.796,11.146,10.72,10.994,185210.3
1640,"2022-03-08, 08:00:00",10.998,11.408,10.937,11.353,135076.6
1641,"2022-03-08, 12:00:00",11.356,11.413,11.053,11.211,112249.0
1642,"2022-03-08, 16:00:00",11.217,11.509,11.183,11.48,170803.3
1643,"2022-03-08, 20:00:00",11.488,11.539,11.163,11.249,152334.2
1644,"2022-03-09, 00:00:00",11.249,11.601,11.117,11.391,174772.4
1645,"2022-03-09, 04:00:00",11.39,11.419,11.123,11.341,103756.7
1646,"2022-03-09, 08:00:00",11.342,12.004,11.313,11.96,193584.0
1647,"2022-03-09, 12:00:00",11.961,12.256,11.948,12.176,206127.1
1648,"2022-03-09, 16:00:00",12.176,12.291,12.099,12.124,130584.3
1649,"2022-03-09, 20:00:00",12.124,12.189,11.894,12.083,126670.4
1650,"2022-03-10, 00:00:00",12.085,12.132,11.751,11.873,160157.4
1651,"2022-03-10, 04:00:00",11.873,11.994,11.758,11.94,110417.9
1652,"2022-03-10, 08:00:00",11.94,11.967,11.511,11.512,177549.4
1653,"2022-03-10, 12:00:00",11.515,11.555,10.992,11.128,273974.4
1654,"2022-03-10, 16:00:00",11.128,11.212,11.01,11.05,187153.7
1655,"2022-03-10, 20:00:00",11.047,11.265,10.86,11.063,239390.7
1656,"2022-03-11, 00:00:00",11.06,11.195,10.943,11.156,135974.5
1657,"2022-03-11, 04:00:00",11.153,11.362,11.118,11.333,203284.2
1658,"2022-03-11, 08:00:00",11.327,11.333,10.9,11.051,162037.9
1659,"2022-03-11, 12:00:00",11.051,11.368,10.917,11.331,120930.3
1660,"2022-03-11, 16:00:00",11.336,11.498,11.122,11.445,139504.5
1661,"2022-03-11, 20:00:00",11.441,11.583,11.161,11.216,180401.1
1662,"2022-03-12, 00:00:00",11.217,11.223,10.979,11.047,140812.0
1663,"2022-03-12, 04:00:00",11.045,11.12,10.893,10.893,156984.2
1664,"2022-03-12, 08:00:00",10.898,11.124,10.887,10.98,137905.2
1665,"2022-03-12, 12:00:00",10.981,11.075,10.93,11.008,98956.8
1666,"2022-03-12, 16:00:00",11.008,11.052,10.93,10.975,99949.8
1667,"2022-03-12, 20:00:00",10.976,11.07,10.869,10.994,111358.3
1668,"2022-03-13, 00:00:00",10.995,11.092,10.959,10.991,71709.9
1669,"2022-03-13, 04:00:00",10.991,11.019,10.798,10.827,77636.9
1670,"2022-03-13, 08:00:00",10.827,11.03,10.756,11.028,100731.6
1671,"2022-03-13, 12:00:00",11.027,11.055,10.947,10.957,70988.9
1672,"2022-03-13, 16:00:00",10.955,10.967,10.833,10.862,79824.7
1673,"2022-03-13, 20:00:00",10.861,10.954,10.686,10.923,106265.4
1674,"2022-03-14, 00:00:00",10.923,10.943,10.795,10.8,62275.0
1675,"2022-03-14, 04:00:00",10.801,10.836,10.473,10.537,132386.4
1676,"2022-03-14, 08:00:00",10.543,10.675,10.437,10.625,99034.6
1677,"2022-03-14, 12:00:00",10.633,10.971,10.629,10.942,122985.2
1678,"2022-03-14, 16:00:00",10.945,11.027,10.905,10.922,93013.1
1679,"2022-03-14, 20:00:00",10.918,10.981,10.838,10.888,106781.7
1680,"2022-03-15, 00:00:00",10.888,10.903,10.627,10.711,99408.1
1681,"2022-03-15, 04:00:00",10.711,11.027,10.666,11.005,158536.6
1682,"2022-03-15, 08:00:00",11.011,11.042,10.837,10.855,153607.0
1683,"2022-03-15, 12:00:00",10.855,10.899,10.619,10.757,95805.4
1684,"2022-03-15, 16:00:00",10.76,10.885,10.688,10.869,116542.6
1685,"2022-03-15, 20:00:00",10.864,11.032,10.782,10.97,231516.8
1686,"2022-03-16, 00:00:00",10.971,11.245,10.94,11.224,317861.8
1687,"2022-03-16, 04:00:00",11.221,11.266,11.1,11.155,190756.9
1688,"2022-03-16, 08:00:00",11.154,12.5,11.073,11.16,763934.2
1689,"2022-03-16, 12:00:00",11.16,11.317,11.066,11.288,222228.4
1690,"2022-03-16, 16:00:00",11.289,11.469,11.258,11.406,169536.6
1691,"2022-03-16, 20:00:00",11.407,11.483,11.222,11.338,140967.0
1692,"2022-03-17, 00:00:00",11.341,11.478,10.942,11.469,298668.4
1693,"2022-03-17, 04:00:00",11.467,11.641,11.35,11.496,154601.5
1694,"2022-03-17, 08:00:00",11.497,11.533,11.36,11.381,121235.3
1695,"2022-03-17, 12:00:00",11.382,11.504,11.339,11.43,123325.6
1696,"2022-03-17, 16:00:00",11.425,11.567,11.387,11.55,104999.3
1697,"2022-03-17, 20:00:00",11.55,11.726,11.5,11.515,158910.2
1698,"2022-03-18, 00:00:00",11.517,11.555,11.416,11.514,97660.7
1699,"2022-03-18, 04:00:00",11.514,11.538,11.372,11.446,93744.6
1700,"2022-03-18, 08:00:00",11.446,11.486,11.236,11.267,115697.3
1701,"2022-03-18, 12:00:00",11.266,11.46,11.232,11.36,78493.6
1702,"2022-03-18, 16:00:00",11.361,11.455,11.182,11.261,156256.4
1703,"2022-03-18, 20:00:00",11.261,11.677,11.239,11.643,240099.9
1704,"2022-03-19, 00:00:00",11.643,11.925,11.635,11.923,183255.2
1705,"2022-03-19, 04:00:00",11.921,11.946,11.774,11.847,96168.9
1706,"2022-03-19, 08:00:00",11.847,12.046,11.819,11.901,117893.0
1707,"2022-03-19, 12:00:00",11.901,12.027,11.86,11.978,126143.3
1708,"2022-03-19, 16:00:00",11.977,12.263,11.942,12.255,157646.7
1709,"2022-03-19, 20:00:00",12.254,12.515,12.215,12.469,189484.2
1710,"2022-03-20, 00:00:00",12.467,12.869,12.383,12.593,293982.7
1711,"2022-03-20, 04:00:00",12.593,12.655,12.266,12.448,177161.6
1712,"2022-03-20, 08:00:00",12.448,12.526,12.321,12.391,124197.2
1713,"2022-03-20, 12:00:00",12.393,12.402,12.093,12.134,148749.6
1714,"2022-03-20, 16:00:00",12.136,12.161,11.707,11.725,267545.9
1715,"2022-03-20, 20:00:00",11.722,11.784,11.605,11.669,170695.8
1716,"2022-03-21, 00:00:00",11.665,11.822,11.52,11.814,174896.2
1717,"2022-03-21, 04:00:00",11.814,11.914,11.707,11.745,143960.0
1718,"2022-03-21, 08:00:00",11.745,11.849,11.55,11.717,121840.1
1719,"2022-03-21, 12:00:00",11.716,12.067,11.667,12.067,142252.8
1720,"2022-03-21, 16:00:00",12.063,12.246,11.969,12.113,172651.0
1721,"2022-03-21, 20:00:00",12.11,12.291,11.921,12.169,233835.3
1722,"2022-03-22, 00:00:00",12.171,12.176,11.878,12.017,174184.8
1723,"2022-03-22, 04:00:00",12.016,12.1,11.889,11.938,130702.6
1724,"2022-03-22, 08:00:00",11.939,12.298,11.814,12.262,186057.3
1725,"2022-03-22, 12:00:00",12.266,12.442,12.105,12.235,178819.2
1726,"2022-03-22, 16:00:00",12.235,12.384,12.189,12.376,129731.8
1727,"2022-03-22, 20:00:00",12.37,12.395,12.205,12.248,154426.3
1728,"2022-03-23, 00:00:00",12.242,12.343,12.057,12.069,147462.4
1729,"2022-03-23, 04:00:00",12.068,12.163,11.914,11.938,159661.2
1730,"2022-03-23, 08:00:00",11.938,11.999,11.736,11.792,192877.1
1731,"2022-03-23, 12:00:00",11.788,11.96,11.724,11.937,102215.1
1732,"2022-03-23, 16:00:00",11.935,12.068,11.833,12.022,144046.5
1733,"2022-03-23, 20:00:00",12.023,12.44,11.959,12.4,324921.4
1734,"2022-03-24, 00:00:00",12.401,12.473,12.219,12.374,225965.9
1735,"2022-03-24, 04:00:00",12.371,12.826,12.354,12.791,245362.7
1736,"2022-03-24, 08:00:00",12.791,12.935,12.613,12.649,246204.2
1737,"2022-03-24, 12:00:00",12.649,13.023,12.636,12.986,241739.2
1738,"2022-03-24, 16:00:00",12.988,13.1,12.881,12.989,280044.0
1739,"2022-03-24, 20:00:00",12.989,13.098,12.672,13.085,363184.1
1740,"2022-03-25, 00:00:00",13.079,13.11,12.785,12.803,231904.2
1741,"2022-03-25, 04:00:00",12.803,12.927,12.685,12.881,167279.3
1742,"2022-03-25, 08:00:00",12.887,13.049,12.757,12.976,169206.0
1743,"2022-03-25, 12:00:00",12.98,13.127,12.964,13.011,154049.8
1744,"2022-03-25, 16:00:00",13.011,13.226,12.847,13.157,166269.6
1745,"2022-03-25, 20:00:00",13.159,13.226,12.774,12.812,173826.7
1746,"2022-03-26, 00:00:00",12.819,12.882,12.428,12.586,208871.5
1747,"2022-03-26, 04:00:00",12.59,12.662,12.483,12.561,59118.1
1748,"2022-03-26, 08:00:00",12.561,12.655,12.501,12.555,103568.3
1749,"2022-03-26, 12:00:00",12.555,12.738,12.541,12.708,92370.4
1750,"2022-03-26, 16:00:00",12.708,12.798,12.684,12.742,72230.2
1751,"2022-03-26, 20:00:00",12.744,12.79,12.637,12.749,112755.3
1752,"2022-03-27, 00:00:00",12.747,12.797,12.708,12.752,60681.7
1753,"2022-03-27, 04:00:00",12.754,12.911,12.727,12.855,81900.7
1754,"2022-03-27, 08:00:00",12.855,13.054,12.834,12.925,104764.5
1755,"2022-03-27, 12:00:00",12.925,13.054,12.87,13.034,115992.0
1756,"2022-03-27, 16:00:00",13.037,13.26,13.034,13.249,155958.5
1757,"2022-03-27, 20:00:00",13.25,13.478,12.937,13.471,334540.2
1758,"2022-03-28, 00:00:00",13.47,13.679,13.382,13.609,312323.6
1759,"2022-03-28, 04:00:00",13.606,14.103,13.455,13.986,396998.2
1760,"2022-03-28, 08:00:00",13.983,14.139,13.844,14.019,206076.2
1761,"2022-03-28, 12:00:00",14.019,14.205,13.914,14.174,154014.6
1762,"2022-03-28, 16:00:00",14.177,14.32,14.026,14.162,149703.4
1763,"2022-03-28, 20:00:00",14.16,14.599,14.0,14.271,740808.7
1764,"2022-03-29, 00:00:00",14.271,14.526,14.06,14.411,363095.2
1765,"2022-03-29, 04:00:00",14.408,14.495,13.61,13.82,420698.1
1766,"2022-03-29, 08:00:00",13.82,14.388,13.77,14.326,240389.3
1767,"2022-03-29, 12:00:00",14.328,15.215,14.326,14.77,1157393.5
1768,"2022-03-29, 16:00:00",14.77,15.089,14.761,15.027,418402.2
1769,"2022-03-29, 20:00:00",15.022,15.155,14.6,14.707,512234.3
1770,"2022-03-30, 00:00:00",14.706,14.802,14.29,14.63,401303.1
1771,"2022-03-30, 04:00:00",14.632,14.662,14.118,14.612,234754.5
1772,"2022-03-30, 08:00:00",14.611,14.673,14.101,14.654,347459.2
1773,"2022-03-30, 12:00:00",14.655,15.195,14.565,15.158,410150.4
1774,"2022-03-30, 16:00:00",15.158,15.46,14.961,15.439,409905.3
1775,"2022-03-30, 20:00:00",15.438,16.939,15.402,16.938,1577271.0
1776,"2022-03-31, 00:00:00",16.933,17.55,16.851,17.094,1641398.7
1777,"2022-03-31, 04:00:00",17.101,17.159,16.529,16.656,503301.5
1778,"2022-03-31, 08:00:00",16.656,16.726,16.28,16.344,333065.3
1779,"2022-03-31, 12:00:00",16.345,16.579,16.169,16.511,409458.4
1780,"2022-03-31, 16:00:00",16.508,16.683,16.4,16.543,447028.7
1781,"2022-03-31, 20:00:00",16.544,16.656,15.644,15.875,578224.8
1782,"2022-04-01, 00:00:00",15.876,15.914,15.22,15.457,493803.4
1783,"2022-04-01, 04:00:00",15.458,15.714,15.386,15.608,167003.8
1784,"2022-04-01, 08:00:00",15.608,15.914,14.929,15.621,389042.6
1785,"2022-04-01, 12:00:00",15.623,15.929,15.465,15.848,228648.6
1786,"2022-04-01, 16:00:00",15.848,15.995,15.538,15.593,264712.2
1787,"2022-04-01, 20:00:00",15.594,16.432,15.376,16.371,342002.2
1788,"2022-04-02, 00:00:00",16.378,16.446,16.122,16.232,188684.0
1789,"2022-04-02, 04:00:00",16.23,16.399,16.023,16.383,176580.0
1790,"2022-04-02, 08:00:00",16.389,16.673,16.131,16.309,216607.9
1791,"2022-04-02, 12:00:00",16.316,16.462,16.225,16.293,137038.9
1792,"2022-04-02, 16:00:00",16.29,16.436,16.205,16.266,135696.3
1793,"2022-04-02, 20:00:00",16.258,16.323,15.523,15.701,345196.5
1794,"2022-04-03, 00:00:00",15.697,15.939,15.521,15.758,207557.6
1795,"2022-04-03, 04:00:00",15.765,15.867,15.398,15.477,120418.5
1796,"2022-04-03, 08:00:00",15.481,15.736,15.217,15.646,156044.8
1797,"2022-04-03, 12:00:00",15.653,15.93,15.625,15.902,93058.4
1798,"2022-04-03, 16:00:00",15.911,15.965,15.678,15.841,94028.1
1799,"2022-04-03, 20:00:00",15.842,16.068,15.759,16.034,115720.5
1800,"2022-04-04, 00:00:00",16.04,16.176,15.968,16.072,163583.1
1801,"2022-04-04, 04:00:00",16.068,16.411,16.05,16.212,186589.9
1802,"2022-04-04, 08:00:00",16.206,16.236,15.805,16.004,193640.7
1803,"2022-04-04, 12:00:00",16.004,16.523,15.998,16.36,393044.3
1804,"2022-04-04, 16:00:00",16.358,16.381,15.675,15.865,260340.6
1805,"2022-04-04, 20:00:00",15.864,15.946,15.255,15.36,265586.5
1806,"2022-04-05, 00:00:00",15.366,15.906,15.307,15.887,309124.7
1807,"2022-04-05, 04:00:00",15.891,16.161,15.786,16.059,211049.8
1808,"2022-04-05, 08:00:00",16.06,16.549,15.948,16.519,229917.0
1809,"2022-04-05, 12:00:00",16.525,16.653,16.196,16.584,194724.3
1810,"2022-04-05, 16:00:00",16.584,16.812,16.3,16.787,346018.8
1811,"2022-04-05, 20:00:00",16.789,17.262,16.722,16.804,1000200.1
1812,"2022-04-06, 00:00:00",16.804,17.164,16.406,16.803,668010.9
1813,"2022-04-06, 04:00:00",16.802,17.006,16.232,16.406,522253.0
1814,"2022-04-06, 08:00:00",16.407,16.42,15.108,15.625,701895.8
1815,"2022-04-06, 12:00:00",15.625,15.853,15.503,15.648,215368.0
1816,"2022-04-06, 16:00:00",15.645,16.202,15.273,16.132,730800.9
1817,"2022-04-06, 20:00:00",16.132,16.542,15.565,16.39,915094.0
1818,"2022-04-07, 00:00:00",16.39,17.044,15.6,16.901,969978.5
1819,"2022-04-07, 04:00:00",16.9,19.664,16.854,19.135,6447149.0
1820,"2022-04-07, 08:00:00",19.131,19.88,18.041,18.48,5202990.8
1821,"2022-04-07, 12:00:00",18.487,19.3,18.364,18.799,3449859.2
1822,"2022-04-07, 16:00:00",18.805,19.745,18.513,18.877,5748179.3
1823,"2022-04-07, 20:00:00",18.872,18.95,17.27,17.826,4461957.6
1824,"2022-04-08, 00:00:00",17.826,19.8,17.508,19.495,5496276.7
1825,"2022-04-08, 04:00:00",19.5,19.58,18.891,19.457,3076907.9
1826,"2022-04-08, 08:00:00",19.454,20.992,19.388,20.648,3291412.1
1827,"2022-04-08, 12:00:00",20.646,21.45,20.567,20.898,2912951.3
1828,"2022-04-08, 16:00:00",20.899,21.896,20.742,20.937,3558320.4
1829,"2022-04-08, 20:00:00",20.937,21.507,20.395,20.817,3431284.4
1830,"2022-04-09, 00:00:00",20.819,21.099,20.323,20.916,1749655.5
1831,"2022-04-09, 04:00:00",20.902,21.348,19.9,20.232,2039315.7
1832,"2022-04-09, 08:00:00",20.232,21.27,20.177,21.043,1557322.6
1833,"2022-04-09, 12:00:00",21.042,21.432,20.3,20.627,1246190.9
1834,"2022-04-09, 16:00:00",20.627,20.955,20.402,20.578,850733.9
1835,"2022-04-09, 20:00:00",20.573,20.668,18.85,18.971,1653368.8
1836,"2022-04-10, 00:00:00",18.975,19.236,18.258,18.375,1624426.5
1837,"2022-04-10, 04:00:00",18.375,18.54,18.126,18.361,947301.6
1838,"2022-04-10, 08:00:00",18.36,18.372,17.945,18.074,890725.2
1839,"2022-04-10, 12:00:00",18.068,18.165,17.803,17.905,691278.5
1840,"2022-04-10, 16:00:00",17.904,17.975,17.565,17.869,1173026.0
1841,"2022-04-10, 20:00:00",17.869,17.904,17.573,17.701,780848.1
1842,"2022-04-11, 00:00:00",17.701,18.14,17.645,17.774,900803.4
1843,"2022-04-11, 04:00:00",17.774,17.904,16.771,16.919,932093.1
1844,"2022-04-11, 08:00:00",16.918,17.272,16.527,16.693,785248.9
1845,"2022-04-11, 12:00:00",16.687,17.186,16.456,17.179,625741.0
1846,"2022-04-11, 16:00:00",17.179,17.183,16.173,16.716,1200226.4
1847,"2022-04-11, 20:00:00",16.717,17.494,16.437,16.574,1590039.5
1848,"2022-04-12, 00:00:00",16.575,17.196,16.267,16.385,1118994.1
1849,"2022-04-12, 04:00:00",16.384,16.462,14.739,15.086,1454729.0
1850,"2022-04-12, 08:00:00",15.086,15.346,14.844,15.042,672943.7
1851,"2022-04-12, 12:00:00",15.042,15.424,14.967,15.224,545892.2
1852,"2022-04-12, 16:00:00",15.224,15.716,15.192,15.671,610616.7
1853,"2022-04-12, 20:00:00",15.672,15.866,15.026,15.27,1111112.3
1854,"2022-04-13, 00:00:00",15.271,15.341,14.417,14.528,855478.6
1855,"2022-04-13, 04:00:00",14.528,15.12,14.516,15.096,478010.7
1856,"2022-04-13, 08:00:00",15.097,15.268,14.759,15.116,377665.8
1857,"2022-04-13, 12:00:00",15.114,15.433,15.043,15.25,289664.3
1858,"2022-04-13, 16:00:00",15.251,15.303,14.76,14.769,306264.2
1859,"2022-04-13, 20:00:00",14.769,15.632,14.64,15.452,586935.1
1860,"2022-04-14, 00:00:00",15.453,15.857,15.271,15.633,489466.1
1861,"2022-04-14, 04:00:00",15.631,15.974,15.528,15.711,326500.3
1862,"2022-04-14, 08:00:00",15.709,16.052,15.544,15.824,403021.5
1863,"2022-04-14, 12:00:00",15.823,15.963,15.623,15.836,313408.3
1864,"2022-04-14, 16:00:00",15.837,15.838,15.246,15.359,444252.7
1865,"2022-04-14, 20:00:00",15.365,15.678,14.946,15.022,429085.9
1866,"2022-04-15, 00:00:00",15.022,15.214,14.754,14.818,315210.2
1867,"2022-04-15, 04:00:00",14.814,15.468,14.798,15.342,279257.6
1868,"2022-04-15, 08:00:00",15.343,15.401,15.151,15.368,226460.3
1869,"2022-04-15, 12:00:00",15.368,15.448,14.931,15.224,241175.6
1870,"2022-04-15, 16:00:00",15.224,15.506,15.163,15.326,339604.4
1871,"2022-04-15, 20:00:00",15.323,15.467,15.035,15.289,388449.4
1872,"2022-04-16, 00:00:00",15.29,15.509,15.1,15.154,304590.5
1873,"2022-04-16, 04:00:00",15.153,15.352,15.08,15.344,198839.8
1874,"2022-04-16, 08:00:00",15.345,15.5,15.151,15.443,191801.2
1875,"2022-04-16, 12:00:00",15.443,15.552,15.271,15.391,172649.3
1876,"2022-04-16, 16:00:00",15.391,15.568,15.2,15.38,260812.7
1877,"2022-04-16, 20:00:00",15.381,15.464,15.03,15.117,232585.0
1878,"2022-04-17, 00:00:00",15.116,15.308,15.01,15.029,162945.1
1879,"2022-04-17, 04:00:00",15.028,15.286,15.018,15.177,131397.7
1880,"2022-04-17, 08:00:00",15.176,15.219,14.828,14.958,206874.5
1881,"2022-04-17, 12:00:00",14.952,15.214,14.949,15.188,135165.4
1882,"2022-04-17, 16:00:00",15.192,15.278,15.089,15.262,179779.5
1883,"2022-04-17, 20:00:00",15.262,15.584,15.115,15.486,327492.8
1884,"2022-04-18, 00:00:00",15.485,15.59,15.007,15.371,238641.2
1885,"2022-04-18, 04:00:00",15.37,15.403,14.308,14.403,401046.8
1886,"2022-04-18, 08:00:00",14.403,14.793,14.251,14.66,268213.5
1887,"2022-04-18, 12:00:00",14.661,14.677,13.812,14.093,432610.2
1888,"2022-04-18, 16:00:00",14.096,14.469,14.038,14.227,243753.1
1889,"2022-04-18, 20:00:00",14.227,14.501,14.064,14.112,338378.4
1890,"2022-04-19, 00:00:00",14.11,14.914,13.977,14.794,372367.2
1891,"2022-04-19, 04:00:00",14.795,15.099,14.784,15.074,191531.7
1892,"2022-04-19, 08:00:00",15.073,15.273,14.908,14.916,255095.1
1893,"2022-04-19, 12:00:00",14.917,15.344,14.881,15.059,211826.4
1894,"2022-04-19, 16:00:00",15.057,15.47,15.04,15.265,273097.0
1895,"2022-04-19, 20:00:00",15.262,15.969,15.035,15.858,1150388.4
1896,"2022-04-20, 00:00:00",15.855,15.983,15.588,15.787,400366.0
1897,"2022-04-20, 04:00:00",15.787,16.077,15.585,16.045,311380.1
1898,"2022-04-20, 08:00:00",16.045,16.301,15.46,15.856,584414.1
1899,"2022-04-20, 12:00:00",15.854,16.214,15.672,16.135,379494.8
1900,"2022-04-20, 16:00:00",16.136,16.372,16.005,16.184,289671.9
1901,"2022-04-20, 20:00:00",16.184,16.268,15.62,15.722,523002.4
1902,"2022-04-21, 00:00:00",15.721,15.754,15.291,15.674,356644.2
1903,"2022-04-21, 04:00:00",15.674,16.028,15.526,15.854,227398.5
1904,"2022-04-21, 08:00:00",15.852,16.082,15.697,15.846,213111.9
1905,"2022-04-21, 12:00:00",15.849,16.113,15.54,16.046,244321.8
1906,"2022-04-21, 16:00:00",16.05,16.197,15.699,16.092,285474.2
1907,"2022-04-21, 20:00:00",16.094,16.415,15.921,15.932,279746.5
1908,"2022-04-22, 00:00:00",15.936,16.173,15.631,15.638,262741.2
1909,"2022-04-22, 04:00:00",15.639,16.155,15.101,15.224,546729.6
1910,"2022-04-22, 08:00:00",15.226,15.82,15.176,15.523,271388.3
1911,"2022-04-22, 12:00:00",15.523,16.014,15.513,15.822,263653.5
1912,"2022-04-22, 16:00:00",15.823,16.063,15.516,15.658,478612.0
1913,"2022-04-22, 20:00:00",15.658,15.727,15.066,15.103,320816.5
1914,"2022-04-23, 00:00:00",15.102,15.282,14.888,15.098,333563.8
1915,"2022-04-23, 04:00:00",15.098,15.181,14.831,14.891,150405.8
1916,"2022-04-23, 08:00:00",14.89,15.138,14.738,14.783,241372.7
1917,"2022-04-23, 12:00:00",14.783,14.916,14.575,14.912,148526.9
1918,"2022-04-23, 16:00:00",14.912,15.088,14.851,15.062,179984.6
1919,"2022-04-23, 20:00:00",15.058,15.112,14.882,14.976,142809.5
1920,"2022-04-24, 00:00:00",14.977,15.112,14.844,14.955,146205.6
1921,"2022-04-24, 04:00:00",14.955,15.101,14.776,14.816,107451.4
1922,"2022-04-24, 08:00:00",14.815,15.08,14.636,15.007,174356.7
1923,"2022-04-24, 12:00:00",15.005,15.235,14.821,15.113,303792.6
1924,"2022-04-24, 16:00:00",15.114,15.19,14.77,14.835,184310.5
1925,"2022-04-24, 20:00:00",14.836,15.082,14.604,14.675,358412.5
1926,"2022-04-25, 00:00:00",14.676,14.755,14.406,14.728,257418.9
1927,"2022-04-25, 04:00:00",14.73,14.817,14.531,14.591,132508.0
1928,"2022-04-25, 08:00:00",14.591,14.612,14.042,14.452,286177.7
1929,"2022-04-25, 12:00:00",14.448,14.459,13.712,13.778,253988.2
1930,"2022-04-25, 16:00:00",13.778,14.432,13.717,14.396,263903.3
1931,"2022-04-25, 20:00:00",14.393,15.408,14.392,15.291,1030719.7
1932,"2022-04-26, 00:00:00",15.291,16.1,15.204,15.979,2134690.5
1933,"2022-04-26, 04:00:00",15.978,16.366,15.754,16.119,1072462.2
1934,"2022-04-26, 08:00:00",16.123,16.758,16.013,16.466,1805062.7
1935,"2022-04-26, 12:00:00",16.466,16.946,16.271,16.898,1357478.3
1936,"2022-04-26, 16:00:00",16.897,17.147,16.664,17.079,2162805.2
1937,"2022-04-26, 20:00:00",17.081,17.259,16.375,16.584,2576614.7
1938,"2022-04-27, 00:00:00",16.578,16.7,14.955,15.016,1973495.1
1939,"2022-04-27, 04:00:00",15.01,15.143,14.4,14.518,1050770.5
1940,"2022-04-27, 08:00:00",14.518,14.651,14.3,14.46,588638.3
1941,"2022-04-27, 12:00:00",14.461,14.917,14.438,14.912,678939.7
1942,"2022-04-27, 16:00:00",14.912,15.078,14.45,14.735,969987.1
1943,"2022-04-27, 20:00:00",14.738,14.965,14.383,14.46,925287.7
1944,"2022-04-28, 00:00:00",14.461,14.545,14.101,14.175,749225.3
1945,"2022-04-28, 04:00:00",14.177,14.478,14.118,14.45,383670.6
1946,"2022-04-28, 08:00:00",14.45,14.615,14.263,14.518,388990.9
1947,"2022-04-28, 12:00:00",14.518,14.531,14.23,14.459,247843.9
1948,"2022-04-28, 16:00:00",14.458,14.634,14.372,14.439,359040.3
1949,"2022-04-28, 20:00:00",14.44,14.512,13.812,13.989,593103.3
1950,"2022-04-29, 00:00:00",13.989,14.344,13.868,14.145,265879.4
1951,"2022-04-29, 04:00:00",14.144,14.2,13.9,14.099,184702.4
1952,"2022-04-29, 08:00:00",14.099,14.206,13.833,13.941,181054.0
1953,"2022-04-29, 12:00:00",13.945,14.362,13.824,14.202,204924.7
1954,"2022-04-29, 16:00:00",14.202,14.378,13.541,13.654,381066.1
1955,"2022-04-29, 20:00:00",13.659,14.281,13.584,13.974,439693.6
1956,"2022-04-30, 00:00:00",13.973,14.033,13.237,13.374,538331.6
1957,"2022-04-30, 04:00:00",13.373,13.723,13.353,13.666,247682.6
1958,"2022-04-30, 08:00:00",13.666,13.877,13.483,13.54,220255.8
1959,"2022-04-30, 12:00:00",13.542,13.855,13.53,13.543,195140.4
1960,"2022-04-30, 16:00:00",13.544,13.742,13.429,13.535,205067.9
1961,"2022-04-30, 20:00:00",13.534,13.591,12.958,13.208,434762.3
1962,"2022-05-01, 00:00:00",13.208,13.355,12.809,13.052,310614.1
1963,"2022-05-01, 04:00:00",13.052,13.083,11.685,12.09,678289.7
1964,"2022-05-01, 08:00:00",12.091,12.338,11.839,12.303,364289.7
1965,"2022-05-01, 12:00:00",12.304,12.647,12.163,12.534,226788.5
1966,"2022-05-01, 16:00:00",12.535,12.74,12.391,12.415,250690.6
1967,"2022-05-01, 20:00:00",12.415,12.81,12.207,12.744,303857.1
1968,"2022-05-02, 00:00:00",12.744,12.871,12.286,12.433,318498.8
1969,"2022-05-02, 04:00:00",12.433,12.799,12.377,12.756,194345.7
1970,"2022-05-02, 08:00:00",12.758,13.024,12.739,12.831,241802.2
1971,"2022-05-02, 12:00:00",12.832,13.131,12.741,12.988,164381.4
1972,"2022-05-02, 16:00:00",12.989,12.991,12.33,12.431,461995.2
1973,"2022-05-02, 20:00:00",12.43,12.81,12.406,12.689,400213.1
1974,"2022-05-03, 00:00:00",12.689,12.8,12.209,12.689,389673.7
1975,"2022-05-03, 04:00:00",12.69,12.912,12.47,12.847,258630.1
1976,"2022-05-03, 08:00:00",12.846,13.079,12.738,12.991,282192.8
1977,"2022-05-03, 12:00:00",12.993,13.12,12.922,13.109,197354.4
1978,"2022-05-03, 16:00:00",13.108,13.22,12.665,12.885,220621.6
1979,"2022-05-03, 20:00:00",12.886,13.012,12.669,12.953,195365.7
1980,"2022-05-04, 00:00:00",12.954,13.119,12.581,12.589,483466.1
1981,"2022-05-04, 04:00:00",12.593,12.963,12.544,12.828,249200.5
1982,"2022-05-04, 08:00:00",12.829,13.004,12.569,12.95,242841.5
1983,"2022-05-04, 12:00:00",12.956,13.293,12.886,13.263,277403.9
1984,"2022-05-04, 16:00:00",13.264,14.047,13.246,13.9,721962.9
1985,"2022-05-04, 20:00:00",13.906,13.957,13.271,13.375,789660.1
1986,"2022-05-05, 00:00:00",13.375,14.178,13.257,14.147,597008.3
1987,"2022-05-05, 04:00:00",14.143,14.653,14.122,14.528,432743.3
1988,"2022-05-05, 08:00:00",14.529,14.771,14.214,14.254,243628.4
1989,"2022-05-05, 12:00:00",14.254,14.578,14.211,14.475,176114.2
1990,"2022-05-05, 16:00:00",14.474,14.604,14.171,14.449,224981.1
1991,"2022-05-05, 20:00:00",14.449,14.675,13.062,13.206,547386.9
1992,"2022-05-06, 00:00:00",13.201,13.28,12.841,13.188,502400.1
1993,"2022-05-06, 04:00:00",13.18,13.518,13.101,13.507,245490.5
1994,"2022-05-06, 08:00:00",13.507,13.705,13.16,13.557,257632.9
1995,"2022-05-06, 12:00:00",13.558,13.62,13.027,13.355,318121.3
1996,"2022-05-06, 16:00:00",13.358,13.673,12.881,13.152,430874.5
1997,"2022-05-06, 20:00:00",13.152,13.941,13.002,13.582,813093.0
1998,"2022-05-07, 00:00:00",13.58,13.836,13.149,13.295,487747.1
1999,"2022-05-07, 04:00:00",13.298,13.714,13.127,13.557,306031.6
2000,"2022-05-07, 08:00:00",13.558,13.753,13.188,13.349,330345.9
2001,"2022-05-07, 12:00:00",13.349,13.449,12.968,13.246,314872.0
2002,"2022-05-07, 16:00:00",13.24,13.807,13.229,13.681,388981.1
2003,"2022-05-07, 20:00:00",13.683,13.836,13.236,13.412,466778.7
2004,"2022-05-08, 00:00:00",13.413,13.661,13.24,13.313,321811.5
2005,"2022-05-08, 04:00:00",13.312,13.456,12.537,12.989,423884.3
2006,"2022-05-08, 08:00:00",12.995,13.213,12.455,12.751,334820.5
2007,"2022-05-08, 12:00:00",12.753,13.099,12.708,12.749,300507.1
2008,"2022-05-08, 16:00:00",12.748,12.894,12.527,12.871,308039.3
2009,"2022-05-08, 20:00:00",12.872,12.909,12.368,12.609,390044.1
2010,"2022-05-09, 00:00:00",12.603,12.868,12.342,12.718,377015.4
2011,"2022-05-09, 04:00:00",12.713,12.744,12.32,12.394,191476.2
2012,"2022-05-09, 08:00:00",12.4,12.637,11.854,12.173,285378.3
2013,"2022-05-09, 12:00:00",12.174,12.401,12.033,12.221,264595.2
2014,"2022-05-09, 16:00:00",12.221,12.367,11.466,11.998,416093.9
2015,"2022-05-09, 20:00:00",11.998,12.352,11.661,11.778,507220.3
2016,"2022-05-10, 00:00:00",11.777,11.801,10.451,10.838,900688.0
2017,"2022-05-10, 04:00:00",10.84,11.399,10.104,10.281,574314.5
2018,"2022-05-10, 08:00:00",10.279,11.066,9.997,10.642,772760.2
2019,"2022-05-10, 12:00:00",10.644,11.843,10.579,11.169,724996.9
2020,"2022-05-10, 16:00:00",11.159,11.492,10.864,11.255,594403.3
2021,"2022-05-10, 20:00:00",11.253,12.16,11.032,11.318,1326040.0
2022,"2022-05-11, 00:00:00",11.316,11.913,11.02,11.208,899689.4
2023,"2022-05-11, 04:00:00",11.211,11.332,10.511,11.222,694430.9
2024,"2022-05-11, 08:00:00",11.216,11.537,10.685,10.964,430530.3
2025,"2022-05-11, 12:00:00",10.957,11.365,10.017,10.527,826388.4
2026,"2022-05-11, 16:00:00",10.522,11.49,10.337,10.84,1326854.0
2027,"2022-05-11, 20:00:00",10.844,11.412,9.22,10.581,2042577.6
2028,"2022-05-12, 00:00:00",10.585,10.725,9.657,9.804,1002095.5
2029,"2022-05-12, 04:00:00",9.8,10.127,9.036,9.941,863336.4
2030,"2022-05-12, 08:00:00",9.949,10.473,9.17,9.188,1048788.5
2031,"2022-05-12, 12:00:00",9.184,9.38,8.24,8.646,1660476.0
2032,"2022-05-12, 16:00:00",8.649,8.863,8.083,8.485,1085652.1
2033,"2022-05-12, 20:00:00",8.484,9.043,8.143,8.687,880006.4
2034,"2022-05-13, 00:00:00",8.681,9.19,8.307,8.521,643905.1
2035,"2022-05-13, 04:00:00",8.517,8.61,8.165,8.514,321422.5
2036,"2022-05-13, 08:00:00",8.512,9.597,8.446,9.488,500286.1
2037,"2022-05-13, 12:00:00",9.488,9.659,8.9,8.9,680716.4
2038,"2022-05-13, 16:00:00",8.9,9.377,8.85,9.33,435929.1
2039,"2022-05-13, 20:00:00",9.328,9.604,9.008,9.286,669453.8
2040,"2022-05-14, 00:00:00",9.285,9.411,8.957,9.116,377281.0
2041,"2022-05-14, 04:00:00",9.118,9.225,8.747,8.939,203237.4
2042,"2022-05-14, 08:00:00",8.933,9.408,8.794,9.183,286470.5
2043,"2022-05-14, 12:00:00",9.181,9.239,8.93,8.959,192344.1
2044,"2022-05-14, 16:00:00",8.963,9.025,8.582,8.712,325089.2
2045,"2022-05-14, 20:00:00",8.706,8.781,8.382,8.564,481342.2
2046,"2022-05-15, 00:00:00",8.562,9.296,8.558,9.154,626780.4
2047,"2022-05-15, 04:00:00",9.155,9.547,9.086,9.368,258110.5
2048,"2022-05-15, 08:00:00",9.365,9.47,9.244,9.277,266391.2
2049,"2022-05-15, 12:00:00",9.276,9.585,9.104,9.453,210868.9
2050,"2022-05-15, 16:00:00",9.45,9.786,9.364,9.655,216861.0
2051,"2022-05-15, 20:00:00",9.655,9.719,9.212,9.269,229143.9
2052,"2022-05-16, 00:00:00",9.27,9.418,9.194,9.313,257023.9
2053,"2022-05-16, 04:00:00",9.312,9.826,9.301,9.816,191826.5
2054,"2022-05-16, 08:00:00",9.811,9.817,9.252,9.282,180009.7
2055,"2022-05-16, 12:00:00",9.284,9.301,8.767,8.855,308349.8
2056,"2022-05-16, 16:00:00",8.856,9.268,8.85,9.024,297776.1
2057,"2022-05-16, 20:00:00",9.023,9.082,8.596,8.736,332265.8
2058,"2022-05-17, 00:00:00",8.739,8.859,8.55,8.694,231039.7
2059,"2022-05-17, 04:00:00",8.692,9.082,8.534,8.576,427687.5
2060,"2022-05-17, 08:00:00",8.58,8.946,8.548,8.89,345273.1
2061,"2022-05-17, 12:00:00",8.888,9.043,8.668,8.702,288422.3
2062,"2022-05-17, 16:00:00",8.701,8.82,8.642,8.676,456093.2
2063,"2022-05-17, 20:00:00",8.674,8.988,8.5,8.561,803999.3
2064,"2022-05-18, 00:00:00",8.563,8.785,8.388,8.549,827120.4
2065,"2022-05-18, 04:00:00",8.55,8.838,8.503,8.722,479394.5
2066,"2022-05-18, 08:00:00",8.719,8.871,8.461,8.499,397336.9
2067,"2022-05-18, 12:00:00",8.501,8.763,8.458,8.586,284698.2
2068,"2022-05-18, 16:00:00",8.587,8.598,8.297,8.403,375441.8
2069,"2022-05-18, 20:00:00",8.407,8.585,7.853,8.077,1324206.7
2070,"2022-05-19, 00:00:00",8.078,8.341,8.019,8.287,574758.3
2071,"2022-05-19, 04:00:00",8.287,8.289,7.87,7.916,606853.0
2072,"2022-05-19, 08:00:00",7.916,8.033,7.574,7.881,804155.1
2073,"2022-05-19, 12:00:00",7.881,7.972,7.614,7.787,550157.2
2074,"2022-05-19, 16:00:00",7.782,7.918,7.505,7.867,532083.9
2075,"2022-05-19, 20:00:00",7.863,8.256,7.771,8.201,536842.0
2076,"2022-05-20, 00:00:00",8.205,8.284,7.88,7.884,618695.3
2077,"2022-05-20, 04:00:00",7.883,8.092,7.795,8.015,451727.3
2078,"2022-05-20, 08:00:00",8.015,8.204,7.923,7.981,340978.1
2079,"2022-05-20, 12:00:00",7.98,8.041,7.818,7.876,375440.4
2080,"2022-05-20, 16:00:00",7.873,8.075,7.831,8.021,342579.4
2081,"2022-05-20, 20:00:00",8.018,8.043,7.587,7.633,652121.4
2082,"2022-05-21, 00:00:00",7.631,7.641,7.361,7.542,561916.2
2083,"2022-05-21, 04:00:00",7.544,7.707,7.435,7.681,504853.1
2084,"2022-05-21, 08:00:00",7.68,7.79,7.543,7.667,518446.8
2085,"2022-05-21, 12:00:00",7.672,7.686,7.483,7.605,365119.1
2086,"2022-05-21, 16:00:00",7.606,7.666,7.567,7.647,263554.3
2087,"2022-05-21, 20:00:00",7.648,7.781,7.466,7.762,396178.8
2088,"2022-05-22, 00:00:00",7.758,7.849,7.662,7.726,294883.0
2089,"2022-05-22, 04:00:00",7.727,7.738,7.503,7.626,256708.6
2090,"2022-05-22, 08:00:00",7.625,7.679,7.521,7.56,254930.3
2091,"2022-05-22, 12:00:00",7.557,7.856,7.441,7.809,710735.4
2092,"2022-05-22, 16:00:00",7.808,8.115,7.78,7.922,724380.4
2093,"2022-05-22, 20:00:00",7.927,8.059,7.801,7.829,355474.5
2094,"2022-05-23, 00:00:00",7.83,7.934,7.679,7.711,419825.2
2095,"2022-05-23, 04:00:00",7.711,8.058,7.707,8.0,269425.4
2096,"2022-05-23, 08:00:00",7.998,8.123,7.746,7.813,327906.6
2097,"2022-05-23, 12:00:00",7.811,8.252,7.802,8.186,406229.7
2098,"2022-05-23, 16:00:00",8.187,8.249,7.998,8.113,353120.5
2099,"2022-05-23, 20:00:00",8.117,8.22,7.868,8.189,491237.4
2100,"2022-05-24, 00:00:00",8.193,8.276,7.569,7.582,634891.1
2101,"2022-05-24, 04:00:00",7.584,7.725,7.319,7.422,518376.8
2102,"2022-05-24, 08:00:00",7.421,7.634,7.374,7.621,299349.6
2103,"2022-05-24, 12:00:00",7.622,7.765,7.551,7.724,381012.4
2104,"2022-05-24, 16:00:00",7.726,7.728,7.492,7.572,367105.6
2105,"2022-05-24, 20:00:00",7.572,7.59,7.052,7.427,719029.5
2106,"2022-05-25, 00:00:00",7.425,7.538,7.24,7.445,416455.7
2107,"2022-05-25, 04:00:00",7.446,7.64,7.426,7.567,248054.0
2108,"2022-05-25, 08:00:00",7.567,7.822,7.447,7.822,406161.1
2109,"2022-05-25, 12:00:00",7.819,7.822,7.536,7.573,297419.6
2110,"2022-05-25, 16:00:00",7.572,7.613,7.367,7.38,346564.8
2111,"2022-05-25, 20:00:00",7.382,7.671,7.356,7.538,482531.9
2112,"2022-05-26, 00:00:00",7.536,7.557,7.392,7.484,297131.9
2113,"2022-05-26, 04:00:00",7.478,7.619,7.462,7.51,189549.7
2114,"2022-05-26, 08:00:00",7.508,7.628,7.404,7.447,235033.8
2115,"2022-05-26, 12:00:00",7.447,7.504,7.165,7.266,392851.0
2116,"2022-05-26, 16:00:00",7.266,7.273,6.683,6.753,444884.4
2117,"2022-05-26, 20:00:00",6.748,7.052,6.461,6.976,663374.2
2118,"2022-05-27, 00:00:00",6.979,7.136,6.808,6.813,393380.4
2119,"2022-05-27, 04:00:00",6.816,6.948,6.738,6.758,339807.5
2120,"2022-05-27, 08:00:00",6.756,6.815,6.509,6.754,548446.5
2121,"2022-05-27, 12:00:00",6.753,6.79,6.336,6.681,649524.5
2122,"2022-05-27, 16:00:00",6.68,6.835,6.515,6.731,581722.8
2123,"2022-05-27, 20:00:00",6.73,6.94,6.563,6.662,611009.8
2124,"2022-05-28, 00:00:00",6.661,6.696,6.327,6.486,669170.8
2125,"2022-05-28, 04:00:00",6.483,6.61,6.378,6.454,255375.2
2126,"2022-05-28, 08:00:00",6.457,6.72,6.316,6.665,518264.3
2127,"2022-05-28, 12:00:00",6.664,6.842,6.609,6.622,391063.8
2128,"2022-05-28, 16:00:00",6.624,6.774,6.521,6.709,662147.6
2129,"2022-05-28, 20:00:00",6.709,6.865,6.62,6.832,603257.5
2130,"2022-05-29, 00:00:00",6.831,6.832,6.657,6.796,329412.5
2131,"2022-05-29, 04:00:00",6.793,6.815,6.646,6.724,430708.6
2132,"2022-05-29, 08:00:00",6.723,6.823,6.492,6.589,648203.6
2133,"2022-05-29, 12:00:00",6.592,6.7,6.536,6.694,305810.6
2134,"2022-05-29, 16:00:00",6.694,6.797,6.593,6.78,489408.0
2135,"2022-05-29, 20:00:00",6.782,6.893,6.703,6.743,571932.9
2136,"2022-05-30, 00:00:00",6.746,6.866,6.742,6.855,358263.4
2137,"2022-05-30, 04:00:00",6.846,6.932,6.813,6.886,325910.6
2138,"2022-05-30, 08:00:00",6.886,7.353,6.829,7.334,611958.0
2139,"2022-05-30, 12:00:00",7.333,7.679,7.245,7.545,1054504.9
2140,"2022-05-30, 16:00:00",7.545,7.598,7.245,7.286,621895.9
2141,"2022-05-30, 20:00:00",7.286,7.39,7.157,7.287,475334.5
2142,"2022-05-31, 00:00:00",7.29,7.539,7.261,7.514,566083.5
2143,"2022-05-31, 04:00:00",7.518,7.885,7.484,7.619,584991.9
2144,"2022-05-31, 08:00:00",7.62,7.99,7.5,7.875,676900.3
2145,"2022-05-31, 12:00:00",7.877,7.877,7.473,7.575,517618.5
2146,"2022-05-31, 16:00:00",7.576,7.935,7.484,7.874,479195.8
2147,"2022-05-31, 20:00:00",7.872,7.922,7.185,7.451,1332280.9
2148,"2022-06-01, 00:00:00",7.452,7.574,7.238,7.382,632755.6
2149,"2022-06-01, 04:00:00",7.383,7.547,7.374,7.463,289845.9
2150,"2022-06-01, 08:00:00",7.461,7.611,7.251,7.351,480042.5
2151,"2022-06-01, 12:00:00",7.349,7.526,7.226,7.398,361843.8
2152,"2022-06-01, 16:00:00",7.397,7.63,7.336,7.431,365363.9
2153,"2022-06-01, 20:00:00",7.43,7.622,7.025,7.042,668072.3
2154,"2022-06-02, 00:00:00",7.041,7.075,6.753,6.819,550300.4
2155,"2022-06-02, 04:00:00",6.819,6.826,6.503,6.744,508657.8
2156,"2022-06-02, 08:00:00",6.745,6.803,6.578,6.688,471821.7
2157,"2022-06-02, 12:00:00",6.69,6.882,6.611,6.849,317031.4
2158,"2022-06-02, 16:00:00",6.852,7.016,6.817,7.004,414630.1
2159,"2022-06-02, 20:00:00",7.004,7.012,6.721,6.877,449399.9
2160,"2022-06-03, 00:00:00",6.878,6.981,6.833,6.939,431632.1
2161,"2022-06-03, 04:00:00",6.939,7.072,6.924,6.998,200238.0
2162,"2022-06-03, 08:00:00",6.998,7.057,6.916,6.944,225225.4
2163,"2022-06-03, 12:00:00",6.945,7.004,6.825,6.864,184036.6
2164,"2022-06-03, 16:00:00",6.863,6.893,6.531,6.651,371834.0
2165,"2022-06-03, 20:00:00",6.654,6.733,6.569,6.614,364326.5
2166,"2022-06-04, 00:00:00",6.615,6.742,6.59,6.622,257850.6
2167,"2022-06-04, 04:00:00",6.622,6.821,6.6,6.705,236047.4
2168,"2022-06-04, 08:00:00",6.706,6.779,6.464,6.558,300888.7
2169,"2022-06-04, 12:00:00",6.559,6.707,6.544,6.698,182056.8
2170,"2022-06-04, 16:00:00",6.695,6.809,6.654,6.68,218707.8
2171,"2022-06-04, 20:00:00",6.68,6.804,6.592,6.729,276720.3
2172,"2022-06-05, 00:00:00",6.73,6.761,6.658,6.678,246329.5
2173,"2022-06-05, 04:00:00",6.676,6.843,6.664,6.724,332782.7
2174,"2022-06-05, 08:00:00",6.725,6.773,6.6,6.647,211490.0
2175,"2022-06-05, 12:00:00",6.646,6.744,6.592,6.699,163342.9
2176,"2022-06-05, 16:00:00",6.698,6.748,6.572,6.641,239272.7
2177,"2022-06-05, 20:00:00",6.641,6.775,6.63,6.77,184970.0
2178,"2022-06-06, 00:00:00",6.772,7.549,6.701,7.465,3727485.9
2179,"2022-06-06, 04:00:00",7.465,7.82,7.4,7.433,6222318.7
2180,"2022-06-06, 08:00:00",7.432,7.725,7.407,7.683,2490322.3
2181,"2022-06-06, 12:00:00",7.68,7.9,7.496,7.669,2581419.0
2182,"2022-06-06, 16:00:00",7.669,7.943,7.575,7.6,2045431.3
2183,"2022-06-06, 20:00:00",7.602,7.726,7.456,7.675,1370367.9
2184,"2022-06-07, 00:00:00",7.675,7.69,7.442,7.555,1162735.9
2185,"2022-06-07, 04:00:00",7.553,7.688,7.503,7.594,624601.1
2186,"2022-06-07, 08:00:00",7.594,7.599,6.946,7.026,1346824.5
2187,"2022-06-07, 12:00:00",7.027,7.065,6.832,6.871,701909.9
2188,"2022-06-07, 16:00:00",6.871,6.972,6.825,6.885,589430.9
2189,"2022-06-07, 20:00:00",6.89,7.036,6.848,6.958,491814.1
2190,"2022-06-08, 00:00:00",6.958,7.279,6.901,7.183,683423.9
